# avg	std	min	max
0.27892 0.00000 0.27892 0.27892
0.00000 0.00000 0.00000 0.00000
-0.45321 0.00000 -0.45321 -0.45321
-0.82528 0.00000 -0.82528 -0.82528
-0.76288 0.00000 -0.76288 -0.76288
0.09149 0.00000 0.09149 0.09149
-0.73813 0.00000 -0.73813 -0.73813
0.15980 0.00000 0.15980 0.15980
3.09125 0.00000 3.09125 3.09125
-0.71511 0.00000 -0.71511 -0.71511
-0.78824 0.00000 -0.78824 -0.78824
0.79259 0.00000 0.79259 0.79259
-0.70357 0.00000 -0.70357 -0.70357
-0.55298 0.00000 -0.55298 -0.55298
-1.08736 0.00000 -1.08736 -1.08736
1.45662 0.00000 1.45662 1.45662
-0.20929 0.00000 -0.20929 -0.20929
-0.91975 0.00000 -0.91975 -0.91975
-1.34672 0.00000 -1.34672 -1.34672
1.17507 0.00000 1.17507 1.17507
0.07713 0.00000 0.07713 0.07713
-0.96375 0.00000 -0.96375 -0.96375
0.03811 0.00000 0.03811 0.03811
