# avg	std	min	max
1.73572 0.00000 1.73572 1.73572
0.00000 0.00000 0.00000 0.00000
2.14738 0.00000 2.14738 2.14738
1.36909 0.00000 1.36909 1.36909
1.60636 0.00000 1.60636 1.60636
1.14906 0.00000 1.14906 1.14906
20.39986 0.00000 20.39986 20.39986
18.16914 0.00000 18.16914 18.16914
3.28969 0.00000 3.28969 3.28969
1.45534 0.00000 1.45534 1.45534
1.61763 0.00000 1.61763 1.61763
2.19534 0.00000 2.19534 2.19534
27.70954 0.00000 27.70954 27.70954
2.51627 0.00000 2.51627 2.51627
2.77864 0.00000 2.77864 2.77864
5.31849 0.00000 5.31849 5.31849
6.04060 0.00000 6.04060 6.04060
2.43981 0.00000 2.43981 2.43981
1.51781 0.00000 1.51781 1.51781
14.27772 0.00000 14.27772 14.27772
11.85696 0.00000 11.85696 11.85696
43.30696 0.00000 43.30696 43.30696
11.57622 0.00000 11.57622 11.57622
