# avg	std	min	max
1.71097 0.00000 1.71097 1.71097
0.00000 0.00000 0.00000 0.00000
1.69076 0.00000 1.69076 1.69076
3.54712 0.00000 3.54712 3.54712
5.16052 0.00000 5.16052 5.16052
1.90996 0.00000 1.90996 1.90996
9.19248 0.00000 9.19248 9.19248
12.66480 0.00000 12.66480 12.66480
2.60271 0.00000 2.60271 2.60271
1.20806 0.00000 1.20806 1.20806
1.37186 0.00000 1.37186 1.37186
0.09382 0.00000 0.09382 0.09382
10.33831 0.00000 10.33831 10.33831
1.68283 0.00000 1.68283 1.68283
4.40802 0.00000 4.40802 4.40802
4.21473 0.00000 4.21473 4.21473
6.08570 0.00000 6.08570 6.08570
4.48264 0.00000 4.48264 4.48264
3.84450 0.00000 3.84450 3.84450
6.85461 0.00000 6.85461 6.85461
12.25982 0.00000 12.25982 12.25982
14.35104 0.00000 14.35104 14.35104
10.48801 0.00000 10.48801 10.48801
