# avg	std	min	max
1.73995 0.00000 1.73995 1.73995
0.00000 0.00000 0.00000 0.00000
0.30699 0.00000 0.30699 0.30699
3.21301 0.00000 3.21301 3.21301
1.09538 0.00000 1.09538 1.09538
4.48767 0.00000 4.48767 4.48767
13.47882 0.00000 13.47882 13.47882
20.65306 0.00000 20.65306 20.65306
5.78926 0.00000 5.78926 5.78926
2.04872 0.00000 2.04872 2.04872
1.53445 0.00000 1.53445 1.53445
0.72131 0.00000 0.72131 0.72131
17.35512 0.00000 17.35512 17.35512
5.09052 0.00000 5.09052 5.09052
6.49752 0.00000 6.49752 6.49752
4.14984 0.00000 4.14984 4.14984
5.39303 0.00000 5.39303 5.39303
10.43217 0.00000 10.43217 10.43217
11.14144 0.00000 11.14144 11.14144
18.54698 0.00000 18.54698 18.54698
11.18308 0.00000 11.18308 11.18308
28.55028 0.00000 28.55028 28.55028
13.30086 0.00000 13.30086 13.30086
