# avg	std	min	max
0.42846 0.00000 0.42846 0.42846
0.00000 0.00000 0.00000 0.00000
0.53155 0.00000 0.53155 0.53155
0.11260 0.00000 0.11260 0.11260
0.12363 0.00000 0.12363 0.12363
-0.57549 0.00000 -0.57549 -0.57549
0.34263 0.00000 0.34263 0.34263
0.15479 0.00000 0.15479 0.15479
-1.09933 0.00000 -1.09933 -1.09933
-0.05353 0.00000 -0.05353 -0.05353
0.30279 0.00000 0.30279 0.30279
0.39950 0.00000 0.39950 0.39950
0.35374 0.00000 0.35374 0.35374
0.06060 0.00000 0.06060 0.06060
-0.19517 0.00000 -0.19517 -0.19517
-0.33323 0.00000 -0.33323 -0.33323
-0.27715 0.00000 -0.27715 -0.27715
0.08509 0.00000 0.08509 0.08509
-0.26666 0.00000 -0.26666 -0.26666
0.19236 0.00000 0.19236 0.19236
1.18004 0.00000 1.18004 1.18004
0.56065 0.00000 0.56065 0.56065
1.27869 0.00000 1.27869 1.27869
