# avg	std	min	max
0.74685 0.00000 0.74685 0.74685
-0.00000 0.00000 -0.00000 -0.00000
2.48865 0.00000 2.48865 2.48865
2.08021 0.00000 2.08021 2.08021
2.36893 0.00000 2.36893 2.36893
0.12884 0.00000 0.12884 0.12884
1.36013 0.00000 1.36013 1.36013
1.73330 0.00000 1.73330 1.73330
3.03670 0.00000 3.03670 3.03670
0.84424 0.00000 0.84424 0.84424
2.16081 0.00000 2.16081 2.16081
0.56861 0.00000 0.56861 0.56861
1.65139 0.00000 1.65139 1.65139
0.90393 0.00000 0.90393 0.90393
0.72568 0.00000 0.72568 0.72568
0.97107 0.00000 0.97107 0.97107
0.86737 0.00000 0.86737 0.86737
0.55693 0.00000 0.55693 0.55693
0.72789 0.00000 0.72789 0.72789
1.64219 0.00000 1.64219 1.64219
1.69687 0.00000 1.69687 1.69687
0.83259 0.00000 0.83259 0.83259
3.95934 0.00000 3.95934 3.95934
