# avg	std	min	max
0.78014 0.00000 0.78014 0.78014
0.00000 0.00000 0.00000 0.00000
1.15653 0.00000 1.15653 1.15653
-0.55419 0.00000 -0.55419 -0.55419
2.08202 0.00000 2.08202 2.08202
-0.62970 0.00000 -0.62970 -0.62970
-0.09601 0.00000 -0.09601 -0.09601
0.28830 0.00000 0.28830 0.28830
2.50370 0.00000 2.50370 2.50370
0.78079 0.00000 0.78079 0.78079
1.19916 0.00000 1.19916 1.19916
0.25599 0.00000 0.25599 0.25599
-0.32551 0.00000 -0.32551 -0.32551
0.49406 0.00000 0.49406 0.49406
0.12144 0.00000 0.12144 0.12144
1.55427 0.00000 1.55427 1.55427
0.56222 0.00000 0.56222 0.56222
-0.29163 0.00000 -0.29163 -0.29163
0.10020 0.00000 0.10020 0.10020
1.67467 0.00000 1.67467 1.67467
1.58815 0.00000 1.58815 1.58815
-0.82991 0.00000 -0.82991 -0.82991
4.33542 0.00000 4.33542 4.33542
