# avg	std	min	max
1.52879 0.00000 1.52879 1.52879
-0.00000 0.00000 -0.00000 -0.00000
1.15317 0.00000 1.15317 1.15317
-3.29531 0.00000 -3.29531 -3.29531
0.23053 0.00000 0.23053 0.23053
-2.14989 0.00000 -2.14989 -2.14989
1.01459 0.00000 1.01459 1.01459
8.49065 0.00000 8.49065 8.49065
3.91565 0.00000 3.91565 3.91565
-0.01885 0.00000 -0.01885 -0.01885
0.97693 0.00000 0.97693 0.97693
-0.49551 0.00000 -0.49551 -0.49551
8.87925 0.00000 8.87925 8.87925
1.28161 0.00000 1.28161 1.28161
1.36896 0.00000 1.36896 1.36896
2.29186 0.00000 2.29186 2.29186
2.14912 0.00000 2.14912 2.14912
2.52642 0.00000 2.52642 2.52642
3.74381 0.00000 3.74381 3.74381
5.62438 0.00000 5.62438 5.62438
8.51411 0.00000 8.51411 8.51411
21.01204 0.00000 21.01204 21.01204
9.58737 0.00000 9.58737 9.58737
