# avg	std	min	max
1.97980 0.00000 1.97980 1.97980
0.00000 0.00000 0.00000 0.00000
2.24294 0.00000 2.24294 2.24294
0.29730 0.00000 0.29730 0.29730
3.20922 0.00000 3.20922 3.20922
1.38566 0.00000 1.38566 1.38566
25.14482 0.00000 25.14482 25.14482
38.53194 0.00000 38.53194 38.53194
8.55393 0.00000 8.55393 8.55393
1.63099 0.00000 1.63099 1.63099
1.62282 0.00000 1.62282 1.62282
0.43446 0.00000 0.43446 0.43446
32.97466 0.00000 32.97466 32.97466
3.24886 0.00000 3.24886 3.24886
6.18029 0.00000 6.18029 6.18029
3.70468 0.00000 3.70468 3.70468
7.19705 0.00000 7.19705 7.19705
7.47895 0.00000 7.47895 7.47895
9.38379 0.00000 9.38379 9.38379
16.31280 0.00000 16.31280 16.31280
13.21202 0.00000 13.21202 13.21202
26.60834 0.00000 26.60834 26.60834
15.66530 0.00000 15.66530 15.66530
