# avg	std	min	max
0.19339 0.00000 0.19339 0.19339
0.00000 0.00000 0.00000 0.00000
0.41939 0.00000 0.41939 0.41939
0.23718 0.00000 0.23718 0.23718
0.19321 0.00000 0.19321 0.19321
-0.10978 0.00000 -0.10978 -0.10978
-0.11500 0.00000 -0.11500 -0.11500
-0.29523 0.00000 -0.29523 -0.29523
2.23865 0.00000 2.23865 2.23865
-0.66005 0.00000 -0.66005 -0.66005
-0.28611 0.00000 -0.28611 -0.28611
0.05120 0.00000 0.05120 0.05120
-0.08831 0.00000 -0.08831 -0.08831
0.43324 0.00000 0.43324 0.43324
0.19954 0.00000 0.19954 0.19954
0.34902 0.00000 0.34902 0.34902
0.20870 0.00000 0.20870 0.20870
0.09603 0.00000 0.09603 0.09603
0.10404 0.00000 0.10404 0.10404
0.39371 0.00000 0.39371 0.39371
0.28914 0.00000 0.28914 0.28914
-0.51218 0.00000 -0.51218 -0.51218
0.97210 0.00000 0.97210 0.97210
