# avg	std	min	max
0.55625 0.00000 0.55625 0.55625
0.00000 0.00000 0.00000 0.00000
0.20300 0.00000 0.20300 0.20300
-0.89399 0.00000 -0.89399 -0.89399
-0.39446 0.00000 -0.39446 -0.39446
-0.93770 0.00000 -0.93770 -0.93770
-0.71070 0.00000 -0.71070 -0.71070
-0.93690 0.00000 -0.93690 -0.93690
-1.18547 0.00000 -1.18547 -1.18547
0.36401 0.00000 0.36401 0.36401
0.27810 0.00000 0.27810 0.27810
0.23657 0.00000 0.23657 0.23657
-0.53764 0.00000 -0.53764 -0.53764
0.19158 0.00000 0.19158 0.19158
-0.00029 0.00000 -0.00029 -0.00029
0.24504 0.00000 0.24504 0.24504
-0.45474 0.00000 -0.45474 -0.45474
-0.36762 0.00000 -0.36762 -0.36762
-0.37834 0.00000 -0.37834 -0.37834
0.25477 0.00000 0.25477 0.25477
0.17003 0.00000 0.17003 0.17003
-0.67637 0.00000 -0.67637 -0.67637
0.38529 0.00000 0.38529 0.38529
