# avg	std	min	max
0.81614 0.00000 0.81614 0.81614
0.00000 0.00000 0.00000 0.00000
-0.21232 0.00000 -0.21232 -0.21232
-0.71056 0.00000 -0.71056 -0.71056
-0.72220 0.00000 -0.72220 -0.72220
-0.70191 0.00000 -0.70191 -0.70191
0.47210 0.00000 0.47210 0.47210
1.20521 0.00000 1.20521 1.20521
-1.35480 0.00000 -1.35480 -1.35480
0.32852 0.00000 0.32852 0.32852
-0.19139 0.00000 -0.19139 -0.19139
0.59304 0.00000 0.59304 0.59304
0.58077 0.00000 0.58077 0.58077
0.14168 0.00000 0.14168 0.14168
-0.46366 0.00000 -0.46366 -0.46366
0.85657 0.00000 0.85657 0.85657
0.26701 0.00000 0.26701 0.26701
-0.22957 0.00000 -0.22957 -0.22957
-0.51549 0.00000 -0.51549 -0.51549
0.93975 0.00000 0.93975 0.93975
0.78685 0.00000 0.78685 0.78685
1.97916 0.00000 1.97916 1.97916
0.66012 0.00000 0.66012 0.66012
