# avg	std	min	max
1.71241 0.00000 1.71241 1.71241
0.00000 0.00000 0.00000 0.00000
-0.17827 0.00000 -0.17827 -0.17827
-1.52508 0.00000 -1.52508 -1.52508
0.35673 0.00000 0.35673 0.35673
-0.52155 0.00000 -0.52155 -0.52155
9.37135 0.00000 9.37135 9.37135
14.87094 0.00000 14.87094 14.87094
0.93928 0.00000 0.93928 0.93928
1.48137 0.00000 1.48137 1.48137
-0.65357 0.00000 -0.65357 -0.65357
0.11382 0.00000 0.11382 0.11382
10.25466 0.00000 10.25466 10.25466
1.11869 0.00000 1.11869 1.11869
2.29315 0.00000 2.29315 2.29315
3.96723 0.00000 3.96723 3.96723
6.47389 0.00000 6.47389 6.47389
3.23468 0.00000 3.23468 3.23468
8.08236 0.00000 8.08236 8.08236
10.40841 0.00000 10.40841 10.40841
14.70878 0.00000 14.70878 14.70878
14.43112 0.00000 14.43112 14.43112
14.58128 0.00000 14.58128 14.58128
