# avg	std	min	max
-0.01591 0.00000 -0.01591 -0.01591
0.00000 0.00000 0.00000 0.00000
0.32185 0.00000 0.32185 0.32185
-0.61322 0.00000 -0.61322 -0.61322
-0.10520 0.00000 -0.10520 -0.10520
-0.28796 0.00000 -0.28796 -0.28796
-0.98068 0.00000 -0.98068 -0.98068
-1.06613 0.00000 -1.06613 -1.06613
-0.43540 0.00000 -0.43540 -0.43540
0.32244 0.00000 0.32244 0.32244
0.81289 0.00000 0.81289 0.81289
0.06183 0.00000 0.06183 0.06183
-0.64244 0.00000 -0.64244 -0.64244
-0.08211 0.00000 -0.08211 -0.08211
-0.07415 0.00000 -0.07415 -0.07415
0.30020 0.00000 0.30020 0.30020
0.13544 0.00000 0.13544 0.13544
-1.19173 0.00000 -1.19173 -1.19173
-1.11618 0.00000 -1.11618 -1.11618
-1.01498 0.00000 -1.01498 -1.01498
1.00108 0.00000 1.00108 1.00108
-0.49491 0.00000 -0.49491 -0.49491
1.68397 0.00000 1.68397 1.68397
