# avg	std	min	max
0.38477 0.00000 0.38477 0.38477
0.23688 0.00000 0.23688 0.23688
-0.02429 0.00000 -0.02429 -0.02429
-0.86099 0.00000 -0.86099 -0.86099
-0.59183 0.00000 -0.59183 -0.59183
-0.74359 0.00000 -0.74359 -0.74359
-1.44178 0.00000 -1.44178 -1.44178
-1.42040 0.00000 -1.42040 -1.42040
-0.36214 0.00000 -0.36214 -0.36214
0.38392 0.00000 0.38392 0.38392
0.32857 0.00000 0.32857 0.32857
0.04547 0.00000 0.04547 0.04547
-0.88730 0.00000 -0.88730 -0.88730
-0.24054 0.00000 -0.24054 -0.24054
-0.23177 0.00000 -0.23177 -0.23177
1.18280 0.00000 1.18280 1.18280
0.55243 0.00000 0.55243 0.55243
-0.31252 0.00000 -0.31252 -0.31252
-0.12989 0.00000 -0.12989 -0.12989
0.39271 0.00000 0.39271 0.39271
1.26674 0.00000 1.26674 1.26674
-0.88915 0.00000 -0.88915 -0.88915
1.21951 0.00000 1.21951 1.21951
