# avg	std	min	max
-0.57155 0.00000 -0.57155 -0.57155
-0.36065 0.00000 -0.36065 -0.36065
1.00611 0.00000 1.00611 1.00611
-0.05362 0.00000 -0.05362 -0.05362
1.12096 0.00000 1.12096 1.12096
-0.01204 0.00000 -0.01204 -0.01204
-0.21712 0.00000 -0.21712 -0.21712
0.18564 0.00000 0.18564 0.18564
1.44994 0.00000 1.44994 1.44994
-0.54912 0.00000 -0.54912 -0.54912
0.57518 0.00000 0.57518 0.57518
-0.00046 0.00000 -0.00046 -0.00046
-0.14522 0.00000 -0.14522 -0.14522
-0.27911 0.00000 -0.27911 -0.27911
-0.02306 0.00000 -0.02306 -0.02306
-0.43794 0.00000 -0.43794 -0.43794
-0.08411 0.00000 -0.08411 -0.08411
-0.31906 0.00000 -0.31906 -0.31906
-0.34076 0.00000 -0.34076 -0.34076
0.06468 0.00000 0.06468 0.06468
-0.62146 0.00000 -0.62146 -0.62146
-0.20548 0.00000 -0.20548 -0.20548
1.98227 0.00000 1.98227 1.98227
