# avg	std	min	max
-1.20768 0.00000 -1.20768 -1.20768
-1.04281 0.00000 -1.04281 -1.04281
-0.33640 0.00000 -0.33640 -0.33640
0.59903 0.00000 0.59903 0.59903
0.21343 0.00000 0.21343 0.21343
-1.70321 0.00000 -1.70321 -1.70321
-0.08646 0.00000 -0.08646 -0.08646
1.57641 0.00000 1.57641 1.57641
-2.70398 0.00000 -2.70398 -2.70398
-0.21711 0.00000 -0.21711 -0.21711
0.62384 0.00000 0.62384 0.62384
-0.03231 0.00000 -0.03231 -0.03231
0.38941 0.00000 0.38941 0.38941
-1.62895 0.00000 -1.62895 -1.62895
1.22777 0.00000 1.22777 1.22777
-2.74205 0.00000 -2.74205 -2.74205
-1.04325 0.00000 -1.04325 -1.04325
-0.66215 0.00000 -0.66215 -0.66215
-0.07873 0.00000 -0.07873 -0.07873
-0.03514 0.00000 -0.03514 -0.03514
4.68806 0.00000 4.68806 4.68806
-0.21656 0.00000 -0.21656 -0.21656
8.53245 0.00000 8.53245 8.53245
