# avg	std	min	max
1.25515 0.00000 1.25515 1.25515
0.27151 0.00000 0.27151 0.27151
0.64832 0.00000 0.64832 0.64832
-1.26165 0.00000 -1.26165 -1.26165
2.55969 0.00000 2.55969 2.55969
0.62669 0.00000 0.62669 0.62669
8.34692 0.00000 8.34692 8.34692
9.04683 0.00000 9.04683 9.04683
-1.79569 0.00000 -1.79569 -1.79569
1.87164 0.00000 1.87164 1.87164
0.73576 0.00000 0.73576 0.73576
0.00020 0.00000 0.00020 0.00020
11.25651 0.00000 11.25651 11.25651
0.97483 0.00000 0.97483 0.97483
2.01846 0.00000 2.01846 2.01846
2.60265 0.00000 2.60265 2.60265
3.54236 0.00000 3.54236 3.54236
4.38551 0.00000 4.38551 4.38551
3.02046 0.00000 3.02046 3.02046
6.40446 0.00000 6.40446 6.40446
9.12470 0.00000 9.12470 9.12470
12.54272 0.00000 12.54272 12.54272
10.05584 0.00000 10.05584 10.05584
