# avg	std	min	max
2.75698 0.00000 2.75698 2.75698
0.80255 0.00000 0.80255 0.80255
0.05683 0.00000 0.05683 0.05683
-0.29861 0.00000 -0.29861 -0.29861
1.83196 0.00000 1.83196 1.83196
1.32600 0.00000 1.32600 1.32600
8.19531 0.00000 8.19531 8.19531
23.04232 0.00000 23.04232 23.04232
6.90393 0.00000 6.90393 6.90393
1.88031 0.00000 1.88031 1.88031
1.40544 0.00000 1.40544 1.40544
-0.00064 0.00000 -0.00064 -0.00064
11.10692 0.00000 11.10692 11.10692
1.81696 0.00000 1.81696 1.81696
4.35153 0.00000 4.35153 4.35153
3.37589 0.00000 3.37589 3.37589
5.61157 0.00000 5.61157 5.61157
6.68094 0.00000 6.68094 6.68094
13.03860 0.00000 13.03860 13.03860
12.43861 0.00000 12.43861 12.43861
13.19865 0.00000 13.19865 13.19865
24.84288 0.00000 24.84288 24.84288
15.74272 0.00000 15.74272 15.74272
