# avg	std	min	max
4.60412 0.00000 4.60412 4.60412
3.08991 0.00000 3.08991 3.08991
6.10518 0.00000 6.10518 6.10518
8.82998 0.00000 8.82998 8.82998
9.04320 0.00000 9.04320 9.04320
7.43361 0.00000 7.43361 7.43361
10.27295 0.00000 10.27295 10.27295
13.73563 0.00000 13.73563 13.73563
7.95019 0.00000 7.95019 7.95019
4.35286 0.00000 4.35286 4.35286
4.79582 0.00000 4.79582 4.79582
3.14288 0.00000 3.14288 3.14288
10.50645 0.00000 10.50645 10.50645
4.71102 0.00000 4.71102 4.71102
9.33566 0.00000 9.33566 9.33566
-0.00195 0.00000 -0.00195 -0.00195
7.30292 0.00000 7.30292 7.30292
9.07831 0.00000 9.07831 9.07831
8.81859 0.00000 8.81859 8.81859
14.55207 0.00000 14.55207 14.55207
11.75914 0.00000 11.75914 11.75914
11.51532 0.00000 11.51532 11.51532
16.40646 0.00000 16.40646 16.40646
