# avg	std	min	max
-0.27369 0.00000 -0.27369 -0.27369
-0.78152 0.00000 -0.78152 -0.78152
-1.07500 0.00000 -1.07500 -1.07500
-1.54462 0.00000 -1.54462 -1.54462
-1.53899 0.00000 -1.53899 -1.53899
-1.85963 0.00000 -1.85963 -1.85963
-1.56009 0.00000 -1.56009 -1.56009
0.48282 0.00000 0.48282 0.48282
-0.13426 0.00000 -0.13426 -0.13426
-0.04278 0.00000 -0.04278 -0.04278
-0.13153 0.00000 -0.13153 -0.13153
-1.03997 0.00000 -1.03997 -1.03997
-1.62647 0.00000 -1.62647 -1.62647
-0.37869 0.00000 -0.37869 -0.37869
-1.10962 0.00000 -1.10962 -1.10962
-0.00419 0.00000 -0.00419 -0.00419
-1.54970 0.00000 -1.54970 -1.54970
-1.97317 0.00000 -1.97317 -1.97317
-1.69460 0.00000 -1.69460 -1.69460
-0.16107 0.00000 -0.16107 -0.16107
-0.44823 0.00000 -0.44823 -0.44823
-1.80081 0.00000 -1.80081 -1.80081
0.80279 0.00000 0.80279 0.80279
