# avg	std	min	max
0.30445 0.00000 0.30445 0.30445
1.22946 0.00000 1.22946 1.22946
1.47236 0.00000 1.47236 1.47236
1.18630 0.00000 1.18630 1.18630
1.19133 0.00000 1.19133 1.19133
0.67471 0.00000 0.67471 0.67471
-0.02499 0.00000 -0.02499 -0.02499
0.43833 0.00000 0.43833 0.43833
3.31968 0.00000 3.31968 3.31968
0.83395 0.00000 0.83395 0.83395
1.15147 0.00000 1.15147 1.15147
1.59429 0.00000 1.59429 1.59429
0.38966 0.00000 0.38966 0.38966
0.54050 0.00000 0.54050 0.54050
0.63071 0.00000 0.63071 0.63071
-0.06808 0.00000 -0.06808 -0.06808
0.87505 0.00000 0.87505 0.87505
0.80613 0.00000 0.80613 0.80613
0.35753 0.00000 0.35753 0.35753
1.06644 0.00000 1.06644 1.06644
0.01977 0.00000 0.01977 0.01977
0.71066 0.00000 0.71066 0.71066
0.74886 0.00000 0.74886 0.74886
