# avg	std	min	max
2.82232 0.00000 2.82232 2.82232
1.06005 0.00000 1.06005 1.06005
2.68081 0.00000 2.68081 2.68081
0.64765 0.00000 0.64765 0.64765
3.80601 0.00000 3.80601 3.80601
1.36190 0.00000 1.36190 1.36190
0.79363 0.00000 0.79363 0.79363
2.16979 0.00000 2.16979 2.16979
7.32185 0.00000 7.32185 7.32185
1.59054 0.00000 1.59054 1.59054
1.72923 0.00000 1.72923 1.72923
1.39320 0.00000 1.39320 1.39320
2.54640 0.00000 2.54640 2.54640
1.11725 0.00000 1.11725 1.11725
3.43258 0.00000 3.43258 3.43258
-0.13428 0.00000 -0.13428 -0.13428
3.15755 0.00000 3.15755 3.15755
4.17554 0.00000 4.17554 4.17554
4.16430 0.00000 4.16430 4.16430
8.08496 0.00000 8.08496 8.08496
6.67797 0.00000 6.67797 6.67797
11.32950 0.00000 11.32950 11.32950
10.66255 0.00000 10.66255 10.66255
