# avg	std	min	max
-0.75825 0.00000 -0.75825 -0.75825
-0.35575 0.00000 -0.35575 -0.35575
-0.57689 0.00000 -0.57689 -0.57689
-0.98075 0.00000 -0.98075 -0.98075
-0.91021 0.00000 -0.91021 -0.91021
-0.63064 0.00000 -0.63064 -0.63064
-1.21658 0.00000 -1.21658 -1.21658
-0.50462 0.00000 -0.50462 -0.50462
-0.68670 0.00000 -0.68670 -0.68670
-0.42625 0.00000 -0.42625 -0.42625
-0.19937 0.00000 -0.19937 -0.19937
-0.56913 0.00000 -0.56913 -0.56913
-1.13137 0.00000 -1.13137 -1.13137
-0.94264 0.00000 -0.94264 -0.94264
-1.35599 0.00000 -1.35599 -1.35599
0.00061 0.00000 0.00061 0.00061
0.17281 0.00000 0.17281 0.17281
-1.04700 0.00000 -1.04700 -1.04700
-2.06680 0.00000 -2.06680 -2.06680
-0.35063 0.00000 -0.35063 -0.35063
0.26624 0.00000 0.26624 0.26624
-0.78805 0.00000 -0.78805 -0.78805
0.70494 0.00000 0.70494 0.70494
