# avg	std	min	max
-1.37641 0.00000 -1.37641 -1.37641
0.31555 0.00000 0.31555 0.31555
2.37926 0.00000 2.37926 2.37926
0.17637 0.00000 0.17637 0.17637
1.84869 0.00000 1.84869 1.84869
-0.59559 0.00000 -0.59559 -0.59559
-0.24141 0.00000 -0.24141 -0.24141
-0.30380 0.00000 -0.30380 -0.30380
1.75105 0.00000 1.75105 1.75105
-1.49033 0.00000 -1.49033 -1.49033
1.04714 0.00000 1.04714 1.04714
0.36661 0.00000 0.36661 0.36661
0.08566 0.00000 0.08566 0.08566
-0.09860 0.00000 -0.09860 -0.09860
0.55988 0.00000 0.55988 0.55988
0.00145 0.00000 0.00145 0.00145
0.49812 0.00000 0.49812 0.49812
-0.84842 0.00000 -0.84842 -0.84842
0.33141 0.00000 0.33141 0.33141
0.71603 0.00000 0.71603 0.71603
0.10308 0.00000 0.10308 0.10308
0.03510 0.00000 0.03510 0.03510
1.72290 0.00000 1.72290 1.72290
