# avg	std	min	max
1.29711 0.00000 1.29711 1.29711
0.98838 0.00000 0.98838 0.98838
0.37763 0.00000 0.37763 0.37763
0.41576 0.00000 0.41576 0.41576
0.41760 0.00000 0.41760 0.41760
-0.01176 0.00000 -0.01176 -0.01176
0.14329 0.00000 0.14329 0.14329
1.00443 0.00000 1.00443 1.00443
2.16979 0.00000 2.16979 2.16979
0.36332 0.00000 0.36332 0.36332
0.26156 0.00000 0.26156 0.26156
0.26113 0.00000 0.26113 0.26113
0.18536 0.00000 0.18536 0.18536
0.00959 0.00000 0.00959 0.00959
0.80588 0.00000 0.80588 0.80588
-0.00052 0.00000 -0.00052 -0.00052
0.09974 0.00000 0.09974 0.09974
0.12188 0.00000 0.12188 0.12188
0.25956 0.00000 0.25956 0.25956
0.28071 0.00000 0.28071 0.28071
0.31754 0.00000 0.31754 0.31754
-0.01097 0.00000 -0.01097 -0.01097
0.48626 0.00000 0.48626 0.48626
