# avg	std	min	max
0.60994 0.00000 0.60994 0.60994
0.64490 0.00000 0.64490 0.64490
2.26031 0.00000 2.26031 2.26031
-0.30695 0.00000 -0.30695 -0.30695
1.68629 0.00000 1.68629 1.68629
-0.51832 0.00000 -0.51832 -0.51832
-0.99210 0.00000 -0.99210 -0.99210
-0.01033 0.00000 -0.01033 -0.01033
5.42342 0.00000 5.42342 5.42342
0.14203 0.00000 0.14203 0.14203
2.26030 0.00000 2.26030 2.26030
0.55625 0.00000 0.55625 0.55625
-0.47095 0.00000 -0.47095 -0.47095
0.91428 0.00000 0.91428 0.91428
0.05576 0.00000 0.05576 0.05576
0.00706 0.00000 0.00706 0.00706
0.25322 0.00000 0.25322 0.25322
0.42166 0.00000 0.42166 0.42166
0.30001 0.00000 0.30001 0.30001
0.33680 0.00000 0.33680 0.33680
0.77097 0.00000 0.77097 0.77097
0.83597 0.00000 0.83597 0.83597
3.36662 0.00000 3.36662 3.36662
