# avg	std	min	max
-2.35809 0.00000 -2.35809 -2.35809
-0.96245 0.00000 -0.96245 -0.96245
1.13675 0.00000 1.13675 1.13675
-1.21287 0.00000 -1.21287 -1.21287
0.75559 0.00000 0.75559 0.75559
-1.37906 0.00000 -1.37906 -1.37906
-1.25730 0.00000 -1.25730 -1.25730
-0.90812 0.00000 -0.90812 -0.90812
0.81154 0.00000 0.81154 0.81154
-0.19072 0.00000 -0.19072 -0.19072
1.36810 0.00000 1.36810 1.36810
-0.64897 0.00000 -0.64897 -0.64897
-1.18417 0.00000 -1.18417 -1.18417
-0.12487 0.00000 -0.12487 -0.12487
-0.48851 0.00000 -0.48851 -0.48851
-0.00428 0.00000 -0.00428 -0.00428
-0.21544 0.00000 -0.21544 -0.21544
-1.05383 0.00000 -1.05383 -1.05383
-0.95786 0.00000 -0.95786 -0.95786
0.23906 0.00000 0.23906 0.23906
1.24671 0.00000 1.24671 1.24671
-0.07275 0.00000 -0.07275 -0.07275
3.05382 0.00000 3.05382 3.05382
