# avg	std	min	max
0.82067 0.00000 0.82067 0.82067
0.72612 0.00000 0.72612 0.72612
0.77445 0.00000 0.77445 0.77445
0.01432 0.00000 0.01432 0.01432
0.29443 0.00000 0.29443 0.29443
-0.50071 0.00000 -0.50071 -0.50071
-0.39479 0.00000 -0.39479 -0.39479
-0.63854 0.00000 -0.63854 -0.63854
-0.00820 0.00000 -0.00820 -0.00820
0.17311 0.00000 0.17311 0.17311
1.31405 0.00000 1.31405 1.31405
-0.47248 0.00000 -0.47248 -0.47248
-0.90302 0.00000 -0.90302 -0.90302
0.95913 0.00000 0.95913 0.95913
-0.44327 0.00000 -0.44327 -0.44327
-0.00881 0.00000 -0.00881 -0.00881
0.57458 0.00000 0.57458 0.57458
0.48773 0.00000 0.48773 0.48773
0.84398 0.00000 0.84398 0.84398
0.84498 0.00000 0.84498 0.84498
0.50308 0.00000 0.50308 0.50308
0.58853 0.00000 0.58853 0.58853
2.51584 0.00000 2.51584 2.51584
