# avg	std	min	max
0.52517 0.00000 0.52517 0.52517
0.44708 0.00000 0.44708 0.44708
0.56735 0.00000 0.56735 0.56735
0.44688 0.00000 0.44688 0.44688
0.50334 0.00000 0.50334 0.50334
0.28598 0.00000 0.28598 0.28598
0.28605 0.00000 0.28605 0.28605
0.34069 0.00000 0.34069 0.34069
-0.15433 0.00000 -0.15433 -0.15433
0.57206 0.00000 0.57206 0.57206
0.54548 0.00000 0.54548 0.54548
0.47235 0.00000 0.47235 0.47235
0.30468 0.00000 0.30468 0.30468
0.45205 0.00000 0.45205 0.45205
0.18402 0.00000 0.18402 0.18402
-0.00449 0.00000 -0.00449 -0.00449
0.11692 0.00000 0.11692 0.11692
-0.24686 0.00000 -0.24686 -0.24686
0.18439 0.00000 0.18439 0.18439
0.53086 0.00000 0.53086 0.53086
0.59908 0.00000 0.59908 0.59908
0.01848 0.00000 0.01848 0.01848
0.73154 0.00000 0.73154 0.73154
