# avg	std	min	max
1.72905 0.00000 1.72905 1.72905
-0.02309 0.00000 -0.02309 -0.02309
0.86376 0.00000 0.86376 0.86376
0.68173 0.00000 0.68173 0.68173
0.70392 0.00000 0.70392 0.70392
-0.02965 0.00000 -0.02965 -0.02965
10.64166 0.00000 10.64166 10.64166
10.17353 0.00000 10.17353 10.17353
4.82985 0.00000 4.82985 4.82985
1.97767 0.00000 1.97767 1.97767
4.05805 0.00000 4.05805 4.05805
0.34973 0.00000 0.34973 0.34973
14.01184 0.00000 14.01184 14.01184
1.81736 0.00000 1.81736 1.81736
3.48334 0.00000 3.48334 3.48334
-0.04610 0.00000 -0.04610 -0.04610
3.68635 0.00000 3.68635 3.68635
2.72160 0.00000 2.72160 2.72160
3.45872 0.00000 3.45872 3.45872
11.73170 0.00000 11.73170 11.73170
10.44634 0.00000 10.44634 10.44634
28.07250 0.00000 28.07250 28.07250
5.78047 0.00000 5.78047 5.78047
