# avg	std	min	max
0.35302 0.00000 0.35302 0.35302
0.08325 0.00000 0.08325 0.08325
-0.74704 0.00000 -0.74704 -0.74704
-1.12681 0.00000 -1.12681 -1.12681
-0.82534 0.00000 -0.82534 -0.82534
-1.01865 0.00000 -1.01865 -1.01865
-1.03660 0.00000 -1.03660 -1.03660
0.48423 0.00000 0.48423 0.48423
-0.85836 0.00000 -0.85836 -0.85836
-0.09808 0.00000 -0.09808 -0.09808
0.48069 0.00000 0.48069 0.48069
-0.48645 0.00000 -0.48645 -0.48645
-0.63505 0.00000 -0.63505 -0.63505
-0.44203 0.00000 -0.44203 -0.44203
-0.75892 0.00000 -0.75892 -0.75892
-0.01252 0.00000 -0.01252 -0.01252
0.49264 0.00000 0.49264 0.49264
-0.96451 0.00000 -0.96451 -0.96451
-0.71736 0.00000 -0.71736 -0.71736
0.15932 0.00000 0.15932 0.15932
1.80912 0.00000 1.80912 1.80912
0.52287 0.00000 0.52287 0.52287
2.13457 0.00000 2.13457 2.13457
