# avg	std	min	max
0.90217 0.00000 0.90217 0.90217
0.23562 0.00000 0.23562 0.23562
0.64915 0.00000 0.64915 0.64915
-0.06779 0.00000 -0.06779 -0.06779
0.14725 0.00000 0.14725 0.14725
-0.06591 0.00000 -0.06591 -0.06591
0.25832 0.00000 0.25832 0.25832
0.32977 0.00000 0.32977 0.32977
0.63095 0.00000 0.63095 0.63095
0.98650 0.00000 0.98650 0.98650
1.15449 0.00000 1.15449 1.15449
0.86470 0.00000 0.86470 0.86470
0.15666 0.00000 0.15666 0.15666
0.84401 0.00000 0.84401 0.84401
0.23034 0.00000 0.23034 0.23034
-0.00020 0.00000 -0.00020 -0.00020
-0.44380 0.00000 -0.44380 -0.44380
0.38204 0.00000 0.38204 0.38204
0.73206 0.00000 0.73206 0.73206
1.02703 0.00000 1.02703 1.02703
-0.80887 0.00000 -0.80887 -0.80887
-0.30450 0.00000 -0.30450 -0.30450
-0.18794 0.00000 -0.18794 -0.18794
