# avg	std	min	max
0.79337 0.00000 0.79337 0.79337
0.46190 0.00000 0.46190 0.46190
0.21079 0.00000 0.21079 0.21079
-0.21141 0.00000 -0.21141 -0.21141
-0.47482 0.00000 -0.47482 -0.47482
0.06617 0.00000 0.06617 0.06617
-0.60425 0.00000 -0.60425 -0.60425
-0.27675 0.00000 -0.27675 -0.27675
3.18613 0.00000 3.18613 3.18613
0.22642 0.00000 0.22642 0.22642
0.66471 0.00000 0.66471 0.66471
1.02432 0.00000 1.02432 1.02432
-0.53612 0.00000 -0.53612 -0.53612
0.22868 0.00000 0.22868 0.22868
0.50977 0.00000 0.50977 0.50977
0.48976 0.00000 0.48976 0.48976
-0.00398 0.00000 -0.00398 -0.00398
-0.09497 0.00000 -0.09497 -0.09497
0.06549 0.00000 0.06549 0.06549
0.50110 0.00000 0.50110 0.50110
0.41959 0.00000 0.41959 0.41959
-0.88478 0.00000 -0.88478 -0.88478
0.36958 0.00000 0.36958 0.36958
