# avg	std	min	max
1.69623 0.00000 1.69623 1.69623
0.48893 0.00000 0.48893 0.48893
2.21594 0.00000 2.21594 2.21594
-0.75696 0.00000 -0.75696 -0.75696
4.35652 0.00000 4.35652 4.35652
-0.01176 0.00000 -0.01176 -0.01176
-0.18221 0.00000 -0.18221 -0.18221
0.66157 0.00000 0.66157 0.66157
0.18028 0.00000 0.18028 0.18028
0.55903 0.00000 0.55903 0.55903
0.71708 0.00000 0.71708 0.71708
1.00500 0.00000 1.00500 1.00500
0.31416 0.00000 0.31416 0.31416
0.90762 0.00000 0.90762 0.90762
0.28519 0.00000 0.28519 0.28519
1.37592 0.00000 1.37592 1.37592
-0.00202 0.00000 -0.00202 -0.00202
0.24503 0.00000 0.24503 0.24503
0.40970 0.00000 0.40970 0.40970
1.29232 0.00000 1.29232 1.29232
0.95688 0.00000 0.95688 0.95688
-0.21440 0.00000 -0.21440 -0.21440
6.63364 0.00000 6.63364 6.63364
