# avg	std	min	max
1.15665 0.00000 1.15665 1.15665
0.50079 0.00000 0.50079 0.50079
0.27942 0.00000 0.27942 0.27942
-0.11802 0.00000 -0.11802 -0.11802
-0.18947 0.00000 -0.18947 -0.18947
-0.31150 0.00000 -0.31150 -0.31150
-0.41533 0.00000 -0.41533 -0.41533
-0.10881 0.00000 -0.10881 -0.10881
0.82709 0.00000 0.82709 0.82709
0.91403 0.00000 0.91403 0.91403
0.67262 0.00000 0.67262 0.67262
0.80992 0.00000 0.80992 0.80992
-0.34972 0.00000 -0.34972 -0.34972
0.66152 0.00000 0.66152 0.66152
-0.11378 0.00000 -0.11378 -0.11378
0.70420 0.00000 0.70420 0.70420
-0.00000 0.00000 -0.00000 -0.00000
-0.14312 0.00000 -0.14312 -0.14312
-0.14336 0.00000 -0.14336 -0.14336
0.44516 0.00000 0.44516 0.44516
0.92432 0.00000 0.92432 0.92432
-0.57573 0.00000 -0.57573 -0.57573
1.02446 0.00000 1.02446 1.02446
