# avg	std	min	max
0.39101 0.00000 0.39101 0.39101
0.32687 0.00000 0.32687 0.32687
0.60611 0.00000 0.60611 0.60611
-0.05829 0.00000 -0.05829 -0.05829
0.46780 0.00000 0.46780 0.46780
-0.11810 0.00000 -0.11810 -0.11810
-0.25761 0.00000 -0.25761 -0.25761
0.33319 0.00000 0.33319 0.33319
1.04093 0.00000 1.04093 1.04093
0.32327 0.00000 0.32327 0.32327
1.13189 0.00000 1.13189 1.13189
0.51691 0.00000 0.51691 0.51691
-0.03531 0.00000 -0.03531 -0.03531
0.04633 0.00000 0.04633 0.04633
0.18029 0.00000 0.18029 0.18029
-0.22645 0.00000 -0.22645 -0.22645
-0.02118 0.00000 -0.02118 -0.02118
0.13918 0.00000 0.13918 0.13918
0.59773 0.00000 0.59773 0.59773
0.45858 0.00000 0.45858 0.45858
-0.02199 0.00000 -0.02199 -0.02199
-1.21337 0.00000 -1.21337 -1.21337
1.50654 0.00000 1.50654 1.50654
