# avg	std	min	max
2.59368 0.00000 2.59368 2.59368
0.90413 0.00000 0.90413 0.90413
1.05545 0.00000 1.05545 1.05545
-0.55060 0.00000 -0.55060 -0.55060
2.22472 0.00000 2.22472 2.22472
-0.57224 0.00000 -0.57224 -0.57224
-0.66923 0.00000 -0.66923 -0.66923
0.87926 0.00000 0.87926 0.87926
4.80498 0.00000 4.80498 4.80498
2.23983 0.00000 2.23983 2.23983
1.15222 0.00000 1.15222 1.15222
1.49987 0.00000 1.49987 1.49987
-0.32325 0.00000 -0.32325 -0.32325
1.21158 0.00000 1.21158 1.21158
0.24594 0.00000 0.24594 0.24594
0.43963 0.00000 0.43963 0.43963
-0.13376 0.00000 -0.13376 -0.13376
0.46209 0.00000 0.46209 0.46209
1.01049 0.00000 1.01049 1.01049
0.45974 0.00000 0.45974 0.45974
0.97089 0.00000 0.97089 0.97089
-0.11497 0.00000 -0.11497 -0.11497
4.48381 0.00000 4.48381 4.48381
