# avg	std	min	max
1.42532 0.00000 1.42532 1.42532
0.55694 0.00000 0.55694 0.55694
0.15200 0.00000 0.15200 0.15200
-1.03115 0.00000 -1.03115 -1.03115
-0.91667 0.00000 -0.91667 -0.91667
-1.24453 0.00000 -1.24453 -1.24453
0.06357 0.00000 0.06357 0.06357
-1.53629 0.00000 -1.53629 -1.53629
-0.04099 0.00000 -0.04099 -0.04099
0.74465 0.00000 0.74465 0.74465
0.66735 0.00000 0.66735 0.66735
1.19349 0.00000 1.19349 1.19349
0.10228 0.00000 0.10228 0.10228
1.24496 0.00000 1.24496 1.24496
0.14517 0.00000 0.14517 0.14517
1.31527 0.00000 1.31527 1.31527
0.00000 0.00000 0.00000 0.00000
-0.24654 0.00000 -0.24654 -0.24654
-0.09486 0.00000 -0.09486 -0.09486
0.68925 0.00000 0.68925 0.68925
0.77885 0.00000 0.77885 0.77885
-0.44182 0.00000 -0.44182 -0.44182
0.08698 0.00000 0.08698 0.08698
