# avg	std	min	max
0.31604 0.00000 0.31604 0.31604
-0.01243 0.00000 -0.01243 -0.01243
0.04448 0.00000 0.04448 0.04448
-0.67095 0.00000 -0.67095 -0.67095
-0.58365 0.00000 -0.58365 -0.58365
-0.98049 0.00000 -0.98049 -0.98049
-0.60437 0.00000 -0.60437 -0.60437
-0.31264 0.00000 -0.31264 -0.31264
0.94981 0.00000 0.94981 0.94981
0.29855 0.00000 0.29855 0.29855
-0.07860 0.00000 -0.07860 -0.07860
0.21242 0.00000 0.21242 0.21242
-0.26268 0.00000 -0.26268 -0.26268
0.31744 0.00000 0.31744 0.31744
-0.19158 0.00000 -0.19158 -0.19158
0.44562 0.00000 0.44562 0.44562
0.00000 0.00000 0.00000 0.00000
-0.54816 0.00000 -0.54816 -0.54816
-0.65862 0.00000 -0.65862 -0.65862
0.12125 0.00000 0.12125 0.12125
0.71062 0.00000 0.71062 0.71062
-0.64331 0.00000 -0.64331 -0.64331
0.67694 0.00000 0.67694 0.67694
