# avg	std	min	max
-0.08578 0.00000 -0.08578 -0.08578
0.02421 0.00000 0.02421 0.02421
0.28594 0.00000 0.28594 0.28594
0.06245 0.00000 0.06245 0.06245
0.14101 0.00000 0.14101 0.14101
-0.07896 0.00000 -0.07896 -0.07896
-0.16020 0.00000 -0.16020 -0.16020
-0.60179 0.00000 -0.60179 -0.60179
-1.38365 0.00000 -1.38365 -1.38365
0.07111 0.00000 0.07111 0.07111
0.10185 0.00000 0.10185 0.10185
0.01387 0.00000 0.01387 0.01387
-0.08959 0.00000 -0.08959 -0.08959
0.01755 0.00000 0.01755 0.01755
-0.35336 0.00000 -0.35336 -0.35336
0.05534 0.00000 0.05534 0.05534
-0.04149 0.00000 -0.04149 -0.04149
-0.07692 0.00000 -0.07692 -0.07692
-0.17624 0.00000 -0.17624 -0.17624
0.09458 0.00000 0.09458 0.09458
0.00579 0.00000 0.00579 0.00579
-0.14729 0.00000 -0.14729 -0.14729
0.31080 0.00000 0.31080 0.31080
