# avg	std	min	max
1.15715 0.00000 1.15715 1.15715
0.80218 0.00000 0.80218 0.80218
0.56319 0.00000 0.56319 0.56319
0.28928 0.00000 0.28928 0.28928
0.23345 0.00000 0.23345 0.23345
0.20524 0.00000 0.20524 0.20524
-0.15213 0.00000 -0.15213 -0.15213
0.00049 0.00000 0.00049 0.00049
0.72533 0.00000 0.72533 0.72533
0.93449 0.00000 0.93449 0.93449
0.63799 0.00000 0.63799 0.63799
0.59196 0.00000 0.59196 0.59196
-0.08454 0.00000 -0.08454 -0.08454
0.57260 0.00000 0.57260 0.57260
0.31523 0.00000 0.31523 0.31523
0.45788 0.00000 0.45788 0.45788
-0.00913 0.00000 -0.00913 -0.00913
0.25181 0.00000 0.25181 0.25181
0.21764 0.00000 0.21764 0.21764
0.65524 0.00000 0.65524 0.65524
0.83045 0.00000 0.83045 0.83045
-0.32277 0.00000 -0.32277 -0.32277
0.51601 0.00000 0.51601 0.51601
