# avg	std	min	max
0.69144 0.00000 0.69144 0.69144
0.53864 0.00000 0.53864 0.53864
0.59625 0.00000 0.59625 0.59625
0.65612 0.00000 0.65612 0.65612
0.60145 0.00000 0.60145 0.60145
0.46231 0.00000 0.46231 0.46231
0.43901 0.00000 0.43901 0.43901
0.60556 0.00000 0.60556 0.60556
2.38801 0.00000 2.38801 2.38801
0.44417 0.00000 0.44417 0.44417
0.49587 0.00000 0.49587 0.49587
0.58259 0.00000 0.58259 0.58259
0.41282 0.00000 0.41282 0.41282
0.37248 0.00000 0.37248 0.37248
0.49810 0.00000 0.49810 0.49810
0.01561 0.00000 0.01561 0.01561
-0.03339 0.00000 -0.03339 -0.03339
0.41599 0.00000 0.41599 0.41599
0.39936 0.00000 0.39936 0.39936
0.70295 0.00000 0.70295 0.70295
0.35081 0.00000 0.35081 0.35081
0.23628 0.00000 0.23628 0.23628
0.67643 0.00000 0.67643 0.67643
