# avg	std	min	max
0.37052 0.00000 0.37052 0.37052
0.10525 0.00000 0.10525 0.10525
0.13603 0.00000 0.13603 0.13603
-0.15201 0.00000 -0.15201 -0.15201
0.09085 0.00000 0.09085 0.09085
-0.11946 0.00000 -0.11946 -0.11946
0.04299 0.00000 0.04299 0.04299
0.16820 0.00000 0.16820 0.16820
-0.07772 0.00000 -0.07772 -0.07772
0.27688 0.00000 0.27688 0.27688
0.10639 0.00000 0.10639 0.10639
0.15993 0.00000 0.15993 0.15993
0.16613 0.00000 0.16613 0.16613
0.32213 0.00000 0.32213 0.32213
-0.40819 0.00000 -0.40819 -0.40819
0.34421 0.00000 0.34421 0.34421
-0.00000 0.00000 -0.00000 -0.00000
-0.20309 0.00000 -0.20309 -0.20309
-0.21412 0.00000 -0.21412 -0.21412
0.26846 0.00000 0.26846 0.26846
0.61046 0.00000 0.61046 0.61046
0.18880 0.00000 0.18880 0.18880
0.64986 0.00000 0.64986 0.64986
