# avg	std	min	max
-0.36738 0.00000 -0.36738 -0.36738
-0.40741 0.00000 -0.40741 -0.40741
-0.04486 0.00000 -0.04486 -0.04486
-0.25746 0.00000 -0.25746 -0.25746
-0.21787 0.00000 -0.21787 -0.21787
-0.54716 0.00000 -0.54716 -0.54716
-0.54539 0.00000 -0.54539 -0.54539
-0.75033 0.00000 -0.75033 -0.75033
2.10264 0.00000 2.10264 2.10264
-0.90917 0.00000 -0.90917 -0.90917
-0.57365 0.00000 -0.57365 -0.57365
-0.53280 0.00000 -0.53280 -0.53280
-0.51214 0.00000 -0.51214 -0.51214
-0.33273 0.00000 -0.33273 -0.33273
-0.59585 0.00000 -0.59585 -0.59585
0.23957 0.00000 0.23957 0.23957
-0.00271 0.00000 -0.00271 -0.00271
-0.56037 0.00000 -0.56037 -0.56037
-1.05707 0.00000 -1.05707 -1.05707
-0.69307 0.00000 -0.69307 -0.69307
0.27051 0.00000 0.27051 0.27051
-0.63561 0.00000 -0.63561 -0.63561
0.54500 0.00000 0.54500 0.54500
