# avg	std	min	max
0.95417 0.00000 0.95417 0.95417
0.25843 0.00000 0.25843 0.25843
1.15375 0.00000 1.15375 1.15375
-0.73146 0.00000 -0.73146 -0.73146
1.20163 0.00000 1.20163 1.20163
-0.50988 0.00000 -0.50988 -0.50988
-0.27599 0.00000 -0.27599 -0.27599
-0.35977 0.00000 -0.35977 -0.35977
7.47905 0.00000 7.47905 7.47905
0.48023 0.00000 0.48023 0.48023
0.61960 0.00000 0.61960 0.61960
0.35718 0.00000 0.35718 0.35718
-0.19355 0.00000 -0.19355 -0.19355
0.60659 0.00000 0.60659 0.60659
-0.22367 0.00000 -0.22367 -0.22367
0.81077 0.00000 0.81077 0.81077
-0.00035 0.00000 -0.00035 -0.00035
-0.90630 0.00000 -0.90630 -0.90630
-0.80879 0.00000 -0.80879 -0.80879
0.68503 0.00000 0.68503 0.68503
0.55883 0.00000 0.55883 0.55883
-0.18978 0.00000 -0.18978 -0.18978
1.76867 0.00000 1.76867 1.76867
