# avg	std	min	max
0.90959 0.00000 0.90959 0.90959
0.73688 0.00000 0.73688 0.73688
0.92687 0.00000 0.92687 0.92687
-0.11265 0.00000 -0.11265 -0.11265
0.33661 0.00000 0.33661 0.33661
-0.09382 0.00000 -0.09382 -0.09382
0.10608 0.00000 0.10608 0.10608
0.77209 0.00000 0.77209 0.77209
2.52124 0.00000 2.52124 2.52124
1.42181 0.00000 1.42181 1.42181
1.14113 0.00000 1.14113 1.14113
1.11511 0.00000 1.11511 1.11511
0.38538 0.00000 0.38538 0.38538
1.54321 0.00000 1.54321 1.54321
1.23710 0.00000 1.23710 1.23710
1.78352 0.00000 1.78352 1.78352
-0.01004 0.00000 -0.01004 -0.01004
0.35091 0.00000 0.35091 0.35091
0.91940 0.00000 0.91940 0.91940
0.74325 0.00000 0.74325 0.74325
1.22553 0.00000 1.22553 1.22553
-0.61164 0.00000 -0.61164 -0.61164
1.69609 0.00000 1.69609 1.69609
