# avg	std	min	max
0.77852 0.00000 0.77852 0.77852
0.70115 0.00000 0.70115 0.70115
0.26369 0.00000 0.26369 0.26369
-0.20470 0.00000 -0.20470 -0.20470
-0.10471 0.00000 -0.10471 -0.10471
-0.37672 0.00000 -0.37672 -0.37672
0.02177 0.00000 0.02177 0.02177
0.13108 0.00000 0.13108 0.13108
-0.09431 0.00000 -0.09431 -0.09431
0.75491 0.00000 0.75491 0.75491
0.72477 0.00000 0.72477 0.72477
0.54389 0.00000 0.54389 0.54389
0.04300 0.00000 0.04300 0.04300
0.39974 0.00000 0.39974 0.39974
0.13924 0.00000 0.13924 0.13924
0.34173 0.00000 0.34173 0.34173
-0.02581 0.00000 -0.02581 -0.02581
-0.00693 0.00000 -0.00693 -0.00693
0.14117 0.00000 0.14117 0.14117
0.81676 0.00000 0.81676 0.81676
0.37953 0.00000 0.37953 0.37953
-0.27137 0.00000 -0.27137 -0.27137
0.18941 0.00000 0.18941 0.18941
