# avg	std	min	max
2.89483 0.00000 2.89483 2.89483
2.12437 0.00000 2.12437 2.12437
2.50563 0.00000 2.50563 2.50563
1.84512 0.00000 1.84512 1.84512
2.42737 0.00000 2.42737 2.42737
2.66593 0.00000 2.66593 2.66593
2.32794 0.00000 2.32794 2.32794
2.61197 0.00000 2.61197 2.61197
0.12632 0.00000 0.12632 0.12632
2.85684 0.00000 2.85684 2.85684
2.85097 0.00000 2.85097 2.85097
2.78658 0.00000 2.78658 2.78658
2.54274 0.00000 2.54274 2.54274
3.45463 0.00000 3.45463 3.45463
2.13121 0.00000 2.13121 2.13121
3.33593 0.00000 3.33593 3.33593
-0.00407 0.00000 -0.00407 -0.00407
3.22097 0.00000 3.22097 3.22097
4.27551 0.00000 4.27551 4.27551
3.30490 0.00000 3.30490 3.30490
1.38599 0.00000 1.38599 1.38599
3.26732 0.00000 3.26732 3.26732
2.71494 0.00000 2.71494 2.71494
