# avg	std	min	max
0.60307 0.00000 0.60307 0.60307
-0.79457 0.00000 -0.79457 -0.79457
-0.93981 0.00000 -0.93981 -0.93981
-2.38064 0.00000 -2.38064 -2.38064
-1.64975 0.00000 -1.64975 -1.64975
-2.27829 0.00000 -2.27829 -2.27829
-1.17972 0.00000 -1.17972 -1.17972
2.39796 0.00000 2.39796 2.39796
3.22464 0.00000 3.22464 3.22464
0.56565 0.00000 0.56565 0.56565
-0.21188 0.00000 -0.21188 -0.21188
-0.16361 0.00000 -0.16361 -0.16361
0.31542 0.00000 0.31542 0.31542
0.72949 0.00000 0.72949 0.72949
-0.61255 0.00000 -0.61255 -0.61255
0.72567 0.00000 0.72567 0.72567
0.00161 0.00000 0.00161 0.00161
-0.50273 0.00000 -0.50273 -0.50273
0.06863 0.00000 0.06863 0.06863
1.53642 0.00000 1.53642 1.53642
3.13169 0.00000 3.13169 3.13169
5.79501 0.00000 5.79501 5.79501
2.52885 0.00000 2.52885 2.52885
