# avg	std	min	max
1.21542 0.00000 1.21542 1.21542
0.87606 0.00000 0.87606 0.87606
0.16716 0.00000 0.16716 0.16716
0.27156 0.00000 0.27156 0.27156
-0.31471 0.00000 -0.31471 -0.31471
0.22204 0.00000 0.22204 0.22204
0.35580 0.00000 0.35580 0.35580
0.31685 0.00000 0.31685 0.31685
1.58216 0.00000 1.58216 1.58216
0.80207 0.00000 0.80207 0.80207
0.15846 0.00000 0.15846 0.15846
0.30379 0.00000 0.30379 0.30379
0.47752 0.00000 0.47752 0.47752
0.87030 0.00000 0.87030 0.87030
0.22174 0.00000 0.22174 0.22174
0.65477 0.00000 0.65477 0.65477
-0.08723 0.00000 -0.08723 -0.08723
0.26397 0.00000 0.26397 0.26397
0.40380 0.00000 0.40380 0.40380
0.88930 0.00000 0.88930 0.88930
0.38176 0.00000 0.38176 0.38176
-0.48236 0.00000 -0.48236 -0.48236
0.03287 0.00000 0.03287 0.03287
