# avg	std	min	max
0.64781 0.00000 0.64781 0.64781
0.64231 0.00000 0.64231 0.64231
0.66291 0.00000 0.66291 0.66291
0.04837 0.00000 0.04837 0.04837
0.26642 0.00000 0.26642 0.26642
0.21010 0.00000 0.21010 0.21010
0.14687 0.00000 0.14687 0.14687
0.69694 0.00000 0.69694 0.69694
-0.28645 0.00000 -0.28645 -0.28645
0.35091 0.00000 0.35091 0.35091
0.15577 0.00000 0.15577 0.15577
1.01246 0.00000 1.01246 1.01246
-0.47073 0.00000 -0.47073 -0.47073
0.36603 0.00000 0.36603 0.36603
0.51186 0.00000 0.51186 0.51186
0.45421 0.00000 0.45421 0.45421
-0.01396 0.00000 -0.01396 -0.01396
-0.06284 0.00000 -0.06284 -0.06284
-0.43360 0.00000 -0.43360 -0.43360
0.72363 0.00000 0.72363 0.72363
0.94918 0.00000 0.94918 0.94918
1.60623 0.00000 1.60623 1.60623
0.78100 0.00000 0.78100 0.78100
