# avg	std	min	max
1.35254 0.00000 1.35254 1.35254
0.05714 0.00000 0.05714 0.05714
-0.48253 0.00000 -0.48253 -0.48253
-1.76608 0.00000 -1.76608 -1.76608
-1.07449 0.00000 -1.07449 -1.07449
-1.85843 0.00000 -1.85843 -1.85843
0.08064 0.00000 0.08064 0.08064
2.20899 0.00000 2.20899 2.20899
3.10504 0.00000 3.10504 3.10504
0.05564 0.00000 0.05564 0.05564
0.07503 0.00000 0.07503 0.07503
-0.28646 0.00000 -0.28646 -0.28646
1.58297 0.00000 1.58297 1.58297
-0.50962 0.00000 -0.50962 -0.50962
-0.28747 0.00000 -0.28747 -0.28747
0.96408 0.00000 0.96408 0.96408
-0.01395 0.00000 -0.01395 -0.01395
-0.71066 0.00000 -0.71066 -0.71066
-0.33839 0.00000 -0.33839 -0.33839
1.38863 0.00000 1.38863 1.38863
2.29071 0.00000 2.29071 2.29071
2.04197 0.00000 2.04197 2.04197
2.97055 0.00000 2.97055 2.97055
