# avg	std	min	max
0.24610 0.00000 0.24610 0.24610
-0.36544 0.00000 -0.36544 -0.36544
0.71265 0.00000 0.71265 0.71265
-0.53864 0.00000 -0.53864 -0.53864
-0.10552 0.00000 -0.10552 -0.10552
-0.93414 0.00000 -0.93414 -0.93414
-0.36950 0.00000 -0.36950 -0.36950
-0.88363 0.00000 -0.88363 -0.88363
3.29094 0.00000 3.29094 3.29094
0.60501 0.00000 0.60501 0.60501
0.85965 0.00000 0.85965 0.85965
0.55023 0.00000 0.55023 0.55023
-0.28015 0.00000 -0.28015 -0.28015
0.20503 0.00000 0.20503 0.20503
-0.08085 0.00000 -0.08085 -0.08085
0.70655 0.00000 0.70655 0.70655
-0.01821 0.00000 -0.01821 -0.01821
-0.59317 0.00000 -0.59317 -0.59317
-0.70753 0.00000 -0.70753 -0.70753
-0.24099 0.00000 -0.24099 -0.24099
1.02110 0.00000 1.02110 1.02110
-0.30906 0.00000 -0.30906 -0.30906
1.39813 0.00000 1.39813 1.39813
