# avg	std	min	max
-0.23031 0.00000 -0.23031 -0.23031
0.04340 0.00000 0.04340 0.04340
0.10522 0.00000 0.10522 0.10522
-0.16904 0.00000 -0.16904 -0.16904
0.02843 0.00000 0.02843 0.02843
0.01440 0.00000 0.01440 0.01440
-0.07360 0.00000 -0.07360 -0.07360
0.04519 0.00000 0.04519 0.04519
-0.12671 0.00000 -0.12671 -0.12671
-0.07854 0.00000 -0.07854 -0.07854
0.07158 0.00000 0.07158 0.07158
-0.04190 0.00000 -0.04190 -0.04190
-0.14799 0.00000 -0.14799 -0.14799
-0.37056 0.00000 -0.37056 -0.37056
-0.13613 0.00000 -0.13613 -0.13613
-0.26570 0.00000 -0.26570 -0.26570
-0.00464 0.00000 -0.00464 -0.00464
-0.29306 0.00000 -0.29306 -0.29306
-0.57483 0.00000 -0.57483 -0.57483
-0.05979 0.00000 -0.05979 -0.05979
0.12503 0.00000 0.12503 0.12503
-0.28069 0.00000 -0.28069 -0.28069
0.35909 0.00000 0.35909 0.35909
