# avg	std	min	max
1.52121 0.00000 1.52121 1.52121
1.02128 0.00000 1.02128 1.02128
1.19472 0.00000 1.19472 1.19472
0.22387 0.00000 0.22387 0.22387
0.58009 0.00000 0.58009 0.58009
0.12726 0.00000 0.12726 0.12726
0.38369 0.00000 0.38369 0.38369
0.84827 0.00000 0.84827 0.84827
1.11534 0.00000 1.11534 1.11534
0.70416 0.00000 0.70416 0.70416
0.82279 0.00000 0.82279 0.82279
1.36468 0.00000 1.36468 1.36468
0.92729 0.00000 0.92729 0.92729
0.39727 0.00000 0.39727 0.39727
0.80013 0.00000 0.80013 0.80013
0.02159 0.00000 0.02159 0.02159
-0.00764 0.00000 -0.00764 -0.00764
0.65279 0.00000 0.65279 0.65279
0.66700 0.00000 0.66700 0.66700
1.39245 0.00000 1.39245 1.39245
-0.83275 0.00000 -0.83275 -0.83275
0.56665 0.00000 0.56665 0.56665
0.29759 0.00000 0.29759 0.29759
