# avg	std	min	max
5.99196 0.00000 5.99196 5.99196
4.21184 0.00000 4.21184 4.21184
5.17672 0.00000 5.17672 5.17672
1.34852 0.00000 1.34852 1.34852
3.86391 0.00000 3.86391 3.86391
0.71703 0.00000 0.71703 0.71703
-0.01140 0.00000 -0.01140 -0.01140
7.30138 0.00000 7.30138 7.30138
8.05671 0.00000 8.05671 8.05671
5.22888 0.00000 5.22888 5.22888
5.87371 0.00000 5.87371 5.87371
4.54278 0.00000 4.54278 4.54278
0.67262 0.00000 0.67262 0.67262
5.21793 0.00000 5.21793 5.21793
4.53199 0.00000 4.53199 4.53199
6.77542 0.00000 6.77542 6.77542
5.47877 0.00000 5.47877 5.47877
4.56743 0.00000 4.56743 4.56743
5.63475 0.00000 5.63475 5.63475
4.13421 0.00000 4.13421 4.13421
8.76066 0.00000 8.76066 8.76066
18.01212 0.00000 18.01212 18.01212
11.52556 0.00000 11.52556 11.52556
