# avg	std	min	max
6.32080 0.00000 6.32080 6.32080
4.55858 0.00000 4.55858 4.55858
4.81001 0.00000 4.81001 4.81001
1.53911 0.00000 1.53911 1.53911
4.82496 0.00000 4.82496 4.82496
1.57515 0.00000 1.57515 1.57515
-0.02233 0.00000 -0.02233 -0.02233
0.11851 0.00000 0.11851 0.11851
12.93424 0.00000 12.93424 12.93424
5.17884 0.00000 5.17884 5.17884
5.52408 0.00000 5.52408 5.52408
4.85536 0.00000 4.85536 4.85536
0.06918 0.00000 0.06918 0.06918
5.38119 0.00000 5.38119 5.38119
4.13691 0.00000 4.13691 4.13691
6.07963 0.00000 6.07963 6.07963
5.16512 0.00000 5.16512 5.16512
4.71689 0.00000 4.71689 4.71689
3.62768 0.00000 3.62768 3.62768
3.69232 0.00000 3.69232 3.69232
8.07171 0.00000 8.07171 8.07171
9.91565 0.00000 9.91565 9.91565
12.29020 0.00000 12.29020 12.29020
