# avg	std	min	max
4.29437 0.00000 4.29437 4.29437
2.45355 0.00000 2.45355 2.45355
1.58891 0.00000 1.58891 1.58891
3.31275 0.00000 3.31275 3.31275
4.77739 0.00000 4.77739 4.77739
-0.61913 0.00000 -0.61913 -0.61913
0.03056 0.00000 0.03056 0.03056
9.70842 0.00000 9.70842 9.70842
8.51841 0.00000 8.51841 8.51841
4.20341 0.00000 4.20341 4.20341
1.54454 0.00000 1.54454 1.54454
2.52322 0.00000 2.52322 2.52322
3.31392 0.00000 3.31392 3.31392
2.31538 0.00000 2.31538 2.31538
3.47930 0.00000 3.47930 3.47930
3.71596 0.00000 3.71596 3.71596
2.08516 0.00000 2.08516 2.08516
2.60658 0.00000 2.60658 2.60658
8.73031 0.00000 8.73031 8.73031
1.17008 0.00000 1.17008 1.17008
6.47110 0.00000 6.47110 6.47110
34.08788 0.00000 34.08788 34.08788
14.09128 0.00000 14.09128 14.09128
