# avg	std	min	max
6.98011 0.00000 6.98011 6.98011
5.59311 0.00000 5.59311 5.59311
4.66837 0.00000 4.66837 4.66837
1.16970 0.00000 1.16970 1.16970
3.29540 0.00000 3.29540 3.29540
0.89594 0.00000 0.89594 0.89594
-0.01664 0.00000 -0.01664 -0.01664
1.96695 0.00000 1.96695 1.96695
11.04434 0.00000 11.04434 11.04434
6.00678 0.00000 6.00678 6.00678
4.86589 0.00000 4.86589 4.86589
4.79877 0.00000 4.79877 4.79877
0.63652 0.00000 0.63652 0.63652
5.21233 0.00000 5.21233 5.21233
4.58529 0.00000 4.58529 4.58529
7.67117 0.00000 7.67117 7.67117
6.36437 0.00000 6.36437 6.36437
4.67095 0.00000 4.67095 4.67095
4.64860 0.00000 4.64860 4.64860
3.33831 0.00000 3.33831 3.33831
9.59547 0.00000 9.59547 9.59547
9.10084 0.00000 9.10084 9.10084
11.68636 0.00000 11.68636 11.68636
