# avg	std	min	max
4.47176 0.00000 4.47176 4.47176
3.18098 0.00000 3.18098 3.18098
1.92611 0.00000 1.92611 1.92611
1.01805 0.00000 1.01805 1.01805
2.73941 0.00000 2.73941 2.73941
1.14245 0.00000 1.14245 1.14245
-0.00668 0.00000 -0.00668 -0.00668
1.52662 0.00000 1.52662 1.52662
3.36605 0.00000 3.36605 3.36605
3.51564 0.00000 3.51564 3.51564
3.04495 0.00000 3.04495 3.04495
2.77359 0.00000 2.77359 2.77359
1.17315 0.00000 1.17315 1.17315
4.10171 0.00000 4.10171 4.10171
3.93666 0.00000 3.93666 3.93666
4.80681 0.00000 4.80681 4.80681
5.09552 0.00000 5.09552 5.09552
3.00851 0.00000 3.00851 3.00851
4.16777 0.00000 4.16777 4.16777
3.14327 0.00000 3.14327 3.14327
8.23921 0.00000 8.23921 8.23921
4.63090 0.00000 4.63090 4.63090
12.26752 0.00000 12.26752 12.26752
