# avg	std	min	max
3.34897 0.00000 3.34897 3.34897
2.40742 0.00000 2.40742 2.40742
1.26727 0.00000 1.26727 1.26727
1.01646 0.00000 1.01646 1.01646
1.08149 0.00000 1.08149 1.08149
0.00723 0.00000 0.00723 0.00723
-0.01699 0.00000 -0.01699 -0.01699
0.63104 0.00000 0.63104 0.63104
10.03029 0.00000 10.03029 10.03029
2.24626 0.00000 2.24626 2.24626
2.29455 0.00000 2.29455 2.29455
2.08520 0.00000 2.08520 2.08520
0.68259 0.00000 0.68259 0.68259
2.72262 0.00000 2.72262 2.72262
1.84812 0.00000 1.84812 1.84812
3.18153 0.00000 3.18153 3.18153
2.17557 0.00000 2.17557 2.17557
1.21568 0.00000 1.21568 1.21568
1.84164 0.00000 1.84164 1.84164
1.79998 0.00000 1.79998 1.79998
3.02855 0.00000 3.02855 3.02855
1.04649 0.00000 1.04649 1.04649
3.50858 0.00000 3.50858 3.50858
