# avg	std	min	max
5.05471 0.00000 5.05471 5.05471
5.01119 0.00000 5.01119 5.01119
4.81810 0.00000 4.81810 4.81810
2.03746 0.00000 2.03746 2.03746
4.87492 0.00000 4.87492 4.87492
1.65317 0.00000 1.65317 1.65317
-0.01587 0.00000 -0.01587 -0.01587
3.33441 0.00000 3.33441 3.33441
9.17341 0.00000 9.17341 9.17341
4.92216 0.00000 4.92216 4.92216
5.27438 0.00000 5.27438 5.27438
4.49220 0.00000 4.49220 4.49220
1.21989 0.00000 1.21989 1.21989
4.85012 0.00000 4.85012 4.85012
4.70734 0.00000 4.70734 4.70734
5.95733 0.00000 5.95733 5.95733
5.98227 0.00000 5.98227 5.98227
4.01219 0.00000 4.01219 4.01219
3.80160 0.00000 3.80160 3.80160
3.69696 0.00000 3.69696 3.69696
9.18528 0.00000 9.18528 9.18528
14.34500 0.00000 14.34500 14.34500
9.80623 0.00000 9.80623 9.80623
