# avg	std	min	max
5.41712 0.00000 5.41712 5.41712
4.96513 0.00000 4.96513 4.96513
3.84767 0.00000 3.84767 3.84767
1.88255 0.00000 1.88255 1.88255
2.70048 0.00000 2.70048 2.70048
1.11574 0.00000 1.11574 1.11574
-0.00655 0.00000 -0.00655 -0.00655
2.01295 0.00000 2.01295 2.01295
6.48396 0.00000 6.48396 6.48396
5.85465 0.00000 5.85465 5.85465
4.88391 0.00000 4.88391 4.88391
4.37836 0.00000 4.37836 4.37836
1.21536 0.00000 1.21536 1.21536
3.39158 0.00000 3.39158 3.39158
4.35303 0.00000 4.35303 4.35303
4.86023 0.00000 4.86023 4.86023
5.21056 0.00000 5.21056 5.21056
3.96443 0.00000 3.96443 3.96443
5.88054 0.00000 5.88054 5.88054
2.28740 0.00000 2.28740 2.28740
7.96476 0.00000 7.96476 7.96476
11.84933 0.00000 11.84933 11.84933
8.18652 0.00000 8.18652 8.18652
