# avg	std	min	max
6.34690 0.00000 6.34690 6.34690
4.42620 0.00000 4.42620 4.42620
4.41140 0.00000 4.41140 4.41140
1.63310 0.00000 1.63310 1.63310
4.63429 0.00000 4.63429 4.63429
0.87930 0.00000 0.87930 0.87930
-0.00344 0.00000 -0.00344 -0.00344
1.93018 0.00000 1.93018 1.93018
10.10663 0.00000 10.10663 10.10663
5.30048 0.00000 5.30048 5.30048
4.45598 0.00000 4.45598 4.45598
4.64016 0.00000 4.64016 4.64016
0.61043 0.00000 0.61043 0.61043
5.32290 0.00000 5.32290 5.32290
4.63443 0.00000 4.63443 4.63443
6.54564 0.00000 6.54564 6.54564
5.87107 0.00000 5.87107 5.87107
3.88611 0.00000 3.88611 3.88611
4.87477 0.00000 4.87477 4.87477
3.94897 0.00000 3.94897 3.94897
8.79423 0.00000 8.79423 8.79423
19.48628 0.00000 19.48628 19.48628
15.47072 0.00000 15.47072 15.47072
