# avg	std	min	max
4.14232 0.00000 4.14232 4.14232
4.43238 0.00000 4.43238 4.43238
7.89127 0.00000 7.89127 7.89127
2.37821 0.00000 2.37821 2.37821
8.70944 0.00000 8.70944 8.70944
1.72763 0.00000 1.72763 1.72763
-0.02301 0.00000 -0.02301 -0.02301
0.24737 0.00000 0.24737 0.24737
7.31335 0.00000 7.31335 7.31335
5.37244 0.00000 5.37244 5.37244
7.62203 0.00000 7.62203 7.62203
3.70366 0.00000 3.70366 3.70366
1.30503 0.00000 1.30503 1.30503
4.10486 0.00000 4.10486 4.10486
3.67919 0.00000 3.67919 3.67919
4.59068 0.00000 4.59068 4.59068
3.61716 0.00000 3.61716 3.61716
3.49156 0.00000 3.49156 3.49156
3.95234 0.00000 3.95234 3.95234
2.94119 0.00000 2.94119 2.94119
6.63465 0.00000 6.63465 6.63465
6.36132 0.00000 6.36132 6.36132
12.82348 0.00000 12.82348 12.82348
