# avg	std	min	max
3.98093 0.00000 3.98093 3.98093
2.79871 0.00000 2.79871 2.79871
0.59462 0.00000 0.59462 0.59462
-2.41846 0.00000 -2.41846 -2.41846
-0.68544 0.00000 -0.68544 -0.68544
-2.17900 0.00000 -2.17900 -2.17900
0.00438 0.00000 0.00438 0.00438
0.56533 0.00000 0.56533 0.56533
2.86110 0.00000 2.86110 2.86110
3.58802 0.00000 3.58802 3.58802
1.64665 0.00000 1.64665 1.64665
1.60705 0.00000 1.60705 1.60705
4.23086 0.00000 4.23086 4.23086
2.40896 0.00000 2.40896 2.40896
1.76988 0.00000 1.76988 1.76988
3.24334 0.00000 3.24334 3.24334
2.72998 0.00000 2.72998 2.72998
2.17892 0.00000 2.17892 2.17892
2.56770 0.00000 2.56770 2.56770
1.24566 0.00000 1.24566 1.24566
5.13104 0.00000 5.13104 5.13104
29.10922 0.00000 29.10922 29.10922
5.69848 0.00000 5.69848 5.69848
