# avg	std	min	max
-0.00000 0.00000 -0.00000 -0.00000
-0.45437 0.00000 -0.45437 -0.45437
-0.20498 0.00000 -0.20498 -0.20498
1.27689 0.00000 1.27689 1.27689
-0.08361 0.00000 -0.08361 -0.08361
-1.51922 0.00000 -1.51922 -1.51922
11.47235 0.00000 11.47235 11.47235
10.59706 0.00000 10.59706 10.59706
-1.30798 0.00000 -1.30798 -1.30798
-0.30213 0.00000 -0.30213 -0.30213
-0.64854 0.00000 -0.64854 -0.64854
-0.49571 0.00000 -0.49571 -0.49571
12.64522 0.00000 12.64522 12.64522
1.57835 0.00000 1.57835 1.57835
-0.57266 0.00000 -0.57266 -0.57266
1.22405 0.00000 1.22405 1.22405
-0.42551 0.00000 -0.42551 -0.42551
-0.59541 0.00000 -0.59541 -0.59541
-0.04462 0.00000 -0.04462 -0.04462
9.25391 0.00000 9.25391 9.25391
3.78803 0.00000 3.78803 3.78803
17.46928 0.00000 17.46928 17.46928
4.33424 0.00000 4.33424 4.33424
