# avg	std	min	max
0.00000 0.00000 0.00000 0.00000
6.01436 0.00000 6.01436 6.01436
16.56080 0.00000 16.56080 16.56080
9.31649 0.00000 9.31649 9.31649
17.24978 0.00000 17.24978 17.24978
8.80088 0.00000 8.80088 8.80088
11.93456 0.00000 11.93456 11.93456
13.65008 0.00000 13.65008 13.65008
16.60624 0.00000 16.60624 16.60624
7.41630 0.00000 7.41630 7.41630
14.13334 0.00000 14.13334 14.13334
7.79678 0.00000 7.79678 7.79678
12.36064 0.00000 12.36064 12.36064
10.54700 0.00000 10.54700 10.54700
9.61456 0.00000 9.61456 9.61456
11.75712 0.00000 11.75712 11.75712
9.18305 0.00000 9.18305 9.18305
9.43902 0.00000 9.43902 9.43902
9.77654 0.00000 9.77654 9.77654
13.37918 0.00000 13.37918 13.37918
8.56568 0.00000 8.56568 8.56568
11.30767 0.00000 11.30767 11.30767
19.75012 0.00000 19.75012 19.75012
