# avg	std	min	max
-0.00000 0.00000 -0.00000 -0.00000
4.17319 0.00000 4.17319 4.17319
16.50730 0.00000 16.50730 16.50730
18.79908 0.00000 18.79908 18.79908
20.22804 0.00000 20.22804 20.22804
15.01910 0.00000 15.01910 15.01910
38.12690 0.00000 38.12690 38.12690
48.37922 0.00000 48.37922 48.37922
19.08696 0.00000 19.08696 19.08696
8.76499 0.00000 8.76499 8.76499
16.35576 0.00000 16.35576 16.35576
10.45756 0.00000 10.45756 10.45756
42.10736 0.00000 42.10736 42.10736
18.99158 0.00000 18.99158 18.99158
22.55480 0.00000 22.55480 22.55480
20.20124 0.00000 20.20124 20.20124
22.50454 0.00000 22.50454 22.50454
22.52088 0.00000 22.52088 22.52088
25.00438 0.00000 25.00438 25.00438
34.26082 0.00000 34.26082 34.26082
25.93822 0.00000 25.93822 25.93822
59.99938 0.00000 59.99938 59.99938
36.16794 0.00000 36.16794 36.16794
