# avg	std	min	max
0.00000 0.00000 0.00000 0.00000
1.32409 0.00000 1.32409 1.32409
2.28927 0.00000 2.28927 2.28927
1.43554 0.00000 1.43554 1.43554
2.11598 0.00000 2.11598 2.11598
1.18984 0.00000 1.18984 1.18984
1.19539 0.00000 1.19539 1.19539
1.22412 0.00000 1.22412 1.22412
3.97000 0.00000 3.97000 3.97000
1.50046 0.00000 1.50046 1.50046
2.13647 0.00000 2.13647 2.13647
1.37507 0.00000 1.37507 1.37507
1.26374 0.00000 1.26374 1.26374
1.42300 0.00000 1.42300 1.42300
1.24501 0.00000 1.24501 1.24501
1.40671 0.00000 1.40671 1.40671
1.38020 0.00000 1.38020 1.38020
1.26632 0.00000 1.26632 1.26632
1.24114 0.00000 1.24114 1.24114
1.45077 0.00000 1.45077 1.45077
1.64247 0.00000 1.64247 1.64247
1.16723 0.00000 1.16723 1.16723
2.39320 0.00000 2.39320 2.39320
