# avg	std	min	max
0.00000 0.00000 0.00000 0.00000
5.82055 0.00000 5.82055 5.82055
21.74300 0.00000 21.74300 21.74300
28.16650 0.00000 28.16650 28.16650
27.40510 0.00000 27.40510 27.40510
20.51246 0.00000 20.51246 20.51246
47.03878 0.00000 47.03878 47.03878
50.60672 0.00000 50.60672 50.60672
14.71568 0.00000 14.71568 14.71568
12.11128 0.00000 12.11128 12.11128
18.80224 0.00000 18.80224 18.80224
13.82014 0.00000 13.82014 13.82014
46.88866 0.00000 46.88866 46.88866
24.26580 0.00000 24.26580 24.26580
20.37628 0.00000 20.37628 20.37628
28.20882 0.00000 28.20882 28.20882
23.68762 0.00000 23.68762 23.68762
24.17770 0.00000 24.17770 24.17770
29.54224 0.00000 29.54224 29.54224
46.13950 0.00000 46.13950 46.13950
24.06514 0.00000 24.06514 24.06514
54.38146 0.00000 54.38146 54.38146
39.06524 0.00000 39.06524 39.06524
