# avg	std	min	max
0.00000 0.00000 0.00000 0.00000
-0.05254 0.00000 -0.05254 -0.05254
0.20646 0.00000 0.20646 0.20646
-0.04377 0.00000 -0.04377 -0.04377
0.23450 0.00000 0.23450 0.23450
0.12640 0.00000 0.12640 0.12640
-0.03374 0.00000 -0.03374 -0.03374
0.05187 0.00000 0.05187 0.05187
-0.90558 0.00000 -0.90558 -0.90558
-0.11262 0.00000 -0.11262 -0.11262
0.19072 0.00000 0.19072 0.19072
0.23920 0.00000 0.23920 0.23920
-0.01357 0.00000 -0.01357 -0.01357
-0.07247 0.00000 -0.07247 -0.07247
-0.05061 0.00000 -0.05061 -0.05061
-0.14129 0.00000 -0.14129 -0.14129
-0.09930 0.00000 -0.09930 -0.09930
-0.04793 0.00000 -0.04793 -0.04793
-0.16590 0.00000 -0.16590 -0.16590
0.11655 0.00000 0.11655 0.11655
-0.03430 0.00000 -0.03430 -0.03430
-0.15739 0.00000 -0.15739 -0.15739
0.36998 0.00000 0.36998 0.36998
