# avg	std	min	max
0.00000 0.00000 0.00000 0.00000
3.51629 0.00000 3.51629 3.51629
4.53550 0.00000 4.53550 4.53550
3.67931 0.00000 3.67931 3.67931
4.39422 0.00000 4.39422 4.39422
3.53487 0.00000 3.53487 3.53487
3.47990 0.00000 3.47990 3.47990
3.55660 0.00000 3.55660 3.55660
6.86670 0.00000 6.86670 6.86670
2.16710 0.00000 2.16710 2.16710
4.46638 0.00000 4.46638 4.46638
3.63131 0.00000 3.63131 3.63131
3.48448 0.00000 3.48448 3.48448
3.60699 0.00000 3.60699 3.60699
3.58848 0.00000 3.58848 3.58848
3.78453 0.00000 3.78453 3.78453
3.58853 0.00000 3.58853 3.58853
3.55648 0.00000 3.55648 3.55648
3.47081 0.00000 3.47081 3.47081
3.68915 0.00000 3.68915 3.68915
2.36659 0.00000 2.36659 2.36659
3.31204 0.00000 3.31204 3.31204
4.73940 0.00000 4.73940 4.73940
