# avg	std	min	max
-0.00000 0.00000 -0.00000 -0.00000
6.69714 0.00000 6.69714 6.69714
19.46030 0.00000 19.46030 19.46030
20.55642 0.00000 20.55642 20.55642
21.98522 0.00000 21.98522 21.98522
13.60746 0.00000 13.60746 13.60746
39.46232 0.00000 39.46232 39.46232
49.54858 0.00000 49.54858 49.54858
11.97644 0.00000 11.97644 11.97644
12.41306 0.00000 12.41306 12.41306
15.19392 0.00000 15.19392 15.19392
11.69528 0.00000 11.69528 11.69528
45.17812 0.00000 45.17812 45.17812
15.48360 0.00000 15.48360 15.48360
16.81838 0.00000 16.81838 16.81838
18.90594 0.00000 18.90594 18.90594
17.07660 0.00000 17.07660 17.07660
23.15378 0.00000 23.15378 23.15378
22.26430 0.00000 22.26430 22.26430
35.05000 0.00000 35.05000 35.05000
21.29044 0.00000 21.29044 21.29044
42.38656 0.00000 42.38656 42.38656
27.93486 0.00000 27.93486 27.93486
