# avg	std	min	max
0.00000 0.00000 0.00000 0.00000
0.92360 0.00000 0.92360 0.92360
2.39089 0.00000 2.39089 2.39089
1.01657 0.00000 1.01657 1.01657
2.04640 0.00000 2.04640 2.04640
0.95685 0.00000 0.95685 0.95685
0.95933 0.00000 0.95933 0.95933
2.21598 0.00000 2.21598 2.21598
-0.77952 0.00000 -0.77952 -0.77952
1.16327 0.00000 1.16327 1.16327
2.83820 0.00000 2.83820 2.83820
1.49795 0.00000 1.49795 1.49795
-0.53347 0.00000 -0.53347 -0.53347
1.34448 0.00000 1.34448 1.34448
1.30866 0.00000 1.30866 1.30866
1.40467 0.00000 1.40467 1.40467
1.98158 0.00000 1.98158 1.98158
1.14287 0.00000 1.14287 1.14287
1.45808 0.00000 1.45808 1.45808
1.42051 0.00000 1.42051 1.42051
2.44407 0.00000 2.44407 2.44407
2.18909 0.00000 2.18909 2.18909
4.37893 0.00000 4.37893 4.37893
