# avg	std	min	max
0.00000 0.00000 0.00000 0.00000
1.90252 0.00000 1.90252 1.90252
13.04294 0.00000 13.04294 13.04294
18.55480 0.00000 18.55480 18.55480
20.11332 0.00000 20.11332 20.11332
15.86350 0.00000 15.86350 15.86350
54.10054 0.00000 54.10054 54.10054
61.16876 0.00000 61.16876 61.16876
14.01678 0.00000 14.01678 14.01678
2.42562 0.00000 2.42562 2.42562
9.01649 0.00000 9.01649 9.01649
8.51572 0.00000 8.51572 8.51572
55.04252 0.00000 55.04252 55.04252
17.16372 0.00000 17.16372 17.16372
22.18454 0.00000 22.18454 22.18454
17.93184 0.00000 17.93184 17.93184
24.43578 0.00000 24.43578 24.43578
25.03596 0.00000 25.03596 25.03596
30.49622 0.00000 30.49622 30.49622
43.51584 0.00000 43.51584 43.51584
27.91162 0.00000 27.91162 27.91162
40.84404 0.00000 40.84404 40.84404
39.41018 0.00000 39.41018 39.41018
