# avg	std	min	max
0.00000 0.00000 0.00000 0.00000
4.66308 0.00000 4.66308 4.66308
15.25868 0.00000 15.25868 15.25868
19.44540 0.00000 19.44540 19.44540
17.59294 0.00000 17.59294 17.59294
11.75554 0.00000 11.75554 11.75554
18.53344 0.00000 18.53344 18.53344
29.99594 0.00000 29.99594 29.99594
16.34546 0.00000 16.34546 16.34546
8.00663 0.00000 8.00663 8.00663
14.29898 0.00000 14.29898 14.29898
10.20036 0.00000 10.20036 10.20036
20.22088 0.00000 20.22088 20.22088
14.72854 0.00000 14.72854 14.72854
17.81240 0.00000 17.81240 17.81240
22.93416 0.00000 22.93416 22.93416
19.39476 0.00000 19.39476 19.39476
18.45956 0.00000 18.45956 18.45956
18.66414 0.00000 18.66414 18.66414
41.99770 0.00000 41.99770 41.99770
21.37324 0.00000 21.37324 21.37324
20.27764 0.00000 20.27764 20.27764
28.76118 0.00000 28.76118 28.76118
