# avg	std	min	max
0.00000 0.00000 0.00000 0.00000
1.31546 0.00000 1.31546 1.31546
2.26707 0.00000 2.26707 2.26707
1.30609 0.00000 1.30609 1.30609
3.90637 0.00000 3.90637 3.90637
1.40559 0.00000 1.40559 1.40559
0.97054 0.00000 0.97054 0.97054
1.22933 0.00000 1.22933 1.22933
5.53225 0.00000 5.53225 5.53225
1.44829 0.00000 1.44829 1.44829
2.14003 0.00000 2.14003 2.14003
1.20115 0.00000 1.20115 1.20115
1.04494 0.00000 1.04494 1.04494
0.95545 0.00000 0.95545 0.95545
1.13874 0.00000 1.13874 1.13874
0.98217 0.00000 0.98217 0.98217
1.08552 0.00000 1.08552 1.08552
0.98012 0.00000 0.98012 0.98012
1.18171 0.00000 1.18171 1.18171
0.99323 0.00000 0.99323 0.99323
1.47471 0.00000 1.47471 1.47471
0.93262 0.00000 0.93262 0.93262
2.46040 0.00000 2.46040 2.46040
