# avg	std	min	max
0.00000 0.00000 0.00000 0.00000
-0.71574 0.00000 -0.71574 -0.71574
-0.51081 0.00000 -0.51081 -0.51081
-1.35583 0.00000 -1.35583 -1.35583
-1.25660 0.00000 -1.25660 -1.25660
-1.54532 0.00000 -1.54532 -1.54532
-1.32378 0.00000 -1.32378 -1.32378
-1.54546 0.00000 -1.54546 -1.54546
3.43113 0.00000 3.43113 3.43113
-0.19685 0.00000 -0.19685 -0.19685
-0.13440 0.00000 -0.13440 -0.13440
0.00121 0.00000 0.00121 0.00121
-1.22852 0.00000 -1.22852 -1.22852
-0.81236 0.00000 -0.81236 -0.81236
-1.11736 0.00000 -1.11736 -1.11736
-0.80520 0.00000 -0.80520 -0.80520
-1.19923 0.00000 -1.19923 -1.19923
-0.99838 0.00000 -0.99838 -0.99838
-0.66740 0.00000 -0.66740 -0.66740
-0.87077 0.00000 -0.87077 -0.87077
-0.83509 0.00000 -0.83509 -0.83509
-1.86262 0.00000 -1.86262 -1.86262
-0.61465 0.00000 -0.61465 -0.61465
