# avg	std	min	max
0.00000 0.00000 0.00000 0.00000
0.02574 0.00000 0.02574 0.02574
3.48461 0.00000 3.48461 3.48461
5.22196 0.00000 5.22196 5.22196
3.34419 0.00000 3.34419 3.34419
2.37145 0.00000 2.37145 2.37145
9.12718 0.00000 9.12718 9.12718
13.34433 0.00000 13.34433 13.34433
4.33308 0.00000 4.33308 4.33308
1.43137 0.00000 1.43137 1.43137
3.89129 0.00000 3.89129 3.89129
0.70311 0.00000 0.70311 0.70311
12.40324 0.00000 12.40324 12.40324
1.50860 0.00000 1.50860 1.50860
3.77369 0.00000 3.77369 3.77369
6.25829 0.00000 6.25829 6.25829
4.26965 0.00000 4.26965 4.26965
5.38569 0.00000 5.38569 5.38569
7.89175 0.00000 7.89175 7.89175
13.76864 0.00000 13.76864 13.76864
7.25290 0.00000 7.25290 7.25290
36.90726 0.00000 36.90726 36.90726
11.30734 0.00000 11.30734 11.30734
