# avg	std	min	max
0.00333 0.00000 0.00333 0.00333
0.19812 0.00000 0.19812 0.19812
0.05730 0.00000 0.05730 0.05730
0.12489 0.00000 0.12489 0.12489
-0.01612 0.00000 -0.01612 -0.01612
0.32095 0.00000 0.32095 0.32095
-0.05865 0.00000 -0.05865 -0.05865
0.11781 0.00000 0.11781 0.11781
1.93022 0.00000 1.93022 1.93022
0.35103 0.00000 0.35103 0.35103
-0.03800 0.00000 -0.03800 -0.03800
0.32005 0.00000 0.32005 0.32005
0.07259 0.00000 0.07259 0.07259
0.08543 0.00000 0.08543 0.08543
0.19307 0.00000 0.19307 0.19307
-0.25521 0.00000 -0.25521 -0.25521
-0.14573 0.00000 -0.14573 -0.14573
0.03235 0.00000 0.03235 0.03235
0.17081 0.00000 0.17081 0.17081
0.01951 0.00000 0.01951 0.01951
0.56884 0.00000 0.56884 0.56884
0.10720 0.00000 0.10720 0.10720
0.48916 0.00000 0.48916 0.48916
