# avg	std	min	max
3.08658 0.00000 3.08658 3.08658
1.57069 0.00000 1.57069 1.57069
0.17599 0.00000 0.17599 0.17599
-0.95331 0.00000 -0.95331 -0.95331
-0.56062 0.00000 -0.56062 -0.56062
-1.18843 0.00000 -1.18843 -1.18843
-0.26311 0.00000 -0.26311 -0.26311
4.43965 0.00000 4.43965 4.43965
1.22572 0.00000 1.22572 1.22572
1.14421 0.00000 1.14421 1.14421
0.22015 0.00000 0.22015 0.22015
1.71345 0.00000 1.71345 1.71345
3.08280 0.00000 3.08280 3.08280
1.03856 0.00000 1.03856 1.03856
1.42105 0.00000 1.42105 1.42105
3.13104 0.00000 3.13104 3.13104
3.29843 0.00000 3.29843 3.29843
0.27862 0.00000 0.27862 0.27862
1.20197 0.00000 1.20197 1.20197
-0.05523 0.00000 -0.05523 -0.05523
7.21781 0.00000 7.21781 7.21781
31.74150 0.00000 31.74150 31.74150
9.35186 0.00000 9.35186 9.35186
