# avg	std	min	max
2.62274 0.00000 2.62274 2.62274
1.13345 0.00000 1.13345 1.13345
1.21970 0.00000 1.21970 1.21970
-1.25755 0.00000 -1.25755 -1.25755
-0.52387 0.00000 -0.52387 -0.52387
-0.24086 0.00000 -0.24086 -0.24086
-2.68070 0.00000 -2.68070 -2.68070
0.52421 0.00000 0.52421 0.52421
3.30562 0.00000 3.30562 3.30562
2.36905 0.00000 2.36905 2.36905
2.74907 0.00000 2.74907 2.74907
0.78302 0.00000 0.78302 0.78302
-2.53364 0.00000 -2.53364 -2.53364
1.82192 0.00000 1.82192 1.82192
1.09034 0.00000 1.09034 1.09034
1.59118 0.00000 1.59118 1.59118
2.58301 0.00000 2.58301 2.58301
3.38781 0.00000 3.38781 3.38781
5.46953 0.00000 5.46953 5.46953
0.16640 0.00000 0.16640 0.16640
5.99582 0.00000 5.99582 5.99582
7.07384 0.00000 7.07384 7.07384
8.52303 0.00000 8.52303 8.52303
