# avg	std	min	max
1.66167 0.00000 1.66167 1.66167
1.02899 0.00000 1.02899 1.02899
1.27024 0.00000 1.27024 1.27024
-0.26639 0.00000 -0.26639 -0.26639
0.75982 0.00000 0.75982 0.75982
-0.48802 0.00000 -0.48802 -0.48802
-0.36687 0.00000 -0.36687 -0.36687
0.86523 0.00000 0.86523 0.86523
5.52607 0.00000 5.52607 5.52607
1.21668 0.00000 1.21668 1.21668
0.83133 0.00000 0.83133 0.83133
0.64223 0.00000 0.64223 0.64223
-0.15560 0.00000 -0.15560 -0.15560
0.13730 0.00000 0.13730 0.13730
0.46766 0.00000 0.46766 0.46766
1.37304 0.00000 1.37304 1.37304
1.04758 0.00000 1.04758 1.04758
0.45267 0.00000 0.45267 0.45267
0.07636 0.00000 0.07636 0.07636
-0.01572 0.00000 -0.01572 -0.01572
2.89095 0.00000 2.89095 2.89095
-1.17877 0.00000 -1.17877 -1.17877
5.51831 0.00000 5.51831 5.51831
