# avg	std	min	max
5.75671 0.00000 5.75671 5.75671
4.00660 0.00000 4.00660 4.00660
0.74522 0.00000 0.74522 0.74522
0.63241 0.00000 0.63241 0.63241
-0.00334 0.00000 -0.00334 -0.00334
2.49131 0.00000 2.49131 2.49131
9.94762 0.00000 9.94762 9.94762
22.01118 0.00000 22.01118 22.01118
6.41217 0.00000 6.41217 6.41217
5.28942 0.00000 5.28942 5.28942
3.46472 0.00000 3.46472 3.46472
3.07912 0.00000 3.07912 3.07912
16.98620 0.00000 16.98620 16.98620
3.28675 0.00000 3.28675 3.28675
3.34834 0.00000 3.34834 3.34834
4.56361 0.00000 4.56361 4.56361
4.92159 0.00000 4.92159 4.92159
6.46794 0.00000 6.46794 6.46794
11.50622 0.00000 11.50622 11.50622
7.05222 0.00000 7.05222 7.05222
10.56670 0.00000 10.56670 10.56670
30.81732 0.00000 30.81732 30.81732
8.85372 0.00000 8.85372 8.85372
