# avg	std	min	max
5.85815 0.00000 5.85815 5.85815
4.04047 0.00000 4.04047 4.04047
1.35468 0.00000 1.35468 1.35468
0.24270 0.00000 0.24270 0.24270
0.00094 0.00000 0.00094 0.00094
0.19299 0.00000 0.19299 0.19299
3.57298 0.00000 3.57298 3.57298
11.01308 0.00000 11.01308 11.01308
7.35415 0.00000 7.35415 7.35415
5.77003 0.00000 5.77003 5.77003
3.68069 0.00000 3.68069 3.68069
4.08901 0.00000 4.08901 4.08901
4.87842 0.00000 4.87842 4.87842
3.60414 0.00000 3.60414 3.60414
3.83295 0.00000 3.83295 3.83295
4.69577 0.00000 4.69577 4.69577
3.98830 0.00000 3.98830 3.98830
4.48048 0.00000 4.48048 4.48048
5.95724 0.00000 5.95724 5.95724
6.11926 0.00000 6.11926 6.11926
6.95745 0.00000 6.95745 6.95745
19.59998 0.00000 19.59998 19.59998
5.02897 0.00000 5.02897 5.02897
