# avg	std	min	max
2.83819 0.00000 2.83819 2.83819
1.40521 0.00000 1.40521 1.40521
0.77023 0.00000 0.77023 0.77023
-0.06974 0.00000 -0.06974 -0.06974
-0.00030 0.00000 -0.00030 -0.00030
0.82539 0.00000 0.82539 0.82539
0.70045 0.00000 0.70045 0.70045
2.12124 0.00000 2.12124 2.12124
5.79706 0.00000 5.79706 5.79706
1.85121 0.00000 1.85121 1.85121
0.92381 0.00000 0.92381 0.92381
1.84515 0.00000 1.84515 1.84515
1.44582 0.00000 1.44582 1.44582
0.69449 0.00000 0.69449 0.69449
1.35405 0.00000 1.35405 1.35405
2.78456 0.00000 2.78456 2.78456
2.47962 0.00000 2.47962 2.47962
1.78369 0.00000 1.78369 1.78369
1.58609 0.00000 1.58609 1.58609
2.04146 0.00000 2.04146 2.04146
3.72369 0.00000 3.72369 3.72369
1.10341 0.00000 1.10341 1.10341
4.38132 0.00000 4.38132 4.38132
