# avg	std	min	max
5.22196 0.00000 5.22196 5.22196
3.41533 0.00000 3.41533 3.41533
1.10257 0.00000 1.10257 1.10257
1.99016 0.00000 1.99016 1.99016
-0.00099 0.00000 -0.00099 -0.00099
0.41606 0.00000 0.41606 0.41606
14.02560 0.00000 14.02560 14.02560
13.39444 0.00000 13.39444 13.39444
7.32891 0.00000 7.32891 7.32891
4.84575 0.00000 4.84575 4.84575
3.46538 0.00000 3.46538 3.46538
3.54995 0.00000 3.54995 3.54995
17.59354 0.00000 17.59354 17.59354
5.00048 0.00000 5.00048 5.00048
3.05965 0.00000 3.05965 3.05965
4.92489 0.00000 4.92489 4.92489
4.41507 0.00000 4.41507 4.41507
3.70181 0.00000 3.70181 3.70181
4.74459 0.00000 4.74459 4.74459
9.93673 0.00000 9.93673 9.93673
7.30375 0.00000 7.30375 7.30375
24.86094 0.00000 24.86094 24.86094
5.34440 0.00000 5.34440 5.34440
