# avg	std	min	max
1.56345 0.00000 1.56345 1.56345
0.89714 0.00000 0.89714 0.89714
0.55124 0.00000 0.55124 0.55124
0.44827 0.00000 0.44827 0.44827
-0.00025 0.00000 -0.00025 -0.00025
-0.03845 0.00000 -0.03845 -0.03845
0.56469 0.00000 0.56469 0.56469
0.92995 0.00000 0.92995 0.92995
-0.04585 0.00000 -0.04585 -0.04585
1.31308 0.00000 1.31308 1.31308
0.84711 0.00000 0.84711 0.84711
0.64845 0.00000 0.64845 0.64845
0.60755 0.00000 0.60755 0.60755
1.03498 0.00000 1.03498 1.03498
0.24452 0.00000 0.24452 0.24452
1.19332 0.00000 1.19332 1.19332
1.12946 0.00000 1.12946 1.12946
0.23969 0.00000 0.23969 0.23969
-0.23076 0.00000 -0.23076 -0.23076
1.29499 0.00000 1.29499 1.29499
2.19233 0.00000 2.19233 2.19233
0.54449 0.00000 0.54449 0.54449
2.36596 0.00000 2.36596 2.36596
