# avg	std	min	max
2.77901 0.00000 2.77901 2.77901
1.55387 0.00000 1.55387 1.55387
0.61591 0.00000 0.61591 0.61591
-0.43892 0.00000 -0.43892 -0.43892
0.00008 0.00000 0.00008 0.00008
-0.81266 0.00000 -0.81266 -0.81266
1.21167 0.00000 1.21167 1.21167
0.88292 0.00000 0.88292 0.88292
1.09487 0.00000 1.09487 1.09487
1.71880 0.00000 1.71880 1.71880
0.89870 0.00000 0.89870 0.89870
1.76256 0.00000 1.76256 1.76256
1.31695 0.00000 1.31695 1.31695
1.59438 0.00000 1.59438 1.59438
0.47317 0.00000 0.47317 0.47317
1.46006 0.00000 1.46006 1.46006
0.75050 0.00000 0.75050 0.75050
0.63250 0.00000 0.63250 0.63250
1.10405 0.00000 1.10405 1.10405
1.83845 0.00000 1.83845 1.83845
1.16914 0.00000 1.16914 1.16914
1.24296 0.00000 1.24296 1.24296
1.55458 0.00000 1.55458 1.55458
