# avg	std	min	max
6.20181 0.00000 6.20181 6.20181
4.57856 0.00000 4.57856 4.57856
0.96753 0.00000 0.96753 0.96753
0.56717 0.00000 0.56717 0.56717
-0.02304 0.00000 -0.02304 -0.02304
0.74228 0.00000 0.74228 0.74228
7.31026 0.00000 7.31026 7.31026
18.07890 0.00000 18.07890 18.07890
8.22211 0.00000 8.22211 8.22211
4.77912 0.00000 4.77912 4.77912
2.55147 0.00000 2.55147 2.55147
3.46462 0.00000 3.46462 3.46462
11.14021 0.00000 11.14021 11.14021
3.53836 0.00000 3.53836 3.53836
4.64953 0.00000 4.64953 4.64953
5.64971 0.00000 5.64971 5.64971
5.82979 0.00000 5.82979 5.82979
5.33701 0.00000 5.33701 5.33701
10.06734 0.00000 10.06734 10.06734
5.09810 0.00000 5.09810 5.09810
9.20783 0.00000 9.20783 9.20783
21.37152 0.00000 21.37152 21.37152
8.37123 0.00000 8.37123 8.37123
