# avg	std	min	max
6.41254 0.00000 6.41254 6.41254
4.28046 0.00000 4.28046 4.28046
0.44173 0.00000 0.44173 0.44173
1.19259 0.00000 1.19259 1.19259
-0.01284 0.00000 -0.01284 -0.01284
1.96667 0.00000 1.96667 1.96667
8.01450 0.00000 8.01450 8.01450
18.39040 0.00000 18.39040 18.39040
7.81953 0.00000 7.81953 7.81953
4.93101 0.00000 4.93101 4.93101
2.79514 0.00000 2.79514 2.79514
3.19094 0.00000 3.19094 3.19094
11.66906 0.00000 11.66906 11.66906
4.64492 0.00000 4.64492 4.64492
4.82669 0.00000 4.82669 4.82669
5.63777 0.00000 5.63777 5.63777
6.26118 0.00000 6.26118 6.26118
7.54523 0.00000 7.54523 7.54523
11.08307 0.00000 11.08307 11.08307
8.24474 0.00000 8.24474 8.24474
12.12670 0.00000 12.12670 12.12670
30.35618 0.00000 30.35618 30.35618
9.50952 0.00000 9.50952 9.50952
