# avg	std	min	max
6.56704 0.00000 6.56704 6.56704
4.57330 0.00000 4.57330 4.57330
0.91655 0.00000 0.91655 0.91655
0.86937 0.00000 0.86937 0.86937
-0.00474 0.00000 -0.00474 -0.00474
0.61450 0.00000 0.61450 0.61450
5.54174 0.00000 5.54174 5.54174
16.79758 0.00000 16.79758 16.79758
4.47826 0.00000 4.47826 4.47826
5.95200 0.00000 5.95200 5.95200
3.62501 0.00000 3.62501 3.62501
3.67730 0.00000 3.67730 3.67730
11.01580 0.00000 11.01580 11.01580
4.69166 0.00000 4.69166 4.69166
4.29216 0.00000 4.29216 4.29216
6.14579 0.00000 6.14579 6.14579
5.59565 0.00000 5.59565 5.59565
5.72656 0.00000 5.72656 5.72656
12.00462 0.00000 12.00462 12.00462
4.37929 0.00000 4.37929 4.37929
10.98256 0.00000 10.98256 10.98256
27.26446 0.00000 27.26446 27.26446
10.12808 0.00000 10.12808 10.12808
