# avg	std	min	max
6.11667 0.00000 6.11667 6.11667
4.53547 0.00000 4.53547 4.53547
1.51676 0.00000 1.51676 1.51676
0.36928 0.00000 0.36928 0.36928
-0.00145 0.00000 -0.00145 -0.00145
0.66809 0.00000 0.66809 0.66809
5.90678 0.00000 5.90678 5.90678
15.85120 0.00000 15.85120 15.85120
6.05231 0.00000 6.05231 6.05231
5.47052 0.00000 5.47052 5.47052
3.68811 0.00000 3.68811 3.68811
3.67373 0.00000 3.67373 3.67373
14.39116 0.00000 14.39116 14.39116
4.82229 0.00000 4.82229 4.82229
3.16770 0.00000 3.16770 3.16770
5.64951 0.00000 5.64951 5.64951
4.16852 0.00000 4.16852 4.16852
3.84982 0.00000 3.84982 3.84982
4.67403 0.00000 4.67403 4.67403
4.19828 0.00000 4.19828 4.19828
7.81136 0.00000 7.81136 7.81136
39.53182 0.00000 39.53182 39.53182
5.52459 0.00000 5.52459 5.52459
