# avg	std	min	max
4.87303 0.00000 4.87303 4.87303
3.28356 0.00000 3.28356 3.28356
1.01315 0.00000 1.01315 1.01315
0.31286 0.00000 0.31286 0.31286
-0.04878 0.00000 -0.04878 -0.04878
0.03683 0.00000 0.03683 0.03683
4.86204 0.00000 4.86204 4.86204
9.04147 0.00000 9.04147 9.04147
4.96146 0.00000 4.96146 4.96146
4.42115 0.00000 4.42115 4.42115
2.61616 0.00000 2.61616 2.61616
3.08362 0.00000 3.08362 3.08362
8.07252 0.00000 8.07252 8.07252
3.65828 0.00000 3.65828 3.65828
3.38876 0.00000 3.38876 3.38876
5.28320 0.00000 5.28320 5.28320
4.96983 0.00000 4.96983 4.96983
2.43597 0.00000 2.43597 2.43597
4.91538 0.00000 4.91538 4.91538
5.53670 0.00000 5.53670 5.53670
9.76626 0.00000 9.76626 9.76626
17.17050 0.00000 17.17050 17.17050
8.72365 0.00000 8.72365 8.72365
