# avg	std	min	max
2.23476 0.00000 2.23476 2.23476
1.27594 0.00000 1.27594 1.27594
0.28683 0.00000 0.28683 0.28683
-0.51317 0.00000 -0.51317 -0.51317
0.00001 0.00000 0.00001 0.00001
-0.67526 0.00000 -0.67526 -0.67526
-0.40312 0.00000 -0.40312 -0.40312
0.33718 0.00000 0.33718 0.33718
1.05471 0.00000 1.05471 1.05471
1.75103 0.00000 1.75103 1.75103
0.60081 0.00000 0.60081 0.60081
1.29747 0.00000 1.29747 1.29747
-0.05778 0.00000 -0.05778 -0.05778
1.09208 0.00000 1.09208 1.09208
0.91531 0.00000 0.91531 0.91531
2.50348 0.00000 2.50348 2.50348
1.13146 0.00000 1.13146 1.13146
1.03763 0.00000 1.03763 1.03763
1.80280 0.00000 1.80280 1.80280
0.70508 0.00000 0.70508 0.70508
3.12871 0.00000 3.12871 3.12871
1.13384 0.00000 1.13384 1.13384
2.45850 0.00000 2.45850 2.45850
