# avg	std	min	max
4.59579 0.00000 4.59579 4.59579
2.99643 0.00000 2.99643 2.99643
0.79228 0.00000 0.79228 0.79228
0.34754 0.00000 0.34754 0.34754
-0.01520 0.00000 -0.01520 -0.01520
0.04729 0.00000 0.04729 0.04729
1.65278 0.00000 1.65278 1.65278
6.63303 0.00000 6.63303 6.63303
7.32267 0.00000 7.32267 7.32267
3.66321 0.00000 3.66321 3.66321
2.67926 0.00000 2.67926 2.67926
2.90851 0.00000 2.90851 2.90851
4.15741 0.00000 4.15741 4.15741
3.19492 0.00000 3.19492 3.19492
3.02904 0.00000 3.02904 3.02904
5.39686 0.00000 5.39686 5.39686
4.62923 0.00000 4.62923 4.62923
3.05531 0.00000 3.05531 3.05531
3.57376 0.00000 3.57376 3.57376
2.93179 0.00000 2.93179 2.93179
7.98501 0.00000 7.98501 7.98501
20.97250 0.00000 20.97250 20.97250
6.16666 0.00000 6.16666 6.16666
