# avg	std	min	max
2.69489 0.00000 2.69489 2.69489
1.57624 0.00000 1.57624 1.57624
0.73378 0.00000 0.73378 0.73378
0.53315 0.00000 0.53315 0.53315
-0.00561 0.00000 -0.00561 -0.00561
-0.62209 0.00000 -0.62209 -0.62209
4.66932 0.00000 4.66932 4.66932
3.86290 0.00000 3.86290 3.86290
4.38762 0.00000 4.38762 4.38762
2.42672 0.00000 2.42672 2.42672
1.13204 0.00000 1.13204 1.13204
1.78653 0.00000 1.78653 1.78653
3.63211 0.00000 3.63211 3.63211
2.80523 0.00000 2.80523 2.80523
1.99818 0.00000 1.99818 1.99818
2.16567 0.00000 2.16567 2.16567
1.56378 0.00000 1.56378 1.56378
1.48811 0.00000 1.48811 1.48811
2.81019 0.00000 2.81019 2.81019
4.71713 0.00000 4.71713 4.71713
1.41298 0.00000 1.41298 1.41298
6.57824 0.00000 6.57824 6.57824
0.19329 0.00000 0.19329 0.19329
