# avg	std	min	max
3.20929 0.00000 3.20929 3.20929
1.95627 0.00000 1.95627 1.95627
0.98509 0.00000 0.98509 0.98509
-0.07621 0.00000 -0.07621 -0.07621
-0.00366 0.00000 -0.00366 -0.00366
-0.44306 0.00000 -0.44306 -0.44306
0.04480 0.00000 0.04480 0.04480
2.07976 0.00000 2.07976 2.07976
4.27838 0.00000 4.27838 4.27838
3.17307 0.00000 3.17307 3.17307
2.42590 0.00000 2.42590 2.42590
2.12593 0.00000 2.12593 2.12593
1.27694 0.00000 1.27694 1.27694
1.80953 0.00000 1.80953 1.80953
2.42884 0.00000 2.42884 2.42884
2.05904 0.00000 2.05904 2.05904
2.14511 0.00000 2.14511 2.14511
0.85488 0.00000 0.85488 0.85488
1.74886 0.00000 1.74886 1.74886
2.32031 0.00000 2.32031 2.32031
3.62711 0.00000 3.62711 3.62711
7.89674 0.00000 7.89674 7.89674
2.87099 0.00000 2.87099 2.87099
