# avg	std	min	max
0.02002 0.00000 0.02002 0.02002
-0.53626 0.00000 -0.53626 -0.53626
0.38290 0.00000 0.38290 0.38290
0.17961 0.00000 0.17961 0.17961
0.14746 0.00000 0.14746 0.14746
0.19021 0.00000 0.19021 0.19021
0.30222 0.00000 0.30222 0.30222
0.30236 0.00000 0.30236 0.30236
-0.91469 0.00000 -0.91469 -0.91469
-0.02527 0.00000 -0.02527 -0.02527
-0.15926 0.00000 -0.15926 -0.15926
0.09928 0.00000 0.09928 0.09928
0.22959 0.00000 0.22959 0.22959
0.43682 0.00000 0.43682 0.43682
0.18966 0.00000 0.18966 0.18966
-0.40751 0.00000 -0.40751 -0.40751
-0.47963 0.00000 -0.47963 -0.47963
-0.03953 0.00000 -0.03953 -0.03953
0.15795 0.00000 0.15795 0.15795
0.57364 0.00000 0.57364 0.57364
0.47617 0.00000 0.47617 0.47617
-0.01738 0.00000 -0.01738 -0.01738
0.57921 0.00000 0.57921 0.57921
