# avg	std	min	max
2.39579 0.00000 2.39579 2.39579
1.43010 0.00000 1.43010 1.43010
0.35276 0.00000 0.35276 0.35276
-0.20597 0.00000 -0.20597 -0.20597
-0.24575 0.00000 -0.24575 -0.24575
-0.03157 0.00000 -0.03157 -0.03157
-1.00342 0.00000 -1.00342 -1.00342
-0.51421 0.00000 -0.51421 -0.51421
3.15320 0.00000 3.15320 3.15320
1.35254 0.00000 1.35254 1.35254
1.70790 0.00000 1.70790 1.70790
0.87873 0.00000 0.87873 0.87873
-1.37125 0.00000 -1.37125 -1.37125
0.76058 0.00000 0.76058 0.76058
0.62958 0.00000 0.62958 0.62958
-0.11617 0.00000 -0.11617 -0.11617
0.83192 0.00000 0.83192 0.83192
-0.12088 0.00000 -0.12088 -0.12088
-0.81015 0.00000 -0.81015 -0.81015
1.00150 0.00000 1.00150 1.00150
1.65490 0.00000 1.65490 1.65490
-0.28456 0.00000 -0.28456 -0.28456
2.43354 0.00000 2.43354 2.43354
