# avg	std	min	max
0.47640 0.00000 0.47640 0.47640
0.80156 0.00000 0.80156 0.80156
1.49803 0.00000 1.49803 1.49803
0.06734 0.00000 0.06734 0.06734
1.11400 0.00000 1.11400 1.11400
0.28763 0.00000 0.28763 0.28763
-0.13569 0.00000 -0.13569 -0.13569
1.04766 0.00000 1.04766 1.04766
3.90484 0.00000 3.90484 3.90484
0.77864 0.00000 0.77864 0.77864
1.76718 0.00000 1.76718 1.76718
0.55042 0.00000 0.55042 0.55042
-0.57131 0.00000 -0.57131 -0.57131
0.61583 0.00000 0.61583 0.61583
0.31131 0.00000 0.31131 0.31131
0.87776 0.00000 0.87776 0.87776
1.05986 0.00000 1.05986 1.05986
0.00844 0.00000 0.00844 0.00844
-0.02799 0.00000 -0.02799 -0.02799
0.91453 0.00000 0.91453 0.91453
1.43857 0.00000 1.43857 1.43857
0.79026 0.00000 0.79026 0.79026
3.15608 0.00000 3.15608 3.15608
