# avg	std	min	max
0.70015 0.00000 0.70015 0.70015
0.41841 0.00000 0.41841 0.41841
0.76374 0.00000 0.76374 0.76374
0.12411 0.00000 0.12411 0.12411
0.33507 0.00000 0.33507 0.33507
-0.03562 0.00000 -0.03562 -0.03562
0.13295 0.00000 0.13295 0.13295
0.48206 0.00000 0.48206 0.48206
-1.09301 0.00000 -1.09301 -1.09301
0.24760 0.00000 0.24760 0.24760
0.60937 0.00000 0.60937 0.60937
1.02734 0.00000 1.02734 1.02734
0.17187 0.00000 0.17187 0.17187
0.99743 0.00000 0.99743 0.99743
0.28773 0.00000 0.28773 0.28773
1.49582 0.00000 1.49582 1.49582
0.73151 0.00000 0.73151 0.73151
-0.00001 0.00000 -0.00001 -0.00001
-0.51441 0.00000 -0.51441 -0.51441
0.70894 0.00000 0.70894 0.70894
1.52404 0.00000 1.52404 1.52404
0.33096 0.00000 0.33096 0.33096
1.82631 0.00000 1.82631 1.82631
