# avg	std	min	max
0.68864 0.00000 0.68864 0.68864
0.15526 0.00000 0.15526 0.15526
0.26936 0.00000 0.26936 0.26936
-0.07399 0.00000 -0.07399 -0.07399
0.02709 0.00000 0.02709 0.02709
-0.03403 0.00000 -0.03403 -0.03403
0.01992 0.00000 0.01992 0.01992
-0.09905 0.00000 -0.09905 -0.09905
-0.87800 0.00000 -0.87800 -0.87800
0.52041 0.00000 0.52041 0.52041
0.45315 0.00000 0.45315 0.45315
0.32663 0.00000 0.32663 0.32663
0.16864 0.00000 0.16864 0.16864
0.43986 0.00000 0.43986 0.43986
-0.17416 0.00000 -0.17416 -0.17416
-0.26691 0.00000 -0.26691 -0.26691
-0.56336 0.00000 -0.56336 -0.56336
-0.00843 0.00000 -0.00843 -0.00843
0.09403 0.00000 0.09403 0.09403
0.60664 0.00000 0.60664 0.60664
0.02774 0.00000 0.02774 0.02774
-0.03639 0.00000 -0.03639 -0.03639
0.51393 0.00000 0.51393 0.51393
