# avg	std	min	max
1.21020 0.00000 1.21020 1.21020
0.29821 0.00000 0.29821 0.29821
0.52853 0.00000 0.52853 0.52853
-0.00817 0.00000 -0.00817 -0.00817
0.15105 0.00000 0.15105 0.15105
-0.19170 0.00000 -0.19170 -0.19170
0.30078 0.00000 0.30078 0.30078
0.60108 0.00000 0.60108 0.60108
2.10749 0.00000 2.10749 2.10749
0.59206 0.00000 0.59206 0.59206
1.14732 0.00000 1.14732 1.14732
1.13198 0.00000 1.13198 1.13198
0.32002 0.00000 0.32002 0.32002
1.05699 0.00000 1.05699 1.05699
0.23554 0.00000 0.23554 0.23554
0.99196 0.00000 0.99196 0.99196
0.45181 0.00000 0.45181 0.45181
-0.01375 0.00000 -0.01375 -0.01375
0.29609 0.00000 0.29609 0.29609
1.00584 0.00000 1.00584 1.00584
0.63497 0.00000 0.63497 0.63497
0.20024 0.00000 0.20024 0.20024
0.95332 0.00000 0.95332 0.95332
