# avg	std	min	max
0.45967 0.00000 0.45967 0.45967
0.36779 0.00000 0.36779 0.36779
0.48324 0.00000 0.48324 0.48324
0.24416 0.00000 0.24416 0.24416
0.30517 0.00000 0.30517 0.30517
0.39876 0.00000 0.39876 0.39876
0.32352 0.00000 0.32352 0.32352
0.57103 0.00000 0.57103 0.57103
-0.37819 0.00000 -0.37819 -0.37819
0.10610 0.00000 0.10610 0.10610
0.09571 0.00000 0.09571 0.09571
0.33391 0.00000 0.33391 0.33391
0.37453 0.00000 0.37453 0.37453
0.17157 0.00000 0.17157 0.17157
-0.03304 0.00000 -0.03304 -0.03304
-0.34598 0.00000 -0.34598 -0.34598
-0.34645 0.00000 -0.34645 -0.34645
-0.00000 0.00000 -0.00000 -0.00000
0.07486 0.00000 0.07486 0.07486
0.36508 0.00000 0.36508 0.36508
-0.03544 0.00000 -0.03544 -0.03544
0.29485 0.00000 0.29485 0.29485
0.50206 0.00000 0.50206 0.50206
