# avg	std	min	max
2.13486 0.00000 2.13486 2.13486
1.18261 0.00000 1.18261 1.18261
1.33632 0.00000 1.33632 1.33632
0.62006 0.00000 0.62006 0.62006
0.65805 0.00000 0.65805 0.65805
0.54417 0.00000 0.54417 0.54417
1.70679 0.00000 1.70679 1.70679
1.95264 0.00000 1.95264 1.95264
3.51692 0.00000 3.51692 3.51692
1.72289 0.00000 1.72289 1.72289
2.47668 0.00000 2.47668 2.47668
2.12700 0.00000 2.12700 2.12700
1.88340 0.00000 1.88340 1.88340
2.41019 0.00000 2.41019 2.41019
1.15074 0.00000 1.15074 1.15074
3.72917 0.00000 3.72917 3.72917
1.90363 0.00000 1.90363 1.90363
-0.00247 0.00000 -0.00247 -0.00247
0.29132 0.00000 0.29132 0.29132
2.92042 0.00000 2.92042 2.92042
2.84893 0.00000 2.84893 2.84893
2.36264 0.00000 2.36264 2.36264
3.43441 0.00000 3.43441 3.43441
