# avg	std	min	max
0.15747 0.00000 0.15747 0.15747
-0.00249 0.00000 -0.00249 -0.00249
0.09700 0.00000 0.09700 0.09700
-0.15154 0.00000 -0.15154 -0.15154
0.02611 0.00000 0.02611 0.02611
-0.30887 0.00000 -0.30887 -0.30887
-0.42884 0.00000 -0.42884 -0.42884
-0.19736 0.00000 -0.19736 -0.19736
-0.38394 0.00000 -0.38394 -0.38394
0.13226 0.00000 0.13226 0.13226
-0.00772 0.00000 -0.00772 -0.00772
0.15158 0.00000 0.15158 0.15158
-0.28834 0.00000 -0.28834 -0.28834
0.20750 0.00000 0.20750 0.20750
-0.25231 0.00000 -0.25231 -0.25231
-0.02772 0.00000 -0.02772 -0.02772
-0.67966 0.00000 -0.67966 -0.67966
-0.00255 0.00000 -0.00255 -0.00255
-0.02814 0.00000 -0.02814 -0.02814
-0.09236 0.00000 -0.09236 -0.09236
-0.79830 0.00000 -0.79830 -0.79830
-0.26884 0.00000 -0.26884 -0.26884
0.07341 0.00000 0.07341 0.07341
