# avg	std	min	max
0.04064 0.00000 0.04064 0.04064
-0.58489 0.00000 -0.58489 -0.58489
0.34679 0.00000 0.34679 0.34679
-0.26277 0.00000 -0.26277 -0.26277
0.23341 0.00000 0.23341 0.23341
-0.25111 0.00000 -0.25111 -0.25111
-0.23367 0.00000 -0.23367 -0.23367
-0.14125 0.00000 -0.14125 -0.14125
-1.42482 0.00000 -1.42482 -1.42482
-1.21400 0.00000 -1.21400 -1.21400
-0.21850 0.00000 -0.21850 -0.21850
-0.33796 0.00000 -0.33796 -0.33796
-0.17253 0.00000 -0.17253 -0.17253
-0.38563 0.00000 -0.38563 -0.38563
-0.40081 0.00000 -0.40081 -0.40081
-1.76327 0.00000 -1.76327 -1.76327
-1.87227 0.00000 -1.87227 -1.87227
0.00390 0.00000 0.00390 0.00390
0.10045 0.00000 0.10045 0.10045
-0.20242 0.00000 -0.20242 -0.20242
-1.21084 0.00000 -1.21084 -1.21084
-1.20146 0.00000 -1.20146 -1.20146
-0.03173 0.00000 -0.03173 -0.03173
