# avg	std	min	max
1.06777 0.00000 1.06777 1.06777
0.79552 0.00000 0.79552 0.79552
0.70370 0.00000 0.70370 0.70370
-0.18607 0.00000 -0.18607 -0.18607
0.13468 0.00000 0.13468 0.13468
-0.19976 0.00000 -0.19976 -0.19976
-0.36716 0.00000 -0.36716 -0.36716
-0.46006 0.00000 -0.46006 -0.46006
3.91190 0.00000 3.91190 3.91190
0.30251 0.00000 0.30251 0.30251
0.22678 0.00000 0.22678 0.22678
0.83766 0.00000 0.83766 0.83766
-0.01709 0.00000 -0.01709 -0.01709
0.49557 0.00000 0.49557 0.49557
0.22973 0.00000 0.22973 0.22973
1.10133 0.00000 1.10133 1.10133
0.70293 0.00000 0.70293 0.70293
-0.00993 0.00000 -0.00993 -0.00993
0.25734 0.00000 0.25734 0.25734
0.12485 0.00000 0.12485 0.12485
1.54892 0.00000 1.54892 1.54892
0.82295 0.00000 0.82295 0.82295
1.75148 0.00000 1.75148 1.75148
