# avg	std	min	max
1.27231 0.00000 1.27231 1.27231
0.87014 0.00000 0.87014 0.87014
0.73464 0.00000 0.73464 0.73464
0.15045 0.00000 0.15045 0.15045
0.24266 0.00000 0.24266 0.24266
0.69213 0.00000 0.69213 0.69213
0.27139 0.00000 0.27139 0.27139
0.49493 0.00000 0.49493 0.49493
2.26084 0.00000 2.26084 2.26084
1.31013 0.00000 1.31013 1.31013
1.07204 0.00000 1.07204 1.07204
1.33217 0.00000 1.33217 1.33217
0.35614 0.00000 0.35614 0.35614
0.13683 0.00000 0.13683 0.13683
0.27153 0.00000 0.27153 0.27153
1.50971 0.00000 1.50971 1.50971
1.09262 0.00000 1.09262 1.09262
-0.00240 0.00000 -0.00240 -0.00240
-0.91816 0.00000 -0.91816 -0.91816
0.38454 0.00000 0.38454 0.38454
1.92753 0.00000 1.92753 1.92753
0.37161 0.00000 0.37161 0.37161
1.99366 0.00000 1.99366 1.99366
