# avg	std	min	max
-0.16050 0.00000 -0.16050 -0.16050
0.52779 0.00000 0.52779 0.52779
1.10969 0.00000 1.10969 1.10969
-0.01534 0.00000 -0.01534 -0.01534
0.37332 0.00000 0.37332 0.37332
0.66613 0.00000 0.66613 0.66613
0.34234 0.00000 0.34234 0.34234
0.26305 0.00000 0.26305 0.26305
2.20981 0.00000 2.20981 2.20981
0.58934 0.00000 0.58934 0.58934
1.12879 0.00000 1.12879 1.12879
0.67284 0.00000 0.67284 0.67284
0.31842 0.00000 0.31842 0.31842
0.25459 0.00000 0.25459 0.25459
0.50728 0.00000 0.50728 0.50728
0.20670 0.00000 0.20670 0.20670
0.40625 0.00000 0.40625 0.40625
0.25429 0.00000 0.25429 0.25429
0.03368 0.00000 0.03368 0.03368
0.96094 0.00000 0.96094 0.96094
0.66057 0.00000 0.66057 0.66057
0.38835 0.00000 0.38835 0.38835
1.93879 0.00000 1.93879 1.93879
