# avg	std	min	max
4.85563 0.00000 4.85563 4.85563
3.34343 0.00000 3.34343 3.34343
3.62735 0.00000 3.62735 3.62735
-0.02954 0.00000 -0.02954 -0.02954
3.90643 0.00000 3.90643 3.90643
0.77358 0.00000 0.77358 0.77358
0.72076 0.00000 0.72076 0.72076
2.30415 0.00000 2.30415 2.30415
4.82619 0.00000 4.82619 4.82619
3.75138 0.00000 3.75138 3.75138
3.87461 0.00000 3.87461 3.87461
2.89504 0.00000 2.89504 2.89504
1.05974 0.00000 1.05974 1.05974
2.84236 0.00000 2.84236 2.84236
2.50905 0.00000 2.50905 2.50905
4.38818 0.00000 4.38818 4.38818
3.90649 0.00000 3.90649 3.90649
1.33308 0.00000 1.33308 1.33308
2.24461 0.00000 2.24461 2.24461
3.20454 0.00000 3.20454 3.20454
6.18598 0.00000 6.18598 6.18598
4.62057 0.00000 4.62057 4.62057
8.94657 0.00000 8.94657 8.94657
