# avg	std	min	max
4.03239 0.00000 4.03239 4.03239
2.73712 0.00000 2.73712 2.73712
3.85035 0.00000 3.85035 3.85035
-0.01861 0.00000 -0.01861 -0.01861
2.90215 0.00000 2.90215 2.90215
-0.14651 0.00000 -0.14651 -0.14651
0.04309 0.00000 0.04309 0.04309
1.01877 0.00000 1.01877 1.01877
11.84584 0.00000 11.84584 11.84584
4.10487 0.00000 4.10487 4.10487
5.32478 0.00000 5.32478 5.32478
3.01284 0.00000 3.01284 3.01284
1.42733 0.00000 1.42733 1.42733
3.74747 0.00000 3.74747 3.74747
2.46129 0.00000 2.46129 2.46129
4.42008 0.00000 4.42008 4.42008
3.95370 0.00000 3.95370 3.95370
2.02617 0.00000 2.02617 2.02617
3.79337 0.00000 3.79337 3.79337
3.34519 0.00000 3.34519 3.34519
7.65157 0.00000 7.65157 7.65157
12.18423 0.00000 12.18423 12.18423
11.65200 0.00000 11.65200 11.65200
