# avg	std	min	max
5.36032 0.00000 5.36032 5.36032
3.79719 0.00000 3.79719 3.79719
3.89896 0.00000 3.89896 3.89896
-0.01282 0.00000 -0.01282 -0.01282
2.66626 0.00000 2.66626 2.66626
1.28874 0.00000 1.28874 1.28874
7.69606 0.00000 7.69606 7.69606
12.62852 0.00000 12.62852 12.62852
7.37003 0.00000 7.37003 7.37003
3.81967 0.00000 3.81967 3.81967
1.76943 0.00000 1.76943 1.76943
3.80487 0.00000 3.80487 3.80487
13.43126 0.00000 13.43126 13.43126
2.82829 0.00000 2.82829 2.82829
3.06447 0.00000 3.06447 3.06447
5.94588 0.00000 5.94588 5.94588
4.82809 0.00000 4.82809 4.82809
5.52372 0.00000 5.52372 5.52372
9.16587 0.00000 9.16587 9.16587
2.79472 0.00000 2.79472 2.79472
7.90769 0.00000 7.90769 7.90769
28.59676 0.00000 28.59676 28.59676
12.82912 0.00000 12.82912 12.82912
