# avg	std	min	max
5.48946 0.00000 5.48946 5.48946
3.91640 0.00000 3.91640 3.91640
2.51651 0.00000 2.51651 2.51651
-0.04376 0.00000 -0.04376 -0.04376
2.16911 0.00000 2.16911 2.16911
0.04287 0.00000 0.04287 0.04287
-0.01635 0.00000 -0.01635 -0.01635
2.01660 0.00000 2.01660 2.01660
4.37163 0.00000 4.37163 4.37163
4.39442 0.00000 4.39442 4.39442
3.67408 0.00000 3.67408 3.67408
4.07367 0.00000 4.07367 4.07367
1.58023 0.00000 1.58023 1.58023
4.57449 0.00000 4.57449 4.57449
3.73870 0.00000 3.73870 3.73870
6.65594 0.00000 6.65594 6.65594
5.67624 0.00000 5.67624 5.67624
2.70874 0.00000 2.70874 2.70874
4.06081 0.00000 4.06081 4.06081
3.20061 0.00000 3.20061 3.20061
9.59734 0.00000 9.59734 9.59734
9.34636 0.00000 9.34636 9.34636
8.79763 0.00000 8.79763 8.79763
