# avg	std	min	max
4.73445 0.00000 4.73445 4.73445
3.79216 0.00000 3.79216 3.79216
2.35955 0.00000 2.35955 2.35955
-0.02961 0.00000 -0.02961 -0.02961
0.57046 0.00000 0.57046 0.57046
0.02195 0.00000 0.02195 0.02195
2.65922 0.00000 2.65922 2.65922
3.36738 0.00000 3.36738 3.36738
5.04845 0.00000 5.04845 5.04845
4.22210 0.00000 4.22210 4.22210
2.43137 0.00000 2.43137 2.43137
3.63445 0.00000 3.63445 3.63445
3.12156 0.00000 3.12156 3.12156
4.18069 0.00000 4.18069 4.18069
3.30355 0.00000 3.30355 3.30355
5.59617 0.00000 5.59617 5.59617
4.97808 0.00000 4.97808 4.97808
3.51032 0.00000 3.51032 3.51032
3.40989 0.00000 3.40989 3.40989
4.05718 0.00000 4.05718 4.05718
7.34074 0.00000 7.34074 7.34074
3.68385 0.00000 3.68385 3.68385
9.39870 0.00000 9.39870 9.39870
