# avg	std	min	max
2.61104 0.00000 2.61104 2.61104
1.39438 0.00000 1.39438 1.39438
1.73692 0.00000 1.73692 1.73692
-0.01337 0.00000 -0.01337 -0.01337
0.98347 0.00000 0.98347 0.98347
-0.10179 0.00000 -0.10179 -0.10179
0.47402 0.00000 0.47402 0.47402
2.05759 0.00000 2.05759 2.05759
3.04341 0.00000 3.04341 3.04341
1.84913 0.00000 1.84913 1.84913
1.34032 0.00000 1.34032 1.34032
1.63710 0.00000 1.63710 1.63710
0.26199 0.00000 0.26199 0.26199
1.87666 0.00000 1.87666 1.87666
2.06814 0.00000 2.06814 2.06814
2.94523 0.00000 2.94523 2.94523
2.45097 0.00000 2.45097 2.45097
1.13155 0.00000 1.13155 1.13155
1.17602 0.00000 1.17602 1.17602
1.63502 0.00000 1.63502 1.63502
4.34547 0.00000 4.34547 4.34547
0.56911 0.00000 0.56911 0.56911
6.39781 0.00000 6.39781 6.39781
