# avg	std	min	max
6.05363 0.00000 6.05363 6.05363
4.63492 0.00000 4.63492 4.63492
1.23502 0.00000 1.23502 1.23502
-0.04308 0.00000 -0.04308 -0.04308
0.56096 0.00000 0.56096 0.56096
-0.07995 0.00000 -0.07995 -0.07995
5.07843 0.00000 5.07843 5.07843
8.41243 0.00000 8.41243 8.41243
8.57012 0.00000 8.57012 8.57012
5.52011 0.00000 5.52011 5.52011
3.55538 0.00000 3.55538 3.55538
3.68653 0.00000 3.68653 3.68653
7.78336 0.00000 7.78336 7.78336
3.45342 0.00000 3.45342 3.45342
3.71645 0.00000 3.71645 3.71645
5.77181 0.00000 5.77181 5.77181
5.26606 0.00000 5.26606 5.26606
3.75498 0.00000 3.75498 3.75498
4.05884 0.00000 4.05884 4.05884
6.69068 0.00000 6.69068 6.69068
9.13422 0.00000 9.13422 9.13422
32.50302 0.00000 32.50302 32.50302
12.09264 0.00000 12.09264 12.09264
