# avg	std	min	max
5.55495 0.00000 5.55495 5.55495
4.35447 0.00000 4.35447 4.35447
1.43273 0.00000 1.43273 1.43273
-0.02083 0.00000 -0.02083 -0.02083
0.26106 0.00000 0.26106 0.26106
-0.24032 0.00000 -0.24032 -0.24032
2.51546 0.00000 2.51546 2.51546
1.95706 0.00000 1.95706 1.95706
5.19695 0.00000 5.19695 5.19695
5.22567 0.00000 5.22567 5.22567
3.38931 0.00000 3.38931 3.38931
3.19695 0.00000 3.19695 3.19695
3.81367 0.00000 3.81367 3.81367
3.49263 0.00000 3.49263 3.49263
3.08019 0.00000 3.08019 3.08019
5.68142 0.00000 5.68142 5.68142
4.09034 0.00000 4.09034 4.09034
2.84891 0.00000 2.84891 2.84891
2.89572 0.00000 2.89572 2.89572
3.51311 0.00000 3.51311 3.51311
7.55113 0.00000 7.55113 7.55113
19.30580 0.00000 19.30580 19.30580
6.94210 0.00000 6.94210 6.94210
