# avg	std	min	max
3.25267 0.00000 3.25267 3.25267
2.23538 0.00000 2.23538 2.23538
1.77005 0.00000 1.77005 1.77005
0.00762 0.00000 0.00762 0.00762
1.15722 0.00000 1.15722 1.15722
-0.53344 0.00000 -0.53344 -0.53344
1.12103 0.00000 1.12103 1.12103
0.87856 0.00000 0.87856 0.87856
1.19496 0.00000 1.19496 1.19496
2.45425 0.00000 2.45425 2.45425
2.19460 0.00000 2.19460 2.19460
2.23235 0.00000 2.23235 2.23235
1.17390 0.00000 1.17390 1.17390
2.60832 0.00000 2.60832 2.60832
1.89880 0.00000 1.89880 1.89880
2.47138 0.00000 2.47138 2.47138
2.20421 0.00000 2.20421 2.20421
1.45887 0.00000 1.45887 1.45887
1.50549 0.00000 1.50549 1.50549
1.74536 0.00000 1.74536 1.74536
2.77008 0.00000 2.77008 2.77008
1.04862 0.00000 1.04862 1.04862
3.01167 0.00000 3.01167 3.01167
