# avg	std	min	max
1.63642 0.00000 1.63642 1.63642
1.13166 0.00000 1.13166 1.13166
1.37101 0.00000 1.37101 1.37101
-0.06033 0.00000 -0.06033 -0.06033
0.55713 0.00000 0.55713 0.55713
-0.39085 0.00000 -0.39085 -0.39085
-0.28995 0.00000 -0.28995 -0.28995
1.43473 0.00000 1.43473 1.43473
-0.08514 0.00000 -0.08514 -0.08514
1.52051 0.00000 1.52051 1.52051
0.91645 0.00000 0.91645 0.91645
1.77500 0.00000 1.77500 1.77500
-0.09582 0.00000 -0.09582 -0.09582
1.87616 0.00000 1.87616 1.87616
1.06307 0.00000 1.06307 1.06307
0.34034 0.00000 0.34034 0.34034
0.68594 0.00000 0.68594 0.68594
0.91665 0.00000 0.91665 0.91665
1.41889 0.00000 1.41889 1.41889
1.46076 0.00000 1.46076 1.46076
1.31538 0.00000 1.31538 1.31538
0.16407 0.00000 0.16407 0.16407
1.02120 0.00000 1.02120 1.02120
