# avg	std	min	max
0.60420 0.00000 0.60420 0.60420
0.49090 0.00000 0.49090 0.49090
0.23934 0.00000 0.23934 0.23934
-0.07381 0.00000 -0.07381 -0.07381
-0.10487 0.00000 -0.10487 -0.10487
-0.05738 0.00000 -0.05738 -0.05738
-0.23869 0.00000 -0.23869 -0.23869
-0.03756 0.00000 -0.03756 -0.03756
0.25035 0.00000 0.25035 0.25035
0.51724 0.00000 0.51724 0.51724
0.31466 0.00000 0.31466 0.31466
0.40608 0.00000 0.40608 0.40608
-0.17339 0.00000 -0.17339 -0.17339
0.32621 0.00000 0.32621 0.32621
-0.08819 0.00000 -0.08819 -0.08819
0.45078 0.00000 0.45078 0.45078
0.23382 0.00000 0.23382 0.23382
0.09290 0.00000 0.09290 0.09290
-0.05758 0.00000 -0.05758 -0.05758
0.33811 0.00000 0.33811 0.33811
0.45241 0.00000 0.45241 0.45241
-0.31107 0.00000 -0.31107 -0.31107
0.24997 0.00000 0.24997 0.24997
