# avg	std	min	max
0.24604 0.00000 0.24604 0.24604
0.01251 0.00000 0.01251 0.01251
0.13003 0.00000 0.13003 0.13003
-0.01713 0.00000 -0.01713 -0.01713
0.16403 0.00000 0.16403 0.16403
-0.00755 0.00000 -0.00755 -0.00755
-0.12071 0.00000 -0.12071 -0.12071
-0.16448 0.00000 -0.16448 -0.16448
-0.51906 0.00000 -0.51906 -0.51906
0.13768 0.00000 0.13768 0.13768
0.05672 0.00000 0.05672 0.05672
0.14055 0.00000 0.14055 0.14055
-0.07841 0.00000 -0.07841 -0.07841
0.16562 0.00000 0.16562 0.16562
-0.19385 0.00000 -0.19385 -0.19385
0.02860 0.00000 0.02860 0.02860
-0.49541 0.00000 -0.49541 -0.49541
0.04278 0.00000 0.04278 0.04278
0.05386 0.00000 0.05386 0.05386
0.06954 0.00000 0.06954 0.06954
0.19994 0.00000 0.19994 0.19994
-0.28175 0.00000 -0.28175 -0.28175
0.17707 0.00000 0.17707 0.17707
