# avg	std	min	max
3.39562 0.00000 3.39562 3.39562
2.69898 0.00000 2.69898 2.69898
2.33416 0.00000 2.33416 2.33416
-0.02250 0.00000 -0.02250 -0.02250
1.24403 0.00000 1.24403 1.24403
0.32744 0.00000 0.32744 0.32744
2.96025 0.00000 2.96025 2.96025
2.37941 0.00000 2.37941 2.37941
1.92792 0.00000 1.92792 1.92792
3.37739 0.00000 3.37739 3.37739
2.11435 0.00000 2.11435 2.11435
2.06151 0.00000 2.06151 2.06151
2.66803 0.00000 2.66803 2.66803
2.62356 0.00000 2.62356 2.62356
2.13656 0.00000 2.13656 2.13656
2.75262 0.00000 2.75262 2.75262
2.35476 0.00000 2.35476 2.35476
1.78550 0.00000 1.78550 1.78550
1.81376 0.00000 1.81376 1.81376
2.87591 0.00000 2.87591 2.87591
3.08654 0.00000 3.08654 3.08654
2.72187 0.00000 2.72187 2.72187
3.44461 0.00000 3.44461 3.44461
