# avg	std	min	max
5.75305 0.00000 5.75305 5.75305
4.55012 0.00000 4.55012 4.55012
3.38565 0.00000 3.38565 3.38565
-0.02030 0.00000 -0.02030 -0.02030
2.05549 0.00000 2.05549 2.05549
1.46084 0.00000 1.46084 1.46084
4.47992 0.00000 4.47992 4.47992
7.35558 0.00000 7.35558 7.35558
3.53907 0.00000 3.53907 3.53907
5.53362 0.00000 5.53362 5.53362
4.97054 0.00000 4.97054 4.97054
3.36242 0.00000 3.36242 3.36242
5.74325 0.00000 5.74325 5.74325
3.56927 0.00000 3.56927 3.56927
4.48690 0.00000 4.48690 4.48690
5.88901 0.00000 5.88901 5.88901
5.25339 0.00000 5.25339 5.25339
5.36065 0.00000 5.36065 5.36065
5.44575 0.00000 5.44575 5.44575
4.42725 0.00000 4.42725 4.42725
8.37392 0.00000 8.37392 8.37392
4.95691 0.00000 4.95691 4.95691
10.58249 0.00000 10.58249 10.58249
