# avg	std	min	max
5.98372 0.00000 5.98372 5.98372
4.19593 0.00000 4.19593 4.19593
3.13953 0.00000 3.13953 3.13953
-0.00294 0.00000 -0.00294 -0.00294
4.04497 0.00000 4.04497 4.04497
-0.08247 0.00000 -0.08247 -0.08247
1.05330 0.00000 1.05330 1.05330
5.81753 0.00000 5.81753 5.81753
9.01988 0.00000 9.01988 9.01988
5.04378 0.00000 5.04378 5.04378
5.25491 0.00000 5.25491 5.25491
3.82450 0.00000 3.82450 3.82450
6.23591 0.00000 6.23591 6.23591
4.64706 0.00000 4.64706 4.64706
3.64319 0.00000 3.64319 3.64319
6.01512 0.00000 6.01512 6.01512
5.15456 0.00000 5.15456 5.15456
3.73845 0.00000 3.73845 3.73845
4.37023 0.00000 4.37023 4.37023
3.10005 0.00000 3.10005 3.10005
8.67322 0.00000 8.67322 8.67322
28.20574 0.00000 28.20574 28.20574
12.43418 0.00000 12.43418 12.43418
