# avg	std	min	max
4.94449 0.00000 4.94449 4.94449
3.05104 0.00000 3.05104 3.05104
2.17385 0.00000 2.17385 2.17385
-0.04434 0.00000 -0.04434 -0.04434
1.41022 0.00000 1.41022 1.41022
0.61718 0.00000 0.61718 0.61718
3.84930 0.00000 3.84930 3.84930
6.96766 0.00000 6.96766 6.96766
3.70519 0.00000 3.70519 3.70519
4.15695 0.00000 4.15695 4.15695
3.70044 0.00000 3.70044 3.70044
3.15978 0.00000 3.15978 3.15978
4.46258 0.00000 4.46258 4.46258
3.72870 0.00000 3.72870 3.72870
2.66982 0.00000 2.66982 2.66982
4.66273 0.00000 4.66273 4.66273
3.90513 0.00000 3.90513 3.90513
1.37207 0.00000 1.37207 1.37207
2.46214 0.00000 2.46214 2.46214
5.07910 0.00000 5.07910 5.07910
7.16405 0.00000 7.16405 7.16405
13.78110 0.00000 13.78110 13.78110
9.17081 0.00000 9.17081 9.17081
