# avg	std	min	max
2.92152 0.00000 2.92152 2.92152
2.11983 0.00000 2.11983 2.11983
1.75682 0.00000 1.75682 1.75682
-0.00321 0.00000 -0.00321 -0.00321
0.39308 0.00000 0.39308 0.39308
0.21578 0.00000 0.21578 0.21578
2.31055 0.00000 2.31055 2.31055
3.34350 0.00000 3.34350 3.34350
1.30402 0.00000 1.30402 1.30402
2.76431 0.00000 2.76431 2.76431
2.18974 0.00000 2.18974 2.18974
2.21174 0.00000 2.21174 2.21174
2.80351 0.00000 2.80351 2.80351
1.73984 0.00000 1.73984 1.73984
2.42972 0.00000 2.42972 2.42972
2.32341 0.00000 2.32341 2.32341
1.36334 0.00000 1.36334 1.36334
1.69290 0.00000 1.69290 1.69290
0.87383 0.00000 0.87383 0.87383
2.65500 0.00000 2.65500 2.65500
3.31972 0.00000 3.31972 3.31972
3.62953 0.00000 3.62953 3.62953
2.82178 0.00000 2.82178 2.82178
