# avg	std	min	max
2.63182 0.00000 2.63182 2.63182
1.98672 0.00000 1.98672 1.98672
1.15096 0.00000 1.15096 1.15096
-0.02963 0.00000 -0.02963 -0.02963
1.60564 0.00000 1.60564 1.60564
0.53301 0.00000 0.53301 0.53301
0.02872 0.00000 0.02872 0.02872
0.02385 0.00000 0.02385 0.02385
2.98170 0.00000 2.98170 2.98170
2.57946 0.00000 2.57946 2.57946
2.40085 0.00000 2.40085 2.40085
1.95552 0.00000 1.95552 1.95552
0.50399 0.00000 0.50399 0.50399
2.46778 0.00000 2.46778 2.46778
1.53700 0.00000 1.53700 1.53700
3.48514 0.00000 3.48514 3.48514
2.10033 0.00000 2.10033 2.10033
0.72295 0.00000 0.72295 0.72295
0.90086 0.00000 0.90086 0.90086
2.15687 0.00000 2.15687 2.15687
3.52403 0.00000 3.52403 3.52403
0.52569 0.00000 0.52569 0.52569
4.96214 0.00000 4.96214 4.96214
