# avg	std	min	max
5.20882 0.00000 5.20882 5.20882
3.49144 0.00000 3.49144 3.49144
3.76305 0.00000 3.76305 3.76305
-0.00234 0.00000 -0.00234 -0.00234
2.43500 0.00000 2.43500 2.43500
0.01340 0.00000 0.01340 0.01340
1.78157 0.00000 1.78157 1.78157
5.35967 0.00000 5.35967 5.35967
6.26384 0.00000 6.26384 6.26384
4.90964 0.00000 4.90964 4.90964
4.57221 0.00000 4.57221 4.57221
3.44599 0.00000 3.44599 3.44599
3.18428 0.00000 3.18428 3.18428
3.02418 0.00000 3.02418 3.02418
3.56609 0.00000 3.56609 3.56609
5.88188 0.00000 5.88188 5.88188
5.41871 0.00000 5.41871 5.41871
3.91221 0.00000 3.91221 3.91221
5.89186 0.00000 5.89186 5.89186
5.13754 0.00000 5.13754 5.13754
10.24182 0.00000 10.24182 10.24182
20.24598 0.00000 20.24598 20.24598
12.10440 0.00000 12.10440 12.10440
