# avg	std	min	max
5.76173 0.00000 5.76173 5.76173
3.93442 0.00000 3.93442 3.93442
2.86222 0.00000 2.86222 2.86222
-0.00770 0.00000 -0.00770 -0.00770
1.87491 0.00000 1.87491 1.87491
0.54338 0.00000 0.54338 0.54338
2.97159 0.00000 2.97159 2.97159
9.11429 0.00000 9.11429 9.11429
7.98477 0.00000 7.98477 7.98477
4.75909 0.00000 4.75909 4.75909
3.19640 0.00000 3.19640 3.19640
3.81717 0.00000 3.81717 3.81717
5.58385 0.00000 5.58385 5.58385
3.23774 0.00000 3.23774 3.23774
4.35028 0.00000 4.35028 4.35028
5.90437 0.00000 5.90437 5.90437
5.42155 0.00000 5.42155 5.42155
4.51582 0.00000 4.51582 4.51582
7.73658 0.00000 7.73658 7.73658
3.35855 0.00000 3.35855 3.35855
9.28877 0.00000 9.28877 9.28877
12.25982 0.00000 12.25982 12.25982
8.69610 0.00000 8.69610 8.69610
