# avg	std	min	max
5.85321 0.00000 5.85321 5.85321
4.06547 0.00000 4.06547 4.06547
2.39262 0.00000 2.39262 2.39262
-0.02540 0.00000 -0.02540 -0.02540
0.96931 0.00000 0.96931 0.96931
-0.28857 0.00000 -0.28857 -0.28857
4.65590 0.00000 4.65590 4.65590
6.51376 0.00000 6.51376 6.51376
5.62418 0.00000 5.62418 5.62418
5.06127 0.00000 5.06127 5.06127
2.96997 0.00000 2.96997 2.96997
3.19792 0.00000 3.19792 3.19792
5.92219 0.00000 5.92219 5.92219
4.00734 0.00000 4.00734 4.00734
3.53128 0.00000 3.53128 3.53128
4.79188 0.00000 4.79188 4.79188
4.09859 0.00000 4.09859 4.09859
4.23636 0.00000 4.23636 4.23636
4.91359 0.00000 4.91359 4.91359
5.32554 0.00000 5.32554 5.32554
6.84817 0.00000 6.84817 6.84817
15.94558 0.00000 15.94558 15.94558
6.94573 0.00000 6.94573 6.94573
