# avg	std	min	max
2.95663 0.00000 2.95663 2.95663
1.77431 0.00000 1.77431 1.77431
1.77414 0.00000 1.77414 1.77414
0.55778 0.00000 0.55778 0.55778
1.37473 0.00000 1.37473 1.37473
-0.03989 0.00000 -0.03989 -0.03989
1.25255 0.00000 1.25255 1.25255
0.89493 0.00000 0.89493 0.89493
4.75145 0.00000 4.75145 4.75145
1.87741 0.00000 1.87741 1.87741
1.59161 0.00000 1.59161 1.59161
2.02459 0.00000 2.02459 2.02459
1.08518 0.00000 1.08518 1.08518
1.89257 0.00000 1.89257 1.89257
1.46082 0.00000 1.46082 1.46082
2.46801 0.00000 2.46801 2.46801
1.59111 0.00000 1.59111 1.59111
1.30718 0.00000 1.30718 1.30718
0.83518 0.00000 0.83518 0.83518
1.91430 0.00000 1.91430 1.91430
2.82966 0.00000 2.82966 2.82966
1.46477 0.00000 1.46477 1.46477
3.74658 0.00000 3.74658 3.74658
