# avg	std	min	max
2.59145 0.00000 2.59145 2.59145
1.53446 0.00000 1.53446 1.53446
1.66524 0.00000 1.66524 1.66524
0.34889 0.00000 0.34889 0.34889
0.58290 0.00000 0.58290 0.58290
-0.00413 0.00000 -0.00413 -0.00413
0.20515 0.00000 0.20515 0.20515
1.44366 0.00000 1.44366 1.44366
6.53177 0.00000 6.53177 6.53177
1.75703 0.00000 1.75703 1.75703
2.04431 0.00000 2.04431 2.04431
1.85801 0.00000 1.85801 1.85801
-0.33459 0.00000 -0.33459 -0.33459
1.55972 0.00000 1.55972 1.55972
1.40495 0.00000 1.40495 1.40495
2.66769 0.00000 2.66769 2.66769
2.12966 0.00000 2.12966 2.12966
0.69904 0.00000 0.69904 0.69904
1.23183 0.00000 1.23183 1.23183
1.35199 0.00000 1.35199 1.35199
3.10128 0.00000 3.10128 3.10128
1.63456 0.00000 1.63456 1.63456
3.31697 0.00000 3.31697 3.31697
