# avg	std	min	max
-0.01273 0.00000 -0.01273 -0.01273
0.04580 0.00000 0.04580 0.04580
0.06460 0.00000 0.06460 0.06460
0.04927 0.00000 0.04927 0.04927
0.06411 0.00000 0.06411 0.06411
-0.00687 0.00000 -0.00687 -0.00687
-0.23881 0.00000 -0.23881 -0.23881
-0.05480 0.00000 -0.05480 -0.05480
2.07346 0.00000 2.07346 2.07346
-0.44214 0.00000 -0.44214 -0.44214
-0.49310 0.00000 -0.49310 -0.49310
-0.01713 0.00000 -0.01713 -0.01713
-0.20268 0.00000 -0.20268 -0.20268
-0.20083 0.00000 -0.20083 -0.20083
-0.44139 0.00000 -0.44139 -0.44139
-0.53963 0.00000 -0.53963 -0.53963
-0.55343 0.00000 -0.55343 -0.55343
-0.47321 0.00000 -0.47321 -0.47321
-0.60142 0.00000 -0.60142 -0.60142
-0.27120 0.00000 -0.27120 -0.27120
-0.11004 0.00000 -0.11004 -0.11004
-0.37596 0.00000 -0.37596 -0.37596
0.01575 0.00000 0.01575 0.01575
