# avg	std	min	max
4.13999 0.00000 4.13999 4.13999
3.04555 0.00000 3.04555 3.04555
1.69792 0.00000 1.69792 1.69792
0.72831 0.00000 0.72831 0.72831
1.34461 0.00000 1.34461 1.34461
-0.02921 0.00000 -0.02921 -0.02921
2.83621 0.00000 2.83621 2.83621
2.29968 0.00000 2.29968 2.29968
6.94148 0.00000 6.94148 6.94148
2.33776 0.00000 2.33776 2.33776
2.16477 0.00000 2.16477 2.16477
2.43070 0.00000 2.43070 2.43070
5.45290 0.00000 5.45290 5.45290
3.58803 0.00000 3.58803 3.58803
2.61391 0.00000 2.61391 2.61391
5.16959 0.00000 5.16959 5.16959
3.26532 0.00000 3.26532 3.26532
1.70716 0.00000 1.70716 1.70716
1.84200 0.00000 1.84200 1.84200
4.20325 0.00000 4.20325 4.20325
5.74246 0.00000 5.74246 5.74246
9.83317 0.00000 9.83317 9.83317
5.61047 0.00000 5.61047 5.61047
