# avg	std	min	max
2.85928 0.00000 2.85928 2.85928
1.80937 0.00000 1.80937 1.80937
3.12638 0.00000 3.12638 3.12638
0.01222 0.00000 0.01222 0.01222
3.07962 0.00000 3.07962 3.07962
-0.03460 0.00000 -0.03460 -0.03460
-1.13158 0.00000 -1.13158 -1.13158
1.34697 0.00000 1.34697 1.34697
4.81018 0.00000 4.81018 4.81018
1.97026 0.00000 1.97026 1.97026
2.04193 0.00000 2.04193 2.04193
1.84380 0.00000 1.84380 1.84380
-0.27135 0.00000 -0.27135 -0.27135
2.37907 0.00000 2.37907 2.37907
1.99494 0.00000 1.99494 1.99494
2.71612 0.00000 2.71612 2.71612
3.30333 0.00000 3.30333 3.30333
1.93191 0.00000 1.93191 1.93191
3.13312 0.00000 3.13312 3.13312
2.16664 0.00000 2.16664 2.16664
5.82267 0.00000 5.82267 5.82267
2.39231 0.00000 2.39231 2.39231
7.70844 0.00000 7.70844 7.70844
