# avg	std	min	max
0.10124 0.00000 0.10124 0.10124
-0.37834 0.00000 -0.37834 -0.37834
-0.06513 0.00000 -0.06513 -0.06513
-0.28303 0.00000 -0.28303 -0.28303
-0.20447 0.00000 -0.20447 -0.20447
-0.36993 0.00000 -0.36993 -0.36993
-0.32736 0.00000 -0.32736 -0.32736
-0.32275 0.00000 -0.32275 -0.32275
-0.83337 0.00000 -0.83337 -0.83337
-0.00739 0.00000 -0.00739 -0.00739
-0.05631 0.00000 -0.05631 -0.05631
0.26811 0.00000 0.26811 0.26811
-0.29935 0.00000 -0.29935 -0.29935
-0.01975 0.00000 -0.01975 -0.01975
-0.45436 0.00000 -0.45436 -0.45436
0.12655 0.00000 0.12655 0.12655
-0.57764 0.00000 -0.57764 -0.57764
-0.45194 0.00000 -0.45194 -0.45194
-0.42528 0.00000 -0.42528 -0.42528
-0.14596 0.00000 -0.14596 -0.14596
0.21353 0.00000 0.21353 0.21353
-0.35653 0.00000 -0.35653 -0.35653
0.18429 0.00000 0.18429 0.18429
