# avg	std	min	max
0.36563 0.00000 0.36563 0.36563
-0.00940 0.00000 -0.00940 -0.00940
-0.68622 0.00000 -0.68622 -0.68622
-0.85236 0.00000 -0.85236 -0.85236
-1.11659 0.00000 -1.11659 -1.11659
-1.20558 0.00000 -1.20558 -1.20558
-1.45922 0.00000 -1.45922 -1.45922
-1.35528 0.00000 -1.35528 -1.35528
1.04022 0.00000 1.04022 1.04022
0.11420 0.00000 0.11420 0.11420
-0.30158 0.00000 -0.30158 -0.30158
-0.22225 0.00000 -0.22225 -0.22225
-1.13996 0.00000 -1.13996 -1.13996
-0.03158 0.00000 -0.03158 -0.03158
-0.30225 0.00000 -0.30225 -0.30225
0.32417 0.00000 0.32417 0.32417
0.00733 0.00000 0.00733 0.00733
-0.71291 0.00000 -0.71291 -0.71291
-0.51984 0.00000 -0.51984 -0.51984
0.03792 0.00000 0.03792 0.03792
0.97702 0.00000 0.97702 0.97702
-1.10395 0.00000 -1.10395 -1.10395
1.69089 0.00000 1.69089 1.69089
