# avg	std	min	max
-0.01777 0.00000 -0.01777 -0.01777
0.52025 0.00000 0.52025 0.52025
2.79488 0.00000 2.79488 2.79488
0.48157 0.00000 0.48157 0.48157
2.33689 0.00000 2.33689 2.33689
0.27035 0.00000 0.27035 0.27035
0.53733 0.00000 0.53733 0.53733
1.40543 0.00000 1.40543 1.40543
-0.01249 0.00000 -0.01249 -0.01249
0.48473 0.00000 0.48473 0.48473
2.96596 0.00000 2.96596 2.96596
0.66188 0.00000 0.66188 0.66188
0.53723 0.00000 0.53723 0.53723
-0.00357 0.00000 -0.00357 -0.00357
0.33789 0.00000 0.33789 0.33789
0.10477 0.00000 0.10477 0.10477
0.51502 0.00000 0.51502 0.51502
0.32942 0.00000 0.32942 0.32942
0.37737 0.00000 0.37737 0.37737
0.74883 0.00000 0.74883 0.74883
0.47401 0.00000 0.47401 0.47401
0.39446 0.00000 0.39446 0.39446
5.67927 0.00000 5.67927 5.67927
