# avg	std	min	max
2.09337 0.00000 2.09337 2.09337
1.81164 0.00000 1.81164 1.81164
2.51052 0.00000 2.51052 2.51052
1.77566 0.00000 1.77566 1.77566
1.89618 0.00000 1.89618 1.89618
1.30892 0.00000 1.30892 1.30892
1.69465 0.00000 1.69465 1.69465
1.79979 0.00000 1.79979 1.79979
-0.02174 0.00000 -0.02174 -0.02174
1.62061 0.00000 1.62061 1.62061
2.62566 0.00000 2.62566 2.62566
2.38847 0.00000 2.38847 2.38847
1.53795 0.00000 1.53795 1.53795
2.20530 0.00000 2.20530 2.20530
2.12906 0.00000 2.12906 2.12906
2.57069 0.00000 2.57069 2.57069
1.93649 0.00000 1.93649 1.93649
2.13912 0.00000 2.13912 2.13912
2.25772 0.00000 2.25772 2.25772
2.46520 0.00000 2.46520 2.46520
2.49376 0.00000 2.49376 2.49376
2.76052 0.00000 2.76052 2.76052
3.41230 0.00000 3.41230 3.41230
