# avg	std	min	max
0.60438 0.00000 0.60438 0.60438
0.68408 0.00000 0.68408 0.68408
0.80284 0.00000 0.80284 0.80284
0.21717 0.00000 0.21717 0.21717
0.74562 0.00000 0.74562 0.74562
0.11856 0.00000 0.11856 0.11856
0.44055 0.00000 0.44055 0.44055
0.73360 0.00000 0.73360 0.73360
-0.01402 0.00000 -0.01402 -0.01402
0.63762 0.00000 0.63762 0.63762
0.75580 0.00000 0.75580 0.75580
0.69008 0.00000 0.69008 0.69008
0.66991 0.00000 0.66991 0.66991
0.28960 0.00000 0.28960 0.28960
0.44056 0.00000 0.44056 0.44056
0.28581 0.00000 0.28581 0.28581
0.53698 0.00000 0.53698 0.53698
0.54612 0.00000 0.54612 0.54612
0.67329 0.00000 0.67329 0.67329
0.71496 0.00000 0.71496 0.71496
0.57412 0.00000 0.57412 0.57412
0.47695 0.00000 0.47695 0.47695
0.69624 0.00000 0.69624 0.69624
