# avg	std	min	max
1.14515 0.00000 1.14515 1.14515
0.86977 0.00000 0.86977 0.86977
1.32751 0.00000 1.32751 1.32751
0.68920 0.00000 0.68920 0.68920
0.99794 0.00000 0.99794 0.99794
0.50061 0.00000 0.50061 0.50061
0.92180 0.00000 0.92180 0.92180
1.09238 0.00000 1.09238 1.09238
-0.00103 0.00000 -0.00103 -0.00103
0.50690 0.00000 0.50690 0.50690
0.76673 0.00000 0.76673 0.76673
0.98913 0.00000 0.98913 0.98913
0.98009 0.00000 0.98009 0.98009
0.92606 0.00000 0.92606 0.92606
0.75495 0.00000 0.75495 0.75495
0.39099 0.00000 0.39099 0.39099
0.73481 0.00000 0.73481 0.73481
1.04180 0.00000 1.04180 1.04180
0.90327 0.00000 0.90327 0.90327
1.12691 0.00000 1.12691 1.12691
1.14391 0.00000 1.14391 1.14391
0.66446 0.00000 0.66446 0.66446
1.84968 0.00000 1.84968 1.84968
