# avg	std	min	max
1.11387 0.00000 1.11387 1.11387
0.93086 0.00000 0.93086 0.93086
1.27995 0.00000 1.27995 1.27995
1.10324 0.00000 1.10324 1.10324
1.25975 0.00000 1.25975 1.25975
1.06326 0.00000 1.06326 1.06326
0.87784 0.00000 0.87784 0.87784
1.01845 0.00000 1.01845 1.01845
0.00005 0.00000 0.00005 0.00005
1.17917 0.00000 1.17917 1.17917
1.19896 0.00000 1.19896 1.19896
1.23318 0.00000 1.23318 1.23318
0.88672 0.00000 0.88672 0.88672
1.30531 0.00000 1.30531 1.30531
0.79774 0.00000 0.79774 0.79774
1.25872 0.00000 1.25872 1.25872
0.39466 0.00000 0.39466 0.39466
1.09028 0.00000 1.09028 1.09028
0.99575 0.00000 0.99575 0.99575
1.31617 0.00000 1.31617 1.31617
1.18690 0.00000 1.18690 1.18690
0.71370 0.00000 0.71370 0.71370
1.32082 0.00000 1.32082 1.32082
