# avg	std	min	max
-0.58032 0.00000 -0.58032 -0.58032
0.27981 0.00000 0.27981 0.27981
2.28948 0.00000 2.28948 2.28948
0.34273 0.00000 0.34273 0.34273
2.17001 0.00000 2.17001 2.17001
0.62343 0.00000 0.62343 0.62343
0.35332 0.00000 0.35332 0.35332
0.78660 0.00000 0.78660 0.78660
0.00000 0.00000 0.00000 0.00000
-0.00053 0.00000 -0.00053 -0.00053
1.82867 0.00000 1.82867 1.82867
0.28313 0.00000 0.28313 0.28313
0.62151 0.00000 0.62151 0.62151
-0.36230 0.00000 -0.36230 -0.36230
0.62746 0.00000 0.62746 0.62746
-0.46940 0.00000 -0.46940 -0.46940
0.31527 0.00000 0.31527 0.31527
-0.17578 0.00000 -0.17578 -0.17578
0.27717 0.00000 0.27717 0.27717
0.93674 0.00000 0.93674 0.93674
0.12522 0.00000 0.12522 0.12522
0.25786 0.00000 0.25786 0.25786
2.51840 0.00000 2.51840 2.51840
