# avg	std	min	max
1.64084 0.00000 1.64084 1.64084
2.41532 0.00000 2.41532 2.41532
2.26475 0.00000 2.26475 2.26475
2.25508 0.00000 2.25508 2.25508
2.07325 0.00000 2.07325 2.07325
2.35349 0.00000 2.35349 2.35349
2.65070 0.00000 2.65070 2.65070
2.57786 0.00000 2.57786 2.57786
0.00105 0.00000 0.00105 0.00105
2.90765 0.00000 2.90765 2.90765
2.42579 0.00000 2.42579 2.42579
2.20022 0.00000 2.20022 2.20022
2.06175 0.00000 2.06175 2.06175
1.87256 0.00000 1.87256 1.87256
1.62630 0.00000 1.62630 1.62630
2.05496 0.00000 2.05496 2.05496
1.93704 0.00000 1.93704 1.93704
1.39090 0.00000 1.39090 1.39090
1.69158 0.00000 1.69158 1.69158
2.90590 0.00000 2.90590 2.90590
2.35130 0.00000 2.35130 2.35130
1.70526 0.00000 1.70526 1.70526
1.10312 0.00000 1.10312 1.10312
