# avg	std	min	max
4.74741 0.00000 4.74741 4.74741
3.03407 0.00000 3.03407 3.03407
2.70974 0.00000 2.70974 2.70974
4.35343 0.00000 4.35343 4.35343
4.02610 0.00000 4.02610 4.02610
4.06479 0.00000 4.06479 4.06479
13.57458 0.00000 13.57458 13.57458
22.86714 0.00000 22.86714 22.86714
-0.01189 0.00000 -0.01189 -0.01189
5.04880 0.00000 5.04880 5.04880
5.97943 0.00000 5.97943 5.97943
3.52959 0.00000 3.52959 3.52959
14.00902 0.00000 14.00902 14.00902
6.18093 0.00000 6.18093 6.18093
5.12002 0.00000 5.12002 5.12002
7.40407 0.00000 7.40407 7.40407
5.44460 0.00000 5.44460 5.44460
9.77754 0.00000 9.77754 9.77754
11.69330 0.00000 11.69330 11.69330
16.30676 0.00000 16.30676 16.30676
15.25956 0.00000 15.25956 15.25956
18.93716 0.00000 18.93716 18.93716
16.68672 0.00000 16.68672 16.68672
