# avg	std	min	max
1.65848 0.00000 1.65848 1.65848
0.37233 0.00000 0.37233 0.37233
0.70687 0.00000 0.70687 0.70687
-0.54537 0.00000 -0.54537 -0.54537
0.53030 0.00000 0.53030 0.53030
-0.05472 0.00000 -0.05472 -0.05472
-0.08012 0.00000 -0.08012 -0.08012
0.30892 0.00000 0.30892 0.30892
3.68865 0.00000 3.68865 3.68865
1.66284 0.00000 1.66284 1.66284
2.01218 0.00000 2.01218 2.01218
0.74850 0.00000 0.74850 0.74850
-0.09768 0.00000 -0.09768 -0.09768
1.13094 0.00000 1.13094 1.13094
-0.00000 0.00000 -0.00000 -0.00000
1.32786 0.00000 1.32786 1.32786
0.53168 0.00000 0.53168 0.53168
-0.77033 0.00000 -0.77033 -0.77033
-0.60843 0.00000 -0.60843 -0.60843
1.01207 0.00000 1.01207 1.01207
0.67066 0.00000 0.67066 0.67066
-0.33707 0.00000 -0.33707 -0.33707
2.01253 0.00000 2.01253 2.01253
