# avg	std	min	max
2.36368 0.00000 2.36368 2.36368
0.87228 0.00000 0.87228 0.87228
1.02965 0.00000 1.02965 1.02965
-1.42617 0.00000 -1.42617 -1.42617
-0.43623 0.00000 -0.43623 -0.43623
-1.30358 0.00000 -1.30358 -1.30358
1.87897 0.00000 1.87897 1.87897
-0.38544 0.00000 -0.38544 -0.38544
4.95122 0.00000 4.95122 4.95122
1.86668 0.00000 1.86668 1.86668
2.48759 0.00000 2.48759 2.48759
1.57071 0.00000 1.57071 1.57071
1.80561 0.00000 1.80561 1.80561
-0.10089 0.00000 -0.10089 -0.10089
0.00000 0.00000 0.00000 0.00000
2.91897 0.00000 2.91897 2.91897
1.63483 0.00000 1.63483 1.63483
1.88804 0.00000 1.88804 1.88804
1.62497 0.00000 1.62497 1.62497
0.53602 0.00000 0.53602 0.53602
3.82738 0.00000 3.82738 3.82738
6.49092 0.00000 6.49092 6.49092
6.43071 0.00000 6.43071 6.43071
