# avg	std	min	max
0.92067 0.00000 0.92067 0.92067
-0.08184 0.00000 -0.08184 -0.08184
0.64287 0.00000 0.64287 0.64287
-0.90970 0.00000 -0.90970 -0.90970
0.04095 0.00000 0.04095 0.04095
-1.02722 0.00000 -1.02722 -1.02722
-0.06667 0.00000 -0.06667 -0.06667
-0.20098 0.00000 -0.20098 -0.20098
3.66606 0.00000 3.66606 3.66606
0.05599 0.00000 0.05599 0.05599
0.58503 0.00000 0.58503 0.58503
0.34305 0.00000 0.34305 0.34305
-0.11356 0.00000 -0.11356 -0.11356
0.01744 0.00000 0.01744 0.01744
0.00092 0.00000 0.00092 0.00092
0.74916 0.00000 0.74916 0.74916
-0.01847 0.00000 -0.01847 -0.01847
-0.30166 0.00000 -0.30166 -0.30166
0.07816 0.00000 0.07816 0.07816
0.69900 0.00000 0.69900 0.69900
0.62208 0.00000 0.62208 0.62208
-0.64178 0.00000 -0.64178 -0.64178
1.56628 0.00000 1.56628 1.56628
