# avg	std	min	max
0.66988 0.00000 0.66988 0.66988
0.25984 0.00000 0.25984 0.25984
-0.00712 0.00000 -0.00712 -0.00712
-0.00780 0.00000 -0.00780 -0.00780
-0.23702 0.00000 -0.23702 -0.23702
-1.05740 0.00000 -1.05740 -1.05740
0.14453 0.00000 0.14453 0.14453
0.20594 0.00000 0.20594 0.20594
-0.37953 0.00000 -0.37953 -0.37953
0.05478 0.00000 0.05478 0.05478
-0.00295 0.00000 -0.00295 -0.00295
-0.27871 0.00000 -0.27871 -0.27871
0.52880 0.00000 0.52880 0.52880
0.64129 0.00000 0.64129 0.64129
-0.02517 0.00000 -0.02517 -0.02517
0.29345 0.00000 0.29345 0.29345
-0.10461 0.00000 -0.10461 -0.10461
0.05411 0.00000 0.05411 0.05411
0.37818 0.00000 0.37818 0.37818
0.98727 0.00000 0.98727 0.98727
0.47984 0.00000 0.47984 0.47984
0.05349 0.00000 0.05349 0.05349
0.05889 0.00000 0.05889 0.05889
