# avg	std	min	max
0.37177 0.00000 0.37177 0.37177
0.20293 0.00000 0.20293 0.20293
0.11361 0.00000 0.11361 0.11361
0.11071 0.00000 0.11071 0.11071
0.24602 0.00000 0.24602 0.24602
-0.09916 0.00000 -0.09916 -0.09916
-0.16809 0.00000 -0.16809 -0.16809
-0.04940 0.00000 -0.04940 -0.04940
2.87036 0.00000 2.87036 2.87036
0.14975 0.00000 0.14975 0.14975
0.00081 0.00000 0.00081 0.00081
0.20759 0.00000 0.20759 0.20759
-0.37634 0.00000 -0.37634 -0.37634
0.62970 0.00000 0.62970 0.62970
-0.01959 0.00000 -0.01959 -0.01959
0.71828 0.00000 0.71828 0.71828
-0.28052 0.00000 -0.28052 -0.28052
-0.23050 0.00000 -0.23050 -0.23050
-0.30222 0.00000 -0.30222 -0.30222
0.47108 0.00000 0.47108 0.47108
-0.44170 0.00000 -0.44170 -0.44170
-0.16129 0.00000 -0.16129 -0.16129
-0.35583 0.00000 -0.35583 -0.35583
