# avg	std	min	max
-0.01953 0.00000 -0.01953 -0.01953
0.12177 0.00000 0.12177 0.12177
0.57117 0.00000 0.57117 0.57117
0.37130 0.00000 0.37130 0.37130
0.15605 0.00000 0.15605 0.15605
0.05897 0.00000 0.05897 0.05897
-0.39397 0.00000 -0.39397 -0.39397
-0.14060 0.00000 -0.14060 -0.14060
5.26662 0.00000 5.26662 5.26662
-0.52494 0.00000 -0.52494 -0.52494
0.12638 0.00000 0.12638 0.12638
-0.24433 0.00000 -0.24433 -0.24433
-0.29216 0.00000 -0.29216 -0.29216
-0.58397 0.00000 -0.58397 -0.58397
-0.02418 0.00000 -0.02418 -0.02418
-0.68720 0.00000 -0.68720 -0.68720
-0.29935 0.00000 -0.29935 -0.29935
-0.11833 0.00000 -0.11833 -0.11833
-0.22608 0.00000 -0.22608 -0.22608
0.38198 0.00000 0.38198 0.38198
-0.02708 0.00000 -0.02708 -0.02708
-0.47649 0.00000 -0.47649 -0.47649
1.38632 0.00000 1.38632 1.38632
