# avg	std	min	max
0.64049 0.00000 0.64049 0.64049
-0.25994 0.00000 -0.25994 -0.25994
0.32774 0.00000 0.32774 0.32774
-0.07445 0.00000 -0.07445 -0.07445
0.18618 0.00000 0.18618 0.18618
-0.06156 0.00000 -0.06156 -0.06156
0.10676 0.00000 0.10676 0.10676
0.16416 0.00000 0.16416 0.16416
-1.57964 0.00000 -1.57964 -1.57964
-0.37780 0.00000 -0.37780 -0.37780
0.21815 0.00000 0.21815 0.21815
0.53703 0.00000 0.53703 0.53703
0.06910 0.00000 0.06910 0.06910
-0.11117 0.00000 -0.11117 -0.11117
0.00000 0.00000 0.00000 0.00000
0.36043 0.00000 0.36043 0.36043
-0.21073 0.00000 -0.21073 -0.21073
0.01781 0.00000 0.01781 0.01781
-0.07330 0.00000 -0.07330 -0.07330
0.34520 0.00000 0.34520 0.34520
0.18188 0.00000 0.18188 0.18188
0.05772 0.00000 0.05772 0.05772
0.25148 0.00000 0.25148 0.25148
