# avg	std	min	max
2.05078 0.00000 2.05078 2.05078
0.61648 0.00000 0.61648 0.61648
3.43449 0.00000 3.43449 3.43449
-1.11406 0.00000 -1.11406 -1.11406
2.66621 0.00000 2.66621 2.66621
0.10866 0.00000 0.10866 0.10866
0.71140 0.00000 0.71140 0.71140
4.62117 0.00000 4.62117 4.62117
5.53003 0.00000 5.53003 5.53003
2.21933 0.00000 2.21933 2.21933
2.45059 0.00000 2.45059 2.45059
1.15586 0.00000 1.15586 1.15586
-0.01111 0.00000 -0.01111 -0.01111
2.35436 0.00000 2.35436 2.35436
-0.01078 0.00000 -0.01078 -0.01078
2.30943 0.00000 2.30943 2.30943
0.37143 0.00000 0.37143 0.37143
0.31863 0.00000 0.31863 0.31863
1.44023 0.00000 1.44023 1.44023
2.00788 0.00000 2.00788 2.00788
2.70653 0.00000 2.70653 2.70653
-0.47717 0.00000 -0.47717 -0.47717
8.65437 0.00000 8.65437 8.65437
