# avg	std	min	max
-1.01249 0.00000 -1.01249 -1.01249
0.55754 0.00000 0.55754 0.55754
1.35974 0.00000 1.35974 1.35974
0.74288 0.00000 0.74288 0.74288
1.29693 0.00000 1.29693 1.29693
0.53728 0.00000 0.53728 0.53728
0.63234 0.00000 0.63234 0.63234
0.67041 0.00000 0.67041 0.67041
4.92094 0.00000 4.92094 4.92094
-0.01285 0.00000 -0.01285 -0.01285
0.13581 0.00000 0.13581 0.13581
0.67670 0.00000 0.67670 0.67670
0.61409 0.00000 0.61409 0.61409
0.03855 0.00000 0.03855 0.03855
-0.04791 0.00000 -0.04791 -0.04791
0.94475 0.00000 0.94475 0.94475
0.73813 0.00000 0.73813 0.73813
-0.15204 0.00000 -0.15204 -0.15204
-0.22758 0.00000 -0.22758 -0.22758
0.71067 0.00000 0.71067 0.71067
0.77675 0.00000 0.77675 0.77675
0.71440 0.00000 0.71440 0.71440
1.31368 0.00000 1.31368 1.31368
