# avg	std	min	max
0.81775 0.00000 0.81775 0.81775
-0.09286 0.00000 -0.09286 -0.09286
1.09144 0.00000 1.09144 1.09144
-0.96779 0.00000 -0.96779 -0.96779
0.19598 0.00000 0.19598 0.19598
-0.80530 0.00000 -0.80530 -0.80530
-1.12789 0.00000 -1.12789 -1.12789
-1.84864 0.00000 -1.84864 -1.84864
5.63018 0.00000 5.63018 5.63018
0.58699 0.00000 0.58699 0.58699
1.90282 0.00000 1.90282 1.90282
0.50484 0.00000 0.50484 0.50484
-0.95017 0.00000 -0.95017 -0.95017
0.04927 0.00000 0.04927 0.04927
-0.01120 0.00000 -0.01120 -0.01120
0.73427 0.00000 0.73427 0.73427
0.07157 0.00000 0.07157 0.07157
-0.43094 0.00000 -0.43094 -0.43094
-0.33433 0.00000 -0.33433 -0.33433
0.18178 0.00000 0.18178 0.18178
0.68167 0.00000 0.68167 0.68167
-1.42728 0.00000 -1.42728 -1.42728
1.82534 0.00000 1.82534 1.82534
