# avg	std	min	max
3.22777 0.00000 3.22777 3.22777
2.10094 0.00000 2.10094 2.10094
1.53841 0.00000 1.53841 1.53841
0.68025 0.00000 0.68025 0.68025
2.75479 0.00000 2.75479 2.75479
0.37570 0.00000 0.37570 0.37570
6.47421 0.00000 6.47421 6.47421
7.63532 0.00000 7.63532 7.63532
4.30222 0.00000 4.30222 4.30222
2.55611 0.00000 2.55611 2.55611
2.68705 0.00000 2.68705 2.68705
1.69776 0.00000 1.69776 1.69776
10.20392 0.00000 10.20392 10.20392
1.81709 0.00000 1.81709 1.81709
1.78003 0.00000 1.78003 1.78003
6.04626 0.00000 6.04626 6.04626
3.80822 0.00000 3.80822 3.80822
1.84849 0.00000 1.84849 1.84849
-0.16592 0.00000 -0.16592 -0.16592
6.20860 0.00000 6.20860 6.20860
5.43644 0.00000 5.43644 5.43644
14.89240 0.00000 14.89240 14.89240
7.81401 0.00000 7.81401 7.81401
