# avg	std	min	max
3.74226 0.00000 3.74226 3.74226
2.81177 0.00000 2.81177 2.81177
2.44147 0.00000 2.44147 2.44147
1.69376 0.00000 1.69376 1.69376
2.83162 0.00000 2.83162 2.83162
1.94027 0.00000 1.94027 1.94027
3.91826 0.00000 3.91826 3.91826
3.03722 0.00000 3.03722 3.03722
2.33125 0.00000 2.33125 2.33125
3.79133 0.00000 3.79133 3.79133
3.28137 0.00000 3.28137 3.28137
3.32343 0.00000 3.32343 3.32343
3.06152 0.00000 3.06152 3.06152
4.04368 0.00000 4.04368 4.04368
2.65377 0.00000 2.65377 2.65377
5.01434 0.00000 5.01434 5.01434
2.89689 0.00000 2.89689 2.89689
2.18025 0.00000 2.18025 2.18025
-0.00000 0.00000 -0.00000 -0.00000
3.60928 0.00000 3.60928 3.60928
4.30810 0.00000 4.30810 4.30810
3.22366 0.00000 3.22366 3.22366
4.53373 0.00000 4.53373 4.53373
