# avg	std	min	max
2.14850 0.00000 2.14850 2.14850
1.70352 0.00000 1.70352 1.70352
2.25508 0.00000 2.25508 2.25508
1.06856 0.00000 1.06856 1.06856
2.03465 0.00000 2.03465 2.03465
2.00779 0.00000 2.00779 2.00779
1.17343 0.00000 1.17343 1.17343
1.73188 0.00000 1.73188 1.73188
1.10285 0.00000 1.10285 1.10285
0.88442 0.00000 0.88442 0.88442
2.49647 0.00000 2.49647 2.49647
1.53129 0.00000 1.53129 1.53129
0.91472 0.00000 0.91472 0.91472
1.23231 0.00000 1.23231 1.23231
1.24266 0.00000 1.24266 1.24266
2.04422 0.00000 2.04422 2.04422
1.05952 0.00000 1.05952 1.05952
0.28720 0.00000 0.28720 0.28720
-0.31241 0.00000 -0.31241 -0.31241
0.76078 0.00000 0.76078 0.76078
2.46497 0.00000 2.46497 2.46497
1.85234 0.00000 1.85234 1.85234
3.09816 0.00000 3.09816 3.09816
