# avg	std	min	max
0.79982 0.00000 0.79982 0.79982
0.97603 0.00000 0.97603 0.97603
0.70363 0.00000 0.70363 0.70363
0.66154 0.00000 0.66154 0.66154
0.20522 0.00000 0.20522 0.20522
0.28478 0.00000 0.28478 0.28478
0.30537 0.00000 0.30537 0.30537
0.38662 0.00000 0.38662 0.38662
1.99373 0.00000 1.99373 1.99373
1.18392 0.00000 1.18392 1.18392
0.75208 0.00000 0.75208 0.75208
1.18248 0.00000 1.18248 1.18248
0.28364 0.00000 0.28364 0.28364
0.45326 0.00000 0.45326 0.45326
0.69814 0.00000 0.69814 0.69814
0.77624 0.00000 0.77624 0.77624
1.07007 0.00000 1.07007 1.07007
0.18685 0.00000 0.18685 0.18685
-0.09802 0.00000 -0.09802 -0.09802
1.15628 0.00000 1.15628 1.15628
2.01148 0.00000 2.01148 2.01148
1.47136 0.00000 1.47136 1.47136
1.38053 0.00000 1.38053 1.38053
