# avg	std	min	max
0.27616 0.00000 0.27616 0.27616
0.04871 0.00000 0.04871 0.04871
0.57697 0.00000 0.57697 0.57697
0.25643 0.00000 0.25643 0.25643
0.40871 0.00000 0.40871 0.40871
0.36472 0.00000 0.36472 0.36472
0.25436 0.00000 0.25436 0.25436
0.37039 0.00000 0.37039 0.37039
0.13117 0.00000 0.13117 0.13117
0.42584 0.00000 0.42584 0.42584
0.47805 0.00000 0.47805 0.47805
0.52669 0.00000 0.52669 0.52669
0.29212 0.00000 0.29212 0.29212
0.53308 0.00000 0.53308 0.53308
0.30494 0.00000 0.30494 0.30494
0.59145 0.00000 0.59145 0.59145
0.32224 0.00000 0.32224 0.32224
0.07722 0.00000 0.07722 0.07722
-0.00975 0.00000 -0.00975 -0.00975
0.61322 0.00000 0.61322 0.61322
0.63533 0.00000 0.63533 0.63533
0.23633 0.00000 0.23633 0.23633
1.02193 0.00000 1.02193 1.02193
