# avg	std	min	max
1.93422 0.00000 1.93422 1.93422
1.02026 0.00000 1.02026 1.02026
1.53864 0.00000 1.53864 1.53864
-0.57844 0.00000 -0.57844 -0.57844
2.89876 0.00000 2.89876 2.89876
-0.32687 0.00000 -0.32687 -0.32687
-0.35523 0.00000 -0.35523 -0.35523
0.22156 0.00000 0.22156 0.22156
1.89237 0.00000 1.89237 1.89237
0.92537 0.00000 0.92537 0.92537
0.79156 0.00000 0.79156 0.79156
1.00182 0.00000 1.00182 1.00182
-0.12234 0.00000 -0.12234 -0.12234
0.15643 0.00000 0.15643 0.15643
0.46944 0.00000 0.46944 0.46944
2.26210 0.00000 2.26210 2.26210
2.01901 0.00000 2.01901 2.01901
0.38838 0.00000 0.38838 0.38838
-0.06338 0.00000 -0.06338 -0.06338
0.41520 0.00000 0.41520 0.41520
2.27273 0.00000 2.27273 2.27273
-0.24642 0.00000 -0.24642 -0.24642
7.98338 0.00000 7.98338 7.98338
