# avg	std	min	max
1.03951 0.00000 1.03951 1.03951
0.14893 0.00000 0.14893 0.14893
0.96901 0.00000 0.96901 0.96901
-0.81493 0.00000 -0.81493 -0.81493
0.64075 0.00000 0.64075 0.64075
-0.90913 0.00000 -0.90913 -0.90913
-0.53751 0.00000 -0.53751 -0.53751
-0.87124 0.00000 -0.87124 -0.87124
6.26590 0.00000 6.26590 6.26590
0.99092 0.00000 0.99092 0.99092
1.37979 0.00000 1.37979 1.37979
0.62451 0.00000 0.62451 0.62451
-0.29769 0.00000 -0.29769 -0.29769
0.46340 0.00000 0.46340 0.46340
-0.31468 0.00000 -0.31468 -0.31468
1.88717 0.00000 1.88717 1.88717
0.98419 0.00000 0.98419 0.98419
-0.38847 0.00000 -0.38847 -0.38847
-0.00767 0.00000 -0.00767 -0.00767
0.71206 0.00000 0.71206 0.71206
2.50924 0.00000 2.50924 2.50924
0.07892 0.00000 0.07892 0.07892
4.13816 0.00000 4.13816 4.13816
