# avg	std	min	max
0.89620 0.00000 0.89620 0.89620
0.68299 0.00000 0.68299 0.68299
0.27802 0.00000 0.27802 0.27802
-0.98753 0.00000 -0.98753 -0.98753
1.35119 0.00000 1.35119 1.35119
-0.90634 0.00000 -0.90634 -0.90634
-1.31834 0.00000 -1.31834 -1.31834
-0.30008 0.00000 -0.30008 -0.30008
2.78267 0.00000 2.78267 2.78267
1.77848 0.00000 1.77848 1.77848
1.26623 0.00000 1.26623 1.26623
0.68950 0.00000 0.68950 0.68950
-1.02423 0.00000 -1.02423 -1.02423
-0.34939 0.00000 -0.34939 -0.34939
0.56313 0.00000 0.56313 0.56313
1.59624 0.00000 1.59624 1.59624
1.44586 0.00000 1.44586 1.44586
-0.24073 0.00000 -0.24073 -0.24073
-0.00477 0.00000 -0.00477 -0.00477
-0.65610 0.00000 -0.65610 -0.65610
2.93063 0.00000 2.93063 2.93063
-1.60952 0.00000 -1.60952 -1.60952
5.98499 0.00000 5.98499 5.98499
