# avg	std	min	max
0.69900 0.00000 0.69900 0.69900
1.09817 0.00000 1.09817 1.09817
1.64157 0.00000 1.64157 1.64157
1.19378 0.00000 1.19378 1.19378
2.98747 0.00000 2.98747 2.98747
0.73514 0.00000 0.73514 0.73514
0.96321 0.00000 0.96321 0.96321
2.01820 0.00000 2.01820 2.01820
3.14675 0.00000 3.14675 3.14675
0.92650 0.00000 0.92650 0.92650
1.39894 0.00000 1.39894 1.39894
2.53534 0.00000 2.53534 2.53534
1.01163 0.00000 1.01163 1.01163
0.58642 0.00000 0.58642 0.58642
0.40978 0.00000 0.40978 0.40978
0.88796 0.00000 0.88796 0.88796
1.23629 0.00000 1.23629 1.23629
0.05663 0.00000 0.05663 0.05663
-0.01481 0.00000 -0.01481 -0.01481
0.34384 0.00000 0.34384 0.34384
1.23693 0.00000 1.23693 1.23693
0.98156 0.00000 0.98156 0.98156
2.00783 0.00000 2.00783 2.00783
