# avg	std	min	max
0.68617 0.00000 0.68617 0.68617
0.38490 0.00000 0.38490 0.38490
0.19688 0.00000 0.19688 0.19688
0.03813 0.00000 0.03813 0.03813
0.13824 0.00000 0.13824 0.13824
-0.19120 0.00000 -0.19120 -0.19120
0.42716 0.00000 0.42716 0.42716
0.58758 0.00000 0.58758 0.58758
-0.24158 0.00000 -0.24158 -0.24158
0.83735 0.00000 0.83735 0.83735
1.36668 0.00000 1.36668 1.36668
0.05596 0.00000 0.05596 0.05596
0.50963 0.00000 0.50963 0.50963
0.40526 0.00000 0.40526 0.40526
0.45622 0.00000 0.45622 0.45622
0.98506 0.00000 0.98506 0.98506
0.40600 0.00000 0.40600 0.40600
0.01395 0.00000 0.01395 0.01395
-0.01228 0.00000 -0.01228 -0.01228
0.32254 0.00000 0.32254 0.32254
1.24752 0.00000 1.24752 1.24752
0.02350 0.00000 0.02350 0.02350
2.63500 0.00000 2.63500 2.63500
