# avg	std	min	max
6.94513 0.00000 6.94513 6.94513
5.26124 0.00000 5.26124 5.26124
4.62547 0.00000 4.62547 4.62547
5.36874 0.00000 5.36874 5.36874
4.43654 0.00000 4.43654 4.43654
4.30385 0.00000 4.30385 4.30385
16.46908 0.00000 16.46908 16.46908
19.16122 0.00000 19.16122 19.16122
7.55899 0.00000 7.55899 7.55899
5.71509 0.00000 5.71509 5.71509
4.61548 0.00000 4.61548 4.61548
5.18416 0.00000 5.18416 5.18416
19.99298 0.00000 19.99298 19.99298
7.61527 0.00000 7.61527 7.61527
6.39545 0.00000 6.39545 6.39545
8.59002 0.00000 8.59002 8.59002
9.66473 0.00000 9.66473 9.66473
6.32817 0.00000 6.32817 6.32817
-0.03743 0.00000 -0.03743 -0.03743
13.95166 0.00000 13.95166 13.95166
15.58592 0.00000 15.58592 15.58592
18.64150 0.00000 18.64150 18.64150
17.34840 0.00000 17.34840 17.34840
