# avg	std	min	max
0.92446 0.00000 0.92446 0.92446
0.47508 0.00000 0.47508 0.47508
1.67836 0.00000 1.67836 1.67836
0.12071 0.00000 0.12071 0.12071
1.24043 0.00000 1.24043 1.24043
0.09094 0.00000 0.09094 0.09094
0.47032 0.00000 0.47032 0.47032
1.00128 0.00000 1.00128 1.00128
3.35371 0.00000 3.35371 3.35371
0.77174 0.00000 0.77174 0.77174
1.69873 0.00000 1.69873 1.69873
0.75713 0.00000 0.75713 0.75713
0.57636 0.00000 0.57636 0.57636
0.37232 0.00000 0.37232 0.37232
-0.04611 0.00000 -0.04611 -0.04611
0.67040 0.00000 0.67040 0.67040
0.56366 0.00000 0.56366 0.56366
-0.31666 0.00000 -0.31666 -0.31666
0.02568 0.00000 0.02568 0.02568
0.29704 0.00000 0.29704 0.29704
0.98023 0.00000 0.98023 0.98023
0.68024 0.00000 0.68024 0.68024
2.71175 0.00000 2.71175 2.71175
