# avg	std	min	max
0.65668 0.00000 0.65668 0.65668
-0.11780 0.00000 -0.11780 -0.11780
-0.29306 0.00000 -0.29306 -0.29306
-1.23799 0.00000 -1.23799 -1.23799
-1.07575 0.00000 -1.07575 -1.07575
-1.85968 0.00000 -1.85968 -1.85968
-1.19079 0.00000 -1.19079 -1.19079
-1.45152 0.00000 -1.45152 -1.45152
-2.22393 0.00000 -2.22393 -2.22393
-0.00269 0.00000 -0.00269 -0.00269
-0.43217 0.00000 -0.43217 -0.43217
0.26996 0.00000 0.26996 0.26996
-0.98733 0.00000 -0.98733 -0.98733
0.33221 0.00000 0.33221 0.33221
-0.18689 0.00000 -0.18689 -0.18689
1.30035 0.00000 1.30035 1.30035
0.01807 0.00000 0.01807 0.01807
-0.42908 0.00000 -0.42908 -0.42908
-0.22614 0.00000 -0.22614 -0.22614
0.24950 0.00000 0.24950 0.24950
2.42742 0.00000 2.42742 2.42742
-0.94889 0.00000 -0.94889 -0.94889
3.34821 0.00000 3.34821 3.34821
