# avg	std	min	max
0.63846 0.00000 0.63846 0.63846
-1.07411 0.00000 -1.07411 -1.07411
-0.94664 0.00000 -0.94664 -0.94664
-1.68384 0.00000 -1.68384 -1.68384
-0.02139 0.00000 -0.02139 -0.02139
-1.86019 0.00000 -1.86019 -1.86019
-1.36420 0.00000 -1.36420 -1.36420
-1.64058 0.00000 -1.64058 -1.64058
7.04915 0.00000 7.04915 7.04915
0.00034 0.00000 0.00034 0.00034
-0.01428 0.00000 -0.01428 -0.01428
-0.20692 0.00000 -0.20692 -0.20692
-1.43787 0.00000 -1.43787 -1.43787
0.09828 0.00000 0.09828 0.09828
-1.53754 0.00000 -1.53754 -1.53754
-0.44790 0.00000 -0.44790 -0.44790
-0.95448 0.00000 -0.95448 -0.95448
-0.15732 0.00000 -0.15732 -0.15732
-0.02136 0.00000 -0.02136 -0.02136
0.48515 0.00000 0.48515 0.48515
0.13616 0.00000 0.13616 0.13616
-0.31763 0.00000 -0.31763 -0.31763
1.23521 0.00000 1.23521 1.23521
