# avg	std	min	max
0.62436 0.00000 0.62436 0.62436
-1.05869 0.00000 -1.05869 -1.05869
-0.99485 0.00000 -0.99485 -0.99485
0.98421 0.00000 0.98421 0.98421
0.00717 0.00000 0.00717 0.00717
1.84091 0.00000 1.84091 1.84091
20.04068 0.00000 20.04068 20.04068
25.78824 0.00000 25.78824 25.78824
3.79517 0.00000 3.79517 3.79517
0.00021 0.00000 0.00021 0.00021
0.14889 0.00000 0.14889 0.14889
-0.03948 0.00000 -0.03948 -0.03948
26.37988 0.00000 26.37988 26.37988
1.90511 0.00000 1.90511 1.90511
5.26483 0.00000 5.26483 5.26483
3.17573 0.00000 3.17573 3.17573
5.32797 0.00000 5.32797 5.32797
6.74575 0.00000 6.74575 6.74575
9.84529 0.00000 9.84529 9.84529
11.88762 0.00000 11.88762 11.88762
14.58024 0.00000 14.58024 14.58024
37.78634 0.00000 37.78634 37.78634
15.29568 0.00000 15.29568 15.29568
