# avg	std	min	max
-0.31167 0.00000 -0.31167 -0.31167
-0.53579 0.00000 -0.53579 -0.53579
-0.01862 0.00000 -0.01862 -0.01862
-1.20172 0.00000 -1.20172 -1.20172
-0.34656 0.00000 -0.34656 -0.34656
-1.20488 0.00000 -1.20488 -1.20488
-0.53587 0.00000 -0.53587 -0.53587
0.83993 0.00000 0.83993 0.83993
5.35169 0.00000 5.35169 5.35169
-0.00146 0.00000 -0.00146 -0.00146
2.14882 0.00000 2.14882 2.14882
-0.31356 0.00000 -0.31356 -0.31356
-0.52866 0.00000 -0.52866 -0.52866
-0.93556 0.00000 -0.93556 -0.93556
-1.00242 0.00000 -1.00242 -1.00242
1.45131 0.00000 1.45131 1.45131
0.28526 0.00000 0.28526 0.28526
-1.43699 0.00000 -1.43699 -1.43699
-1.45468 0.00000 -1.45468 -1.45468
-0.70127 0.00000 -0.70127 -0.70127
1.47661 0.00000 1.47661 1.47661
-0.05298 0.00000 -0.05298 -0.05298
2.69717 0.00000 2.69717 2.69717
