# avg	std	min	max
0.47451 0.00000 0.47451 0.47451
0.04071 0.00000 0.04071 0.04071
-0.18839 0.00000 -0.18839 -0.18839
-1.06915 0.00000 -1.06915 -1.06915
-0.59395 0.00000 -0.59395 -0.59395
-1.19968 0.00000 -1.19968 -1.19968
-0.87200 0.00000 -0.87200 -0.87200
-1.48114 0.00000 -1.48114 -1.48114
-0.57372 0.00000 -0.57372 -0.57372
-0.00046 0.00000 -0.00046 -0.00046
-0.13658 0.00000 -0.13658 -0.13658
-0.06592 0.00000 -0.06592 -0.06592
-0.76740 0.00000 -0.76740 -0.76740
-0.15334 0.00000 -0.15334 -0.15334
-0.33575 0.00000 -0.33575 -0.33575
-0.07216 0.00000 -0.07216 -0.07216
-0.25575 0.00000 -0.25575 -0.25575
-0.59119 0.00000 -0.59119 -0.59119
-0.30617 0.00000 -0.30617 -0.30617
-0.06957 0.00000 -0.06957 -0.06957
-0.00068 0.00000 -0.00068 -0.00068
-0.87347 0.00000 -0.87347 -0.87347
-0.18012 0.00000 -0.18012 -0.18012
