# avg	std	min	max
-0.08716 0.00000 -0.08716 -0.08716
-0.03212 0.00000 -0.03212 -0.03212
-0.36989 0.00000 -0.36989 -0.36989
-0.99124 0.00000 -0.99124 -0.99124
-0.76933 0.00000 -0.76933 -0.76933
-0.91051 0.00000 -0.91051 -0.91051
-0.33279 0.00000 -0.33279 -0.33279
0.09747 0.00000 0.09747 0.09747
0.13178 0.00000 0.13178 0.13178
-0.00359 0.00000 -0.00359 -0.00359
0.06565 0.00000 0.06565 0.06565
-0.29701 0.00000 -0.29701 -0.29701
-0.33865 0.00000 -0.33865 -0.33865
-0.47220 0.00000 -0.47220 -0.47220
0.15686 0.00000 0.15686 0.15686
-0.07645 0.00000 -0.07645 -0.07645
0.22001 0.00000 0.22001 0.22001
-0.30315 0.00000 -0.30315 -0.30315
0.00816 0.00000 0.00816 0.00816
0.27150 0.00000 0.27150 0.27150
-0.03508 0.00000 -0.03508 -0.03508
-0.66636 0.00000 -0.66636 -0.66636
0.09660 0.00000 0.09660 0.09660
