# avg	std	min	max
0.08859 0.00000 0.08859 0.08859
-0.00299 0.00000 -0.00299 -0.00299
-0.09982 0.00000 -0.09982 -0.09982
-0.18904 0.00000 -0.18904 -0.18904
0.03806 0.00000 0.03806 0.03806
-0.13586 0.00000 -0.13586 -0.13586
-0.47561 0.00000 -0.47561 -0.47561
-0.41703 0.00000 -0.41703 -0.41703
0.15806 0.00000 0.15806 0.15806
0.00012 0.00000 0.00012 0.00012
-0.20475 0.00000 -0.20475 -0.20475
-0.05818 0.00000 -0.05818 -0.05818
-0.38709 0.00000 -0.38709 -0.38709
0.05320 0.00000 0.05320 0.05320
-0.53059 0.00000 -0.53059 -0.53059
0.34440 0.00000 0.34440 0.34440
-0.31280 0.00000 -0.31280 -0.31280
-0.46773 0.00000 -0.46773 -0.46773
-0.69813 0.00000 -0.69813 -0.69813
-0.35220 0.00000 -0.35220 -0.35220
0.21409 0.00000 0.21409 0.21409
-0.61804 0.00000 -0.61804 -0.61804
0.18157 0.00000 0.18157 0.18157
