# avg	std	min	max
-3.63687 0.00000 -3.63687 -3.63687
-0.10518 0.00000 -0.10518 -0.10518
0.27777 0.00000 0.27777 0.27777
0.01436 0.00000 0.01436 0.01436
0.09659 0.00000 0.09659 0.09659
-0.16511 0.00000 -0.16511 -0.16511
-0.67294 0.00000 -0.67294 -0.67294
-0.13572 0.00000 -0.13572 -0.13572
3.12045 0.00000 3.12045 3.12045
-0.00402 0.00000 -0.00402 -0.00402
-1.83201 0.00000 -1.83201 -1.83201
-0.05967 0.00000 -0.05967 -0.05967
-0.43256 0.00000 -0.43256 -0.43256
-0.54600 0.00000 -0.54600 -0.54600
-0.54014 0.00000 -0.54014 -0.54014
-0.73873 0.00000 -0.73873 -0.73873
-0.64965 0.00000 -0.64965 -0.64965
-0.61324 0.00000 -0.61324 -0.61324
-2.04905 0.00000 -2.04905 -2.04905
-0.16065 0.00000 -0.16065 -0.16065
-0.39738 0.00000 -0.39738 -0.39738
-0.50647 0.00000 -0.50647 -0.50647
-1.01004 0.00000 -1.01004 -1.01004
