# avg	std	min	max
-0.00237 0.00000 -0.00237 -0.00237
-0.75456 0.00000 -0.75456 -0.75456
0.30326 0.00000 0.30326 0.30326
-1.55034 0.00000 -1.55034 -1.55034
-0.03794 0.00000 -0.03794 -0.03794
-1.32357 0.00000 -1.32357 -1.32357
-1.54641 0.00000 -1.54641 -1.54641
-0.81765 0.00000 -0.81765 -0.81765
-1.65850 0.00000 -1.65850 -1.65850
-0.01360 0.00000 -0.01360 -0.01360
-0.34793 0.00000 -0.34793 -0.34793
-0.89710 0.00000 -0.89710 -0.89710
-1.43609 0.00000 -1.43609 -1.43609
-0.30363 0.00000 -0.30363 -0.30363
-1.31370 0.00000 -1.31370 -1.31370
-1.00204 0.00000 -1.00204 -1.00204
-0.65590 0.00000 -0.65590 -0.65590
-1.84789 0.00000 -1.84789 -1.84789
-1.48118 0.00000 -1.48118 -1.48118
-0.48771 0.00000 -0.48771 -0.48771
-1.39639 0.00000 -1.39639 -1.39639
-0.98181 0.00000 -0.98181 -0.98181
0.71405 0.00000 0.71405 0.71405
