# avg	std	min	max
-0.03108 0.00000 -0.03108 -0.03108
-0.81415 0.00000 -0.81415 -0.81415
-0.17420 0.00000 -0.17420 -0.17420
-0.71709 0.00000 -0.71709 -0.71709
-0.52323 0.00000 -0.52323 -0.52323
-0.71962 0.00000 -0.71962 -0.71962
-0.60311 0.00000 -0.60311 -0.60311
-0.54406 0.00000 -0.54406 -0.54406
3.10190 0.00000 3.10190 3.10190
-0.00844 0.00000 -0.00844 -0.00844
0.31651 0.00000 0.31651 0.31651
-0.41653 0.00000 -0.41653 -0.41653
-0.56741 0.00000 -0.56741 -0.56741
-0.77980 0.00000 -0.77980 -0.77980
-0.07435 0.00000 -0.07435 -0.07435
-0.24974 0.00000 -0.24974 -0.24974
-0.44911 0.00000 -0.44911 -0.44911
-1.11201 0.00000 -1.11201 -1.11201
-1.70118 0.00000 -1.70118 -1.70118
-0.62302 0.00000 -0.62302 -0.62302
0.07643 0.00000 0.07643 0.07643
-0.53468 0.00000 -0.53468 -0.53468
0.49578 0.00000 0.49578 0.49578
