# avg	std	min	max
0.63685 0.00000 0.63685 0.63685
-0.04702 0.00000 -0.04702 -0.04702
0.38607 0.00000 0.38607 0.38607
-0.07183 0.00000 -0.07183 -0.07183
-0.11491 0.00000 -0.11491 -0.11491
-0.52175 0.00000 -0.52175 -0.52175
-0.14010 0.00000 -0.14010 -0.14010
-0.64954 0.00000 -0.64954 -0.64954
-1.29504 0.00000 -1.29504 -1.29504
0.00017 0.00000 0.00017 0.00017
0.06940 0.00000 0.06940 0.06940
0.67525 0.00000 0.67525 0.67525
-0.09365 0.00000 -0.09365 -0.09365
0.53542 0.00000 0.53542 0.53542
-0.19018 0.00000 -0.19018 -0.19018
0.57478 0.00000 0.57478 0.57478
0.27583 0.00000 0.27583 0.27583
-0.23426 0.00000 -0.23426 -0.23426
-0.07912 0.00000 -0.07912 -0.07912
0.55288 0.00000 0.55288 0.55288
0.69050 0.00000 0.69050 0.69050
-0.35181 0.00000 -0.35181 -0.35181
0.99523 0.00000 0.99523 0.99523
