# avg	std	min	max
0.43727 0.00000 0.43727 0.43727
-0.79922 0.00000 -0.79922 -0.79922
-0.96087 0.00000 -0.96087 -0.96087
-2.55463 0.00000 -2.55463 -2.55463
-0.57459 0.00000 -0.57459 -0.57459
-1.98638 0.00000 -1.98638 -1.98638
-1.98047 0.00000 -1.98047 -1.98047
-1.13228 0.00000 -1.13228 -1.13228
-1.47700 0.00000 -1.47700 -1.47700
-0.00064 0.00000 -0.00064 -0.00064
-0.77723 0.00000 -0.77723 -0.77723
-0.30399 0.00000 -0.30399 -0.30399
-3.51098 0.00000 -3.51098 -3.51098
-0.26952 0.00000 -0.26952 -0.26952
-1.03462 0.00000 -1.03462 -1.03462
-0.14249 0.00000 -0.14249 -0.14249
-0.98447 0.00000 -0.98447 -0.98447
-1.68720 0.00000 -1.68720 -1.68720
-0.98668 0.00000 -0.98668 -0.98668
-1.29329 0.00000 -1.29329 -1.29329
0.94965 0.00000 0.94965 0.94965
-1.62783 0.00000 -1.62783 -1.62783
1.63431 0.00000 1.63431 1.63431
