# avg	std	min	max
0.98525 0.00000 0.98525 0.98525
-0.94862 0.00000 -0.94862 -0.94862
0.16490 0.00000 0.16490 0.16490
2.79365 0.00000 2.79365 2.79365
0.60195 0.00000 0.60195 0.60195
4.91018 0.00000 4.91018 4.91018
16.65238 0.00000 16.65238 16.65238
29.56568 0.00000 29.56568 29.56568
6.12034 0.00000 6.12034 6.12034
-0.00328 0.00000 -0.00328 -0.00328
0.95475 0.00000 0.95475 0.95475
0.83034 0.00000 0.83034 0.83034
9.94666 0.00000 9.94666 9.94666
3.06818 0.00000 3.06818 3.06818
6.54643 0.00000 6.54643 6.54643
3.63660 0.00000 3.63660 3.63660
6.86567 0.00000 6.86567 6.86567
9.98246 0.00000 9.98246 9.98246
14.80996 0.00000 14.80996 14.80996
19.79688 0.00000 19.79688 19.79688
14.45528 0.00000 14.45528 14.45528
24.52864 0.00000 24.52864 24.52864
16.01656 0.00000 16.01656 16.01656
