# avg	std	min	max
1.04191 0.00000 1.04191 1.04191
0.87872 0.00000 0.87872 0.87872
2.46079 0.00000 2.46079 2.46079
1.07044 0.00000 1.07044 1.07044
2.11411 0.00000 2.11411 2.11411
0.96642 0.00000 0.96642 0.96642
1.07334 0.00000 1.07334 1.07334
0.41323 0.00000 0.41323 0.41323
4.48248 0.00000 4.48248 4.48248
-0.00333 0.00000 -0.00333 -0.00333
2.20008 0.00000 2.20008 2.20008
1.99362 0.00000 1.99362 1.99362
0.34969 0.00000 0.34969 0.34969
1.10557 0.00000 1.10557 1.10557
1.42481 0.00000 1.42481 1.42481
2.30077 0.00000 2.30077 2.30077
1.62056 0.00000 1.62056 1.62056
0.33699 0.00000 0.33699 0.33699
0.60169 0.00000 0.60169 0.60169
0.42555 0.00000 0.42555 0.42555
2.26118 0.00000 2.26118 2.26118
1.05529 0.00000 1.05529 1.05529
3.36955 0.00000 3.36955 3.36955
