# avg	std	min	max
-0.41632 0.00000 -0.41632 -0.41632
0.71052 0.00000 0.71052 0.71052
3.42200 0.00000 3.42200 3.42200
1.52086 0.00000 1.52086 1.52086
2.92604 0.00000 2.92604 2.92604
0.47502 0.00000 0.47502 0.47502
1.13485 0.00000 1.13485 1.13485
1.25704 0.00000 1.25704 1.25704
5.31231 0.00000 5.31231 5.31231
0.00145 0.00000 0.00145 0.00145
2.10682 0.00000 2.10682 2.10682
0.59896 0.00000 0.59896 0.59896
1.15026 0.00000 1.15026 1.15026
0.17835 0.00000 0.17835 0.17835
1.21880 0.00000 1.21880 1.21880
-0.10510 0.00000 -0.10510 -0.10510
1.02751 0.00000 1.02751 1.02751
1.39763 0.00000 1.39763 1.39763
0.82787 0.00000 0.82787 0.82787
1.31786 0.00000 1.31786 1.31786
0.45672 0.00000 0.45672 0.45672
1.04411 0.00000 1.04411 1.04411
4.40761 0.00000 4.40761 4.40761
