# avg	std	min	max
-1.96891 0.00000 -1.96891 -1.96891
0.54364 0.00000 0.54364 0.54364
3.54299 0.00000 3.54299 3.54299
0.98563 0.00000 0.98563 0.98563
3.16407 0.00000 3.16407 3.16407
0.62182 0.00000 0.62182 0.62182
0.31669 0.00000 0.31669 0.31669
1.98181 0.00000 1.98181 1.98181
8.19946 0.00000 8.19946 8.19946
-0.00093 0.00000 -0.00093 -0.00093
2.10153 0.00000 2.10153 2.10153
1.13760 0.00000 1.13760 1.13760
-0.27532 0.00000 -0.27532 -0.27532
1.52108 0.00000 1.52108 1.52108
1.82247 0.00000 1.82247 1.82247
-0.09687 0.00000 -0.09687 -0.09687
1.42868 0.00000 1.42868 1.42868
2.65963 0.00000 2.65963 2.65963
4.12576 0.00000 4.12576 4.12576
2.01949 0.00000 2.01949 2.01949
2.70904 0.00000 2.70904 2.70904
4.77797 0.00000 4.77797 4.77797
7.04400 0.00000 7.04400 7.04400
