# avg	std	min	max
-1.64449 0.00000 -1.64449 -1.64449
-0.71784 0.00000 -0.71784 -0.71784
3.28103 0.00000 3.28103 3.28103
-0.55048 0.00000 -0.55048 -0.55048
4.54261 0.00000 4.54261 4.54261
0.19883 0.00000 0.19883 0.19883
-0.03777 0.00000 -0.03777 -0.03777
0.32403 0.00000 0.32403 0.32403
-0.15557 0.00000 -0.15557 -0.15557
-0.00070 0.00000 -0.00070 -0.00070
3.23639 0.00000 3.23639 3.23639
0.89962 0.00000 0.89962 0.89962
0.12985 0.00000 0.12985 0.12985
-0.39659 0.00000 -0.39659 -0.39659
0.26318 0.00000 0.26318 0.26318
-0.07521 0.00000 -0.07521 -0.07521
0.71486 0.00000 0.71486 0.71486
0.01055 0.00000 0.01055 0.01055
1.43009 0.00000 1.43009 1.43009
0.28162 0.00000 0.28162 0.28162
1.93527 0.00000 1.93527 1.93527
0.48712 0.00000 0.48712 0.48712
8.33898 0.00000 8.33898 8.33898
