# avg	std	min	max
2.14840 0.00000 2.14840 2.14840
0.58018 0.00000 0.58018 0.58018
0.31674 0.00000 0.31674 0.31674
3.51630 0.00000 3.51630 3.51630
-0.13416 0.00000 -0.13416 -0.13416
3.61133 0.00000 3.61133 3.61133
7.15865 0.00000 7.15865 7.15865
17.53132 0.00000 17.53132 17.53132
0.69440 0.00000 0.69440 0.69440
-0.00308 0.00000 -0.00308 -0.00308
-0.40744 0.00000 -0.40744 -0.40744
0.18913 0.00000 0.18913 0.18913
10.16066 0.00000 10.16066 10.16066
3.33834 0.00000 3.33834 3.33834
4.13385 0.00000 4.13385 4.13385
4.05074 0.00000 4.05074 4.05074
4.29291 0.00000 4.29291 4.29291
7.32673 0.00000 7.32673 7.32673
10.63436 0.00000 10.63436 10.63436
7.03651 0.00000 7.03651 7.03651
14.93150 0.00000 14.93150 14.93150
17.05004 0.00000 17.05004 17.05004
10.99219 0.00000 10.99219 10.99219
