# avg	std	min	max
1.00285 0.00000 1.00285 1.00285
0.28945 0.00000 0.28945 0.28945
1.06766 0.00000 1.06766 1.06766
-0.31663 0.00000 -0.31663 -0.31663
1.15874 0.00000 1.15874 1.15874
-0.54268 0.00000 -0.54268 -0.54268
-0.78493 0.00000 -0.78493 -0.78493
-0.77676 0.00000 -0.77676 -0.77676
1.22812 0.00000 1.22812 1.22812
-0.00039 0.00000 -0.00039 -0.00039
0.60920 0.00000 0.60920 0.60920
0.29041 0.00000 0.29041 0.29041
-0.55130 0.00000 -0.55130 -0.55130
-0.41163 0.00000 -0.41163 -0.41163
0.06725 0.00000 0.06725 0.06725
0.84840 0.00000 0.84840 0.84840
0.36845 0.00000 0.36845 0.36845
-0.17674 0.00000 -0.17674 -0.17674
0.30075 0.00000 0.30075 0.30075
0.37820 0.00000 0.37820 0.37820
1.26243 0.00000 1.26243 1.26243
-0.81499 0.00000 -0.81499 -0.81499
3.45253 0.00000 3.45253 3.45253
