# avg	std	min	max
0.31032 0.00000 0.31032 0.31032
0.29084 0.00000 0.29084 0.29084
0.01200 0.00000 0.01200 0.01200
0.13017 0.00000 0.13017 0.13017
-0.66062 0.00000 -0.66062 -0.66062
0.16868 0.00000 0.16868 0.16868
1.54689 0.00000 1.54689 1.54689
1.37788 0.00000 1.37788 1.37788
-0.14227 0.00000 -0.14227 -0.14227
1.30437 0.00000 1.30437 1.30437
0.00003 0.00000 0.00003 0.00003
1.19309 0.00000 1.19309 1.19309
1.52897 0.00000 1.52897 1.52897
0.25064 0.00000 0.25064 0.25064
0.04679 0.00000 0.04679 0.04679
0.72271 0.00000 0.72271 0.72271
0.27379 0.00000 0.27379 0.27379
-0.25284 0.00000 -0.25284 -0.25284
0.04985 0.00000 0.04985 0.04985
1.75757 0.00000 1.75757 1.75757
1.28372 0.00000 1.28372 1.28372
1.59556 0.00000 1.59556 1.59556
0.68521 0.00000 0.68521 0.68521
