# avg	std	min	max
-0.44652 0.00000 -0.44652 -0.44652
-1.45445 0.00000 -1.45445 -1.45445
-0.63365 0.00000 -0.63365 -0.63365
-2.29089 0.00000 -2.29089 -2.29089
-0.77494 0.00000 -0.77494 -0.77494
-2.17510 0.00000 -2.17510 -2.17510
-2.11654 0.00000 -2.11654 -2.11654
-2.33443 0.00000 -2.33443 -2.33443
1.13371 0.00000 1.13371 1.13371
-1.48213 0.00000 -1.48213 -1.48213
-0.00577 0.00000 -0.00577 -0.00577
-1.11747 0.00000 -1.11747 -1.11747
-2.07893 0.00000 -2.07893 -2.07893
-0.74340 0.00000 -0.74340 -0.74340
-1.14714 0.00000 -1.14714 -1.14714
-0.57714 0.00000 -0.57714 -0.57714
-1.33141 0.00000 -1.33141 -1.33141
-1.97222 0.00000 -1.97222 -1.97222
-1.69971 0.00000 -1.69971 -1.69971
-1.20613 0.00000 -1.20613 -1.20613
-0.16284 0.00000 -0.16284 -0.16284
-2.31250 0.00000 -2.31250 -2.31250
1.23222 0.00000 1.23222 1.23222
