# avg	std	min	max
0.00552 0.00000 0.00552 0.00552
0.01660 0.00000 0.01660 0.01660
0.09252 0.00000 0.09252 0.09252
-0.18512 0.00000 -0.18512 -0.18512
0.25329 0.00000 0.25329 0.25329
-0.09907 0.00000 -0.09907 -0.09907
-0.08451 0.00000 -0.08451 -0.08451
-0.14200 0.00000 -0.14200 -0.14200
0.92641 0.00000 0.92641 0.92641
-0.04934 0.00000 -0.04934 -0.04934
0.00057 0.00000 0.00057 0.00057
-0.09662 0.00000 -0.09662 -0.09662
-0.07576 0.00000 -0.07576 -0.07576
-0.39976 0.00000 -0.39976 -0.39976
-0.21088 0.00000 -0.21088 -0.21088
-0.18081 0.00000 -0.18081 -0.18081
0.17951 0.00000 0.17951 0.17951
-0.14186 0.00000 -0.14186 -0.14186
-0.14457 0.00000 -0.14457 -0.14457
-0.05728 0.00000 -0.05728 -0.05728
0.27104 0.00000 0.27104 0.27104
-0.44580 0.00000 -0.44580 -0.44580
0.52128 0.00000 0.52128 0.52128
