# avg	std	min	max
1.64812 0.00000 1.64812 1.64812
0.51950 0.00000 0.51950 0.51950
-0.15086 0.00000 -0.15086 -0.15086
-1.06333 0.00000 -1.06333 -1.06333
-1.09392 0.00000 -1.09392 -1.09392
-1.65562 0.00000 -1.65562 -1.65562
-3.15229 0.00000 -3.15229 -3.15229
-0.88870 0.00000 -0.88870 -0.88870
-0.54263 0.00000 -0.54263 -0.54263
0.48990 0.00000 0.48990 0.48990
-0.00300 0.00000 -0.00300 -0.00300
0.29727 0.00000 0.29727 0.29727
0.56525 0.00000 0.56525 0.56525
0.41610 0.00000 0.41610 0.41610
0.43151 0.00000 0.43151 0.43151
0.17278 0.00000 0.17278 0.17278
-0.11050 0.00000 -0.11050 -0.11050
1.19635 0.00000 1.19635 1.19635
1.74802 0.00000 1.74802 1.74802
-0.69142 0.00000 -0.69142 -0.69142
1.21974 0.00000 1.21974 1.21974
-0.57140 0.00000 -0.57140 -0.57140
1.75610 0.00000 1.75610 1.75610
