# avg	std	min	max
1.47808 0.00000 1.47808 1.47808
0.60427 0.00000 0.60427 0.60427
-1.30071 0.00000 -1.30071 -1.30071
-2.28837 0.00000 -2.28837 -2.28837
-1.78015 0.00000 -1.78015 -1.78015
-2.14912 0.00000 -2.14912 -2.14912
3.65879 0.00000 3.65879 3.65879
3.75281 0.00000 3.75281 3.75281
3.67887 0.00000 3.67887 3.67887
1.28149 0.00000 1.28149 1.28149
-0.00417 0.00000 -0.00417 -0.00417
-0.10303 0.00000 -0.10303 -0.10303
4.34449 0.00000 4.34449 4.34449
1.17545 0.00000 1.17545 1.17545
0.10918 0.00000 0.10918 0.10918
2.56000 0.00000 2.56000 2.56000
0.40312 0.00000 0.40312 0.40312
-0.73129 0.00000 -0.73129 -0.73129
-0.65227 0.00000 -0.65227 -0.65227
3.58628 0.00000 3.58628 3.58628
0.18031 0.00000 0.18031 0.18031
2.62707 0.00000 2.62707 2.62707
1.07533 0.00000 1.07533 1.07533
