# avg	std	min	max
-0.99056 0.00000 -0.99056 -0.99056
0.06100 0.00000 0.06100 0.06100
0.61909 0.00000 0.61909 0.61909
-0.64300 0.00000 -0.64300 -0.64300
1.68617 0.00000 1.68617 1.68617
-0.75023 0.00000 -0.75023 -0.75023
-0.46389 0.00000 -0.46389 -0.46389
-0.11874 0.00000 -0.11874 -0.11874
3.92903 0.00000 3.92903 3.92903
-0.15433 0.00000 -0.15433 -0.15433
0.00000 0.00000 0.00000 0.00000
-0.23677 0.00000 -0.23677 -0.23677
-0.34584 0.00000 -0.34584 -0.34584
-0.53918 0.00000 -0.53918 -0.53918
-0.67300 0.00000 -0.67300 -0.67300
-0.53773 0.00000 -0.53773 -0.53773
-0.62401 0.00000 -0.62401 -0.62401
-0.71982 0.00000 -0.71982 -0.71982
-0.57399 0.00000 -0.57399 -0.57399
-0.10629 0.00000 -0.10629 -0.10629
-0.67752 0.00000 -0.67752 -0.67752
-0.45607 0.00000 -0.45607 -0.45607
0.86178 0.00000 0.86178 0.86178
