# avg	std	min	max
-0.16940 0.00000 -0.16940 -0.16940
-0.36607 0.00000 -0.36607 -0.36607
-0.13237 0.00000 -0.13237 -0.13237
-0.96178 0.00000 -0.96178 -0.96178
-0.69449 0.00000 -0.69449 -0.69449
-0.99649 0.00000 -0.99649 -0.99649
-0.93025 0.00000 -0.93025 -0.93025
-0.80109 0.00000 -0.80109 -0.80109
-1.31692 0.00000 -1.31692 -1.31692
-0.09348 0.00000 -0.09348 -0.09348
-0.00091 0.00000 -0.00091 -0.00091
-0.11961 0.00000 -0.11961 -0.11961
-0.75592 0.00000 -0.75592 -0.75592
-0.10486 0.00000 -0.10486 -0.10486
-0.50217 0.00000 -0.50217 -0.50217
-0.22674 0.00000 -0.22674 -0.22674
-0.57752 0.00000 -0.57752 -0.57752
-0.84040 0.00000 -0.84040 -0.84040
-0.70271 0.00000 -0.70271 -0.70271
-0.15373 0.00000 -0.15373 -0.15373
-0.17138 0.00000 -0.17138 -0.17138
-1.63611 0.00000 -1.63611 -1.63611
-0.05874 0.00000 -0.05874 -0.05874
