# avg	std	min	max
-0.62592 0.00000 -0.62592 -0.62592
0.65721 0.00000 0.65721 0.65721
0.90650 0.00000 0.90650 0.90650
-0.28159 0.00000 -0.28159 -0.28159
-0.44992 0.00000 -0.44992 -0.44992
-0.11591 0.00000 -0.11591 -0.11591
0.39039 0.00000 0.39039 0.39039
-0.27054 0.00000 -0.27054 -0.27054
0.78926 0.00000 0.78926 0.78926
-1.82558 0.00000 -1.82558 -1.82558
-0.00860 0.00000 -0.00860 -0.00860
0.03188 0.00000 0.03188 0.03188
0.32974 0.00000 0.32974 0.32974
-1.19966 0.00000 -1.19966 -1.19966
-0.06443 0.00000 -0.06443 -0.06443
-4.03439 0.00000 -4.03439 -4.03439
-0.76014 0.00000 -0.76014 -0.76014
-0.17137 0.00000 -0.17137 -0.17137
0.13445 0.00000 0.13445 0.13445
-0.20257 0.00000 -0.20257 -0.20257
-5.49170 0.00000 -5.49170 -5.49170
0.33812 0.00000 0.33812 0.33812
0.42528 0.00000 0.42528 0.42528
