# avg	std	min	max
1.03570 0.00000 1.03570 1.03570
-0.35033 0.00000 -0.35033 -0.35033
-0.23397 0.00000 -0.23397 -0.23397
0.73528 0.00000 0.73528 0.73528
0.68617 0.00000 0.68617 0.68617
1.55756 0.00000 1.55756 1.55756
8.94133 0.00000 8.94133 8.94133
18.29632 0.00000 18.29632 18.29632
5.94918 0.00000 5.94918 5.94918
0.39201 0.00000 0.39201 0.39201
-0.00298 0.00000 -0.00298 -0.00298
-0.52741 0.00000 -0.52741 -0.52741
12.46220 0.00000 12.46220 12.46220
0.26701 0.00000 0.26701 0.26701
3.64940 0.00000 3.64940 3.64940
3.89001 0.00000 3.89001 3.89001
4.79117 0.00000 4.79117 4.79117
3.67129 0.00000 3.67129 3.67129
5.86066 0.00000 5.86066 5.86066
3.12595 0.00000 3.12595 3.12595
11.11762 0.00000 11.11762 11.11762
18.69326 0.00000 18.69326 18.69326
14.72020 0.00000 14.72020 14.72020
