# avg	std	min	max
0.97070 0.00000 0.97070 0.97070
0.05379 0.00000 0.05379 0.05379
-0.16132 0.00000 -0.16132 -0.16132
-0.42375 0.00000 -0.42375 -0.42375
-0.74633 0.00000 -0.74633 -0.74633
-0.62924 0.00000 -0.62924 -0.62924
-0.87762 0.00000 -0.87762 -0.87762
-0.40955 0.00000 -0.40955 -0.40955
-0.94720 0.00000 -0.94720 -0.94720
-0.24576 0.00000 -0.24576 -0.24576
-0.00159 0.00000 -0.00159 -0.00159
0.36405 0.00000 0.36405 0.36405
-0.25027 0.00000 -0.25027 -0.25027
-0.24701 0.00000 -0.24701 -0.24701
-0.67788 0.00000 -0.67788 -0.67788
0.09541 0.00000 0.09541 0.09541
-0.17595 0.00000 -0.17595 -0.17595
-0.27588 0.00000 -0.27588 -0.27588
-0.39926 0.00000 -0.39926 -0.39926
0.09738 0.00000 0.09738 0.09738
0.00386 0.00000 0.00386 0.00386
-0.42063 0.00000 -0.42063 -0.42063
-0.16198 0.00000 -0.16198 -0.16198
