# avg	std	min	max
1.60946 0.00000 1.60946 1.60946
0.64436 0.00000 0.64436 0.64436
0.00019 0.00000 0.00019 0.00019
-0.61750 0.00000 -0.61750 -0.61750
-0.12373 0.00000 -0.12373 -0.12373
-0.85192 0.00000 -0.85192 -0.85192
-0.96664 0.00000 -0.96664 -0.96664
-0.60395 0.00000 -0.60395 -0.60395
-1.41473 0.00000 -1.41473 -1.41473
1.13568 0.00000 1.13568 1.13568
1.57760 0.00000 1.57760 1.57760
1.52675 0.00000 1.52675 1.52675
-0.88378 0.00000 -0.88378 -0.88378
0.92213 0.00000 0.92213 0.92213
0.36413 0.00000 0.36413 0.36413
0.82736 0.00000 0.82736 0.82736
0.06197 0.00000 0.06197 0.06197
0.41291 0.00000 0.41291 0.41291
0.21713 0.00000 0.21713 0.21713
-0.55399 0.00000 -0.55399 -0.55399
1.19390 0.00000 1.19390 1.19390
7.57802 0.00000 7.57802 7.57802
3.15198 0.00000 3.15198 3.15198
