# avg	std	min	max
4.39499 0.00000 4.39499 4.39499
2.54397 0.00000 2.54397 2.54397
-0.00286 0.00000 -0.00286 -0.00286
0.88118 0.00000 0.88118 0.88118
-0.77742 0.00000 -0.77742 -0.77742
1.45558 0.00000 1.45558 1.45558
10.55573 0.00000 10.55573 10.55573
16.95682 0.00000 16.95682 16.95682
7.62639 0.00000 7.62639 7.62639
3.23761 0.00000 3.23761 3.23761
1.36896 0.00000 1.36896 1.36896
1.68506 0.00000 1.68506 1.68506
16.30462 0.00000 16.30462 16.30462
3.52076 0.00000 3.52076 3.52076
3.74673 0.00000 3.74673 3.74673
3.91713 0.00000 3.91713 3.91713
4.03143 0.00000 4.03143 4.03143
3.66103 0.00000 3.66103 3.66103
3.92341 0.00000 3.92341 3.92341
11.21832 0.00000 11.21832 11.21832
8.46437 0.00000 8.46437 8.46437
30.09756 0.00000 30.09756 30.09756
7.83697 0.00000 7.83697 7.83697
