# avg	std	min	max
3.07967 0.00000 3.07967 3.07967
1.73835 0.00000 1.73835 1.73835
-0.00605 0.00000 -0.00605 -0.00605
-0.78589 0.00000 -0.78589 -0.78589
0.59451 0.00000 0.59451 0.59451
-0.30844 0.00000 -0.30844 -0.30844
4.65802 0.00000 4.65802 4.65802
5.86238 0.00000 5.86238 5.86238
7.96182 0.00000 7.96182 7.96182
1.99429 0.00000 1.99429 1.99429
1.11619 0.00000 1.11619 1.11619
1.14908 0.00000 1.14908 1.14908
9.48467 0.00000 9.48467 9.48467
1.58836 0.00000 1.58836 1.58836
1.68945 0.00000 1.68945 1.68945
2.35712 0.00000 2.35712 2.35712
2.06153 0.00000 2.06153 2.06153
0.97382 0.00000 0.97382 0.97382
1.68530 0.00000 1.68530 1.68530
4.94727 0.00000 4.94727 4.94727
6.12886 0.00000 6.12886 6.12886
21.00218 0.00000 21.00218 21.00218
8.71126 0.00000 8.71126 8.71126
