# avg	std	min	max
1.52307 0.00000 1.52307 1.52307
1.51682 0.00000 1.51682 1.51682
0.00607 0.00000 0.00607 0.00607
-1.12101 0.00000 -1.12101 -1.12101
-1.19571 0.00000 -1.19571 -1.19571
-1.07582 0.00000 -1.07582 -1.07582
-0.38402 0.00000 -0.38402 -0.38402
-0.39141 0.00000 -0.39141 -0.39141
2.78011 0.00000 2.78011 2.78011
1.16929 0.00000 1.16929 1.16929
1.07450 0.00000 1.07450 1.07450
0.25248 0.00000 0.25248 0.25248
-0.50001 0.00000 -0.50001 -0.50001
0.70279 0.00000 0.70279 0.70279
0.31670 0.00000 0.31670 0.31670
1.23985 0.00000 1.23985 1.23985
1.06317 0.00000 1.06317 1.06317
-0.39378 0.00000 -0.39378 -0.39378
-0.56709 0.00000 -0.56709 -0.56709
-0.01852 0.00000 -0.01852 -0.01852
1.47778 0.00000 1.47778 1.47778
-0.46778 0.00000 -0.46778 -0.46778
1.41999 0.00000 1.41999 1.41999
