# avg	std	min	max
3.18628 0.00000 3.18628 3.18628
2.13178 0.00000 2.13178 2.13178
0.00000 0.00000 0.00000 0.00000
1.81715 0.00000 1.81715 1.81715
0.90208 0.00000 0.90208 0.90208
1.93847 0.00000 1.93847 1.93847
3.09503 0.00000 3.09503 3.09503
10.90869 0.00000 10.90869 10.90869
6.40977 0.00000 6.40977 6.40977
3.36305 0.00000 3.36305 3.36305
2.11065 0.00000 2.11065 2.11065
1.28958 0.00000 1.28958 1.28958
4.72359 0.00000 4.72359 4.72359
2.89060 0.00000 2.89060 2.89060
4.28000 0.00000 4.28000 4.28000
4.98055 0.00000 4.98055 4.98055
5.03951 0.00000 5.03951 5.03951
4.29065 0.00000 4.29065 4.29065
4.52274 0.00000 4.52274 4.52274
6.41316 0.00000 6.41316 6.41316
8.54512 0.00000 8.54512 8.54512
9.45261 0.00000 9.45261 9.45261
11.01667 0.00000 11.01667 11.01667
