# avg	std	min	max
4.92801 0.00000 4.92801 4.92801
3.39559 0.00000 3.39559 3.39559
-0.00382 0.00000 -0.00382 -0.00382
-0.80119 0.00000 -0.80119 -0.80119
-1.56333 0.00000 -1.56333 -1.56333
-1.43137 0.00000 -1.43137 -1.43137
0.33069 0.00000 0.33069 0.33069
0.09088 0.00000 0.09088 0.09088
5.85850 0.00000 5.85850 5.85850
4.16646 0.00000 4.16646 4.16646
2.35575 0.00000 2.35575 2.35575
2.35523 0.00000 2.35523 2.35523
0.29757 0.00000 0.29757 0.29757
2.99867 0.00000 2.99867 2.99867
2.48983 0.00000 2.48983 2.48983
4.28377 0.00000 4.28377 4.28377
4.06536 0.00000 4.06536 4.06536
2.31034 0.00000 2.31034 2.31034
2.55143 0.00000 2.55143 2.55143
2.99665 0.00000 2.99665 2.99665
6.86432 0.00000 6.86432 6.86432
13.83040 0.00000 13.83040 13.83040
6.92993 0.00000 6.92993 6.92993
