# avg	std	min	max
2.90166 0.00000 2.90166 2.90166
1.70436 0.00000 1.70436 1.70436
0.00061 0.00000 0.00061 0.00061
0.90067 0.00000 0.90067 0.90067
-0.33332 0.00000 -0.33332 -0.33332
0.97557 0.00000 0.97557 0.97557
1.14383 0.00000 1.14383 1.14383
0.78465 0.00000 0.78465 0.78465
2.54596 0.00000 2.54596 2.54596
2.19276 0.00000 2.19276 2.19276
1.25146 0.00000 1.25146 1.25146
1.79214 0.00000 1.79214 1.79214
1.08942 0.00000 1.08942 1.08942
2.03823 0.00000 2.03823 2.03823
1.29390 0.00000 1.29390 1.29390
2.17535 0.00000 2.17535 2.17535
1.17863 0.00000 1.17863 1.17863
1.31346 0.00000 1.31346 1.31346
1.35399 0.00000 1.35399 1.35399
1.83365 0.00000 1.83365 1.83365
2.27140 0.00000 2.27140 2.27140
1.14824 0.00000 1.14824 1.14824
1.02933 0.00000 1.02933 1.02933
