# avg	std	min	max
0.09764 0.00000 0.09764 0.09764
-0.18606 0.00000 -0.18606 -0.18606
-0.00018 0.00000 -0.00018 -0.00018
-0.14375 0.00000 -0.14375 -0.14375
-0.00950 0.00000 -0.00950 -0.00950
-0.07680 0.00000 -0.07680 -0.07680
-0.20532 0.00000 -0.20532 -0.20532
-0.16280 0.00000 -0.16280 -0.16280
-0.47730 0.00000 -0.47730 -0.47730
-0.02599 0.00000 -0.02599 -0.02599
-0.08605 0.00000 -0.08605 -0.08605
0.03801 0.00000 0.03801 0.03801
-0.18629 0.00000 -0.18629 -0.18629
0.02439 0.00000 0.02439 0.02439
-0.12956 0.00000 -0.12956 -0.12956
-0.09540 0.00000 -0.09540 -0.09540
-0.32841 0.00000 -0.32841 -0.32841
-0.13697 0.00000 -0.13697 -0.13697
-0.14697 0.00000 -0.14697 -0.14697
-0.04697 0.00000 -0.04697 -0.04697
-0.22247 0.00000 -0.22247 -0.22247
-0.38022 0.00000 -0.38022 -0.38022
-0.05564 0.00000 -0.05564 -0.05564
