# avg	std	min	max
2.59045 0.00000 2.59045 2.59045
1.18166 0.00000 1.18166 1.18166
0.00000 0.00000 0.00000 0.00000
3.44256 0.00000 3.44256 3.44256
0.65735 0.00000 0.65735 0.65735
2.83446 0.00000 2.83446 2.83446
8.85022 0.00000 8.85022 8.85022
29.45406 0.00000 29.45406 29.45406
4.11490 0.00000 4.11490 4.11490
3.17184 0.00000 3.17184 3.17184
2.80561 0.00000 2.80561 2.80561
1.31839 0.00000 1.31839 1.31839
16.24062 0.00000 16.24062 16.24062
3.36106 0.00000 3.36106 3.36106
5.11223 0.00000 5.11223 5.11223
3.89512 0.00000 3.89512 3.89512
6.33588 0.00000 6.33588 6.33588
6.35992 0.00000 6.35992 6.35992
12.74591 0.00000 12.74591 12.74591
9.48792 0.00000 9.48792 9.48792
11.14716 0.00000 11.14716 11.14716
28.16696 0.00000 28.16696 28.16696
11.58496 0.00000 11.58496 11.58496
