# avg	std	min	max
3.64314 0.00000 3.64314 3.64314
2.04070 0.00000 2.04070 2.04070
-0.00274 0.00000 -0.00274 -0.00274
1.97613 0.00000 1.97613 1.97613
0.58606 0.00000 0.58606 0.58606
1.93982 0.00000 1.93982 1.93982
7.53531 0.00000 7.53531 7.53531
12.25332 0.00000 12.25332 12.25332
6.30286 0.00000 6.30286 6.30286
2.64856 0.00000 2.64856 2.64856
2.37763 0.00000 2.37763 2.37763
1.83575 0.00000 1.83575 1.83575
9.00920 0.00000 9.00920 9.00920
3.42567 0.00000 3.42567 3.42567
4.02126 0.00000 4.02126 4.02126
5.83413 0.00000 5.83413 5.83413
5.49759 0.00000 5.49759 5.49759
3.00607 0.00000 3.00607 3.00607
6.78831 0.00000 6.78831 6.78831
8.67232 0.00000 8.67232 8.67232
10.83218 0.00000 10.83218 10.83218
13.21414 0.00000 13.21414 13.21414
12.69906 0.00000 12.69906 12.69906
