# avg	std	min	max
0.17004 0.00000 0.17004 0.17004
-0.02931 0.00000 -0.02931 -0.02931
-0.01036 0.00000 -0.01036 -0.01036
-1.18982 0.00000 -1.18982 -1.18982
-0.50710 0.00000 -0.50710 -0.50710
-1.07928 0.00000 -1.07928 -1.07928
0.00891 0.00000 0.00891 0.00891
-0.14676 0.00000 -0.14676 -0.14676
-0.43657 0.00000 -0.43657 -0.43657
0.59699 0.00000 0.59699 0.59699
0.49394 0.00000 0.49394 0.49394
0.61449 0.00000 0.61449 0.61449
0.23229 0.00000 0.23229 0.23229
0.54535 0.00000 0.54535 0.54535
0.33803 0.00000 0.33803 0.33803
0.36258 0.00000 0.36258 0.36258
0.22746 0.00000 0.22746 0.22746
0.22834 0.00000 0.22834 0.22834
0.50267 0.00000 0.50267 0.50267
0.87971 0.00000 0.87971 0.87971
1.00761 0.00000 1.00761 1.00761
-0.00810 0.00000 -0.00810 -0.00810
0.95777 0.00000 0.95777 0.95777
