# avg	std	min	max
3.46225 0.00000 3.46225 3.46225
1.73628 0.00000 1.73628 1.73628
-0.03887 0.00000 -0.03887 -0.03887
0.56514 0.00000 0.56514 0.56514
-0.47273 0.00000 -0.47273 -0.47273
-0.25639 0.00000 -0.25639 -0.25639
4.96587 0.00000 4.96587 4.96587
10.15140 0.00000 10.15140 10.15140
3.75307 0.00000 3.75307 3.75307
2.69390 0.00000 2.69390 2.69390
1.77110 0.00000 1.77110 1.77110
1.53603 0.00000 1.53603 1.53603
7.68658 0.00000 7.68658 7.68658
2.55087 0.00000 2.55087 2.55087
1.72754 0.00000 1.72754 1.72754
4.08593 0.00000 4.08593 4.08593
2.41090 0.00000 2.41090 2.41090
1.37861 0.00000 1.37861 1.37861
2.25497 0.00000 2.25497 2.25497
3.72676 0.00000 3.72676 3.72676
6.14804 0.00000 6.14804 6.14804
16.40820 0.00000 16.40820 16.40820
3.39641 0.00000 3.39641 3.39641
