# avg	std	min	max
4.27564 0.00000 4.27564 4.27564
2.33245 0.00000 2.33245 2.33245
-0.01654 0.00000 -0.01654 -0.01654
0.06221 0.00000 0.06221 0.06221
0.15382 0.00000 0.15382 0.15382
1.07090 0.00000 1.07090 1.07090
5.78295 0.00000 5.78295 5.78295
12.07342 0.00000 12.07342 12.07342
-0.71834 0.00000 -0.71834 -0.71834
3.09196 0.00000 3.09196 3.09196
2.40037 0.00000 2.40037 2.40037
1.80237 0.00000 1.80237 1.80237
9.13073 0.00000 9.13073 9.13073
3.38330 0.00000 3.38330 3.38330
2.06986 0.00000 2.06986 2.06986
3.09993 0.00000 3.09993 3.09993
1.07482 0.00000 1.07482 1.07482
5.84705 0.00000 5.84705 5.84705
9.31836 0.00000 9.31836 9.31836
4.55400 0.00000 4.55400 4.55400
10.70994 0.00000 10.70994 10.70994
26.46112 0.00000 26.46112 26.46112
8.39571 0.00000 8.39571 8.39571
