# avg	std	min	max
0.60239 0.00000 0.60239 0.60239
-0.20365 0.00000 -0.20365 -0.20365
-0.01554 0.00000 -0.01554 -0.01554
-0.18178 0.00000 -0.18178 -0.18178
-0.22034 0.00000 -0.22034 -0.22034
-1.19932 0.00000 -1.19932 -1.19932
-0.02828 0.00000 -0.02828 -0.02828
0.17299 0.00000 0.17299 0.17299
3.47882 0.00000 3.47882 3.47882
-0.12210 0.00000 -0.12210 -0.12210
-0.13774 0.00000 -0.13774 -0.13774
0.07239 0.00000 0.07239 0.07239
0.03530 0.00000 0.03530 0.03530
-0.16181 0.00000 -0.16181 -0.16181
-0.43105 0.00000 -0.43105 -0.43105
0.48944 0.00000 0.48944 0.48944
-0.22142 0.00000 -0.22142 -0.22142
-0.21821 0.00000 -0.21821 -0.21821
-0.32787 0.00000 -0.32787 -0.32787
-0.07561 0.00000 -0.07561 -0.07561
-0.17943 0.00000 -0.17943 -0.17943
-0.02178 0.00000 -0.02178 -0.02178
0.52314 0.00000 0.52314 0.52314
