# avg	std	min	max
1.47210 0.00000 1.47210 1.47210
1.03218 0.00000 1.03218 1.03218
-0.05584 0.00000 -0.05584 -0.05584
0.46842 0.00000 0.46842 0.46842
-0.19772 0.00000 -0.19772 -0.19772
0.40812 0.00000 0.40812 0.40812
0.41129 0.00000 0.41129 0.41129
0.84208 0.00000 0.84208 0.84208
2.20975 0.00000 2.20975 2.20975
1.58247 0.00000 1.58247 1.58247
0.31144 0.00000 0.31144 0.31144
0.42703 0.00000 0.42703 0.42703
0.55460 0.00000 0.55460 0.55460
1.01806 0.00000 1.01806 1.01806
1.06557 0.00000 1.06557 1.06557
1.50223 0.00000 1.50223 1.50223
1.05449 0.00000 1.05449 1.05449
0.97028 0.00000 0.97028 0.97028
1.50839 0.00000 1.50839 1.50839
1.47560 0.00000 1.47560 1.47560
1.53733 0.00000 1.53733 1.53733
-0.90499 0.00000 -0.90499 -0.90499
0.94045 0.00000 0.94045 0.94045
