# avg	std	min	max
5.12554 0.00000 5.12554 5.12554
3.26131 0.00000 3.26131 3.26131
-0.00354 0.00000 -0.00354 -0.00354
-0.53564 0.00000 -0.53564 -0.53564
-1.21623 0.00000 -1.21623 -1.21623
0.46794 0.00000 0.46794 0.46794
1.07751 0.00000 1.07751 1.07751
8.02086 0.00000 8.02086 8.02086
4.94503 0.00000 4.94503 4.94503
4.47114 0.00000 4.47114 4.47114
2.33347 0.00000 2.33347 2.33347
2.46567 0.00000 2.46567 2.46567
2.39468 0.00000 2.39468 2.39468
2.90366 0.00000 2.90366 2.90366
2.60536 0.00000 2.60536 2.60536
5.42701 0.00000 5.42701 5.42701
3.95176 0.00000 3.95176 3.95176
3.84519 0.00000 3.84519 3.84519
4.64724 0.00000 4.64724 4.64724
3.94564 0.00000 3.94564 3.94564
9.05725 0.00000 9.05725 9.05725
15.24280 0.00000 15.24280 15.24280
8.76505 0.00000 8.76505 8.76505
