# avg	std	min	max
4.35774 0.00000 4.35774 4.35774
3.00646 0.00000 3.00646 3.00646
0.00039 0.00000 0.00039 0.00039
1.84791 0.00000 1.84791 1.84791
1.43756 0.00000 1.43756 1.43756
1.60172 0.00000 1.60172 1.60172
7.35201 0.00000 7.35201 7.35201
24.22622 0.00000 24.22622 24.22622
4.14873 0.00000 4.14873 4.14873
3.54895 0.00000 3.54895 3.54895
2.73359 0.00000 2.73359 2.73359
1.98647 0.00000 1.98647 1.98647
9.44980 0.00000 9.44980 9.44980
3.00417 0.00000 3.00417 3.00417
3.66454 0.00000 3.66454 3.66454
4.32617 0.00000 4.32617 4.32617
4.78829 0.00000 4.78829 4.78829
7.20004 0.00000 7.20004 7.20004
9.15541 0.00000 9.15541 9.15541
8.84971 0.00000 8.84971 8.84971
12.00124 0.00000 12.00124 12.00124
41.02632 0.00000 41.02632 41.02632
11.64198 0.00000 11.64198 11.64198
