# avg	std	min	max
3.94524 0.00000 3.94524 3.94524
2.02300 0.00000 2.02300 2.02300
-0.00550 0.00000 -0.00550 -0.00550
1.45927 0.00000 1.45927 1.45927
0.41166 0.00000 0.41166 0.41166
0.81360 0.00000 0.81360 0.81360
10.54052 0.00000 10.54052 10.54052
10.72373 0.00000 10.72373 10.72373
7.14542 0.00000 7.14542 7.14542
2.78161 0.00000 2.78161 2.78161
1.92546 0.00000 1.92546 1.92546
0.92927 0.00000 0.92927 0.92927
12.32044 0.00000 12.32044 12.32044
3.76254 0.00000 3.76254 3.76254
4.71409 0.00000 4.71409 4.71409
4.93718 0.00000 4.93718 4.93718
4.21201 0.00000 4.21201 4.21201
5.09093 0.00000 5.09093 5.09093
4.89055 0.00000 4.89055 4.89055
8.65427 0.00000 8.65427 8.65427
12.32960 0.00000 12.32960 12.32960
24.83756 0.00000 24.83756 24.83756
11.92592 0.00000 11.92592 11.92592
