# avg	std	min	max
5.22841 0.00000 5.22841 5.22841
4.04079 0.00000 4.04079 4.04079
2.94860 0.00000 2.94860 2.94860
1.04800 0.00000 1.04800 1.04800
2.49311 0.00000 2.49311 2.49311
0.84905 0.00000 0.84905 0.84905
0.75853 0.00000 0.75853 0.75853
-0.03262 0.00000 -0.03262 -0.03262
5.40059 0.00000 5.40059 5.40059
4.62711 0.00000 4.62711 4.62711
4.25520 0.00000 4.25520 4.25520
3.49210 0.00000 3.49210 3.49210
1.28341 0.00000 1.28341 1.28341
4.48327 0.00000 4.48327 4.48327
2.52570 0.00000 2.52570 2.52570
4.79440 0.00000 4.79440 4.79440
3.31032 0.00000 3.31032 3.31032
3.53981 0.00000 3.53981 3.53981
3.84094 0.00000 3.84094 3.84094
2.78908 0.00000 2.78908 2.78908
5.00428 0.00000 5.00428 5.00428
1.22649 0.00000 1.22649 1.22649
8.94096 0.00000 8.94096 8.94096
