# avg	std	min	max
6.56636 0.00000 6.56636 6.56636
4.65909 0.00000 4.65909 4.65909
5.86235 0.00000 5.86235 5.86235
3.09318 0.00000 3.09318 3.09318
5.36585 0.00000 5.36585 5.36585
2.38498 0.00000 2.38498 2.38498
1.49226 0.00000 1.49226 1.49226
0.03186 0.00000 0.03186 0.03186
10.77140 0.00000 10.77140 10.77140
7.20136 0.00000 7.20136 7.20136
5.97239 0.00000 5.97239 5.97239
5.79099 0.00000 5.79099 5.79099
2.07805 0.00000 2.07805 2.07805
6.36865 0.00000 6.36865 6.36865
5.13997 0.00000 5.13997 5.13997
7.61198 0.00000 7.61198 7.61198
6.95709 0.00000 6.95709 6.95709
4.86486 0.00000 4.86486 4.86486
5.46631 0.00000 5.46631 5.46631
3.87002 0.00000 3.87002 3.87002
10.77538 0.00000 10.77538 10.77538
4.74831 0.00000 4.74831 4.74831
13.14582 0.00000 13.14582 13.14582
