# avg	std	min	max
5.63614 0.00000 5.63614 5.63614
4.45832 0.00000 4.45832 4.45832
2.67370 0.00000 2.67370 2.67370
1.61611 0.00000 1.61611 1.61611
1.74856 0.00000 1.74856 1.74856
1.64398 0.00000 1.64398 1.64398
1.04519 0.00000 1.04519 1.04519
-0.01750 0.00000 -0.01750 -0.01750
3.54118 0.00000 3.54118 3.54118
4.33264 0.00000 4.33264 4.33264
2.91914 0.00000 2.91914 2.91914
3.77386 0.00000 3.77386 3.77386
1.67636 0.00000 1.67636 1.67636
3.45696 0.00000 3.45696 3.45696
3.82765 0.00000 3.82765 3.82765
4.90480 0.00000 4.90480 4.90480
4.55646 0.00000 4.55646 4.55646
4.66985 0.00000 4.66985 4.66985
4.28064 0.00000 4.28064 4.28064
2.65446 0.00000 2.65446 2.65446
7.06415 0.00000 7.06415 7.06415
1.09416 0.00000 1.09416 1.09416
8.60321 0.00000 8.60321 8.60321
