# avg	std	min	max
2.16429 0.00000 2.16429 2.16429
2.96869 0.00000 2.96869 2.96869
2.21599 0.00000 2.21599 2.21599
0.34919 0.00000 0.34919 0.34919
3.92460 0.00000 3.92460 3.92460
-0.30249 0.00000 -0.30249 -0.30249
-0.59719 0.00000 -0.59719 -0.59719
-0.91433 0.00000 -0.91433 -0.91433
1.76998 0.00000 1.76998 1.76998
4.00710 0.00000 4.00710 4.00710
3.79818 0.00000 3.79818 3.79818
2.61024 0.00000 2.61024 2.61024
-0.01429 0.00000 -0.01429 -0.01429
2.29519 0.00000 2.29519 2.29519
2.66839 0.00000 2.66839 2.66839
2.94455 0.00000 2.94455 2.94455
3.33085 0.00000 3.33085 3.33085
2.88294 0.00000 2.88294 2.88294
2.93789 0.00000 2.93789 2.93789
2.24946 0.00000 2.24946 2.24946
4.96388 0.00000 4.96388 4.96388
3.02833 0.00000 3.02833 3.02833
7.82429 0.00000 7.82429 7.82429
