# avg	std	min	max
6.61349 0.00000 6.61349 6.61349
5.02041 0.00000 5.02041 5.02041
4.56117 0.00000 4.56117 4.56117
2.27477 0.00000 2.27477 2.27477
4.42200 0.00000 4.42200 4.42200
2.16705 0.00000 2.16705 2.16705
0.81640 0.00000 0.81640 0.81640
5.33215 0.00000 5.33215 5.33215
11.11378 0.00000 11.11378 11.11378
6.49553 0.00000 6.49553 6.49553
6.21564 0.00000 6.21564 6.21564
5.29468 0.00000 5.29468 5.29468
-0.01495 0.00000 -0.01495 -0.01495
5.89633 0.00000 5.89633 5.89633
4.27274 0.00000 4.27274 4.27274
6.25863 0.00000 6.25863 6.25863
5.88258 0.00000 5.88258 5.88258
4.92119 0.00000 4.92119 4.92119
5.65822 0.00000 5.65822 5.65822
4.33404 0.00000 4.33404 4.33404
8.98835 0.00000 8.98835 8.98835
16.85976 0.00000 16.85976 16.85976
11.96834 0.00000 11.96834 11.96834
