# avg	std	min	max
5.37771 0.00000 5.37771 5.37771
3.23447 0.00000 3.23447 3.23447
1.68165 0.00000 1.68165 1.68165
-0.16429 0.00000 -0.16429 -0.16429
2.89643 0.00000 2.89643 2.89643
0.68506 0.00000 0.68506 0.68506
-0.49083 0.00000 -0.49083 -0.49083
-1.22484 0.00000 -1.22484 -1.22484
7.64234 0.00000 7.64234 7.64234
5.09563 0.00000 5.09563 5.09563
3.59362 0.00000 3.59362 3.59362
3.54025 0.00000 3.54025 3.54025
0.00156 0.00000 0.00156 0.00156
4.42311 0.00000 4.42311 4.42311
3.77424 0.00000 3.77424 3.77424
5.69918 0.00000 5.69918 5.69918
4.97351 0.00000 4.97351 4.97351
3.19416 0.00000 3.19416 3.19416
3.56137 0.00000 3.56137 3.56137
2.81182 0.00000 2.81182 2.81182
8.04738 0.00000 8.04738 8.04738
11.12018 0.00000 11.12018 11.12018
9.39180 0.00000 9.39180 9.39180
