# avg	std	min	max
3.37263 0.00000 3.37263 3.37263
3.41014 0.00000 3.41014 3.41014
5.09901 0.00000 5.09901 5.09901
0.22110 0.00000 0.22110 0.22110
2.67885 0.00000 2.67885 2.67885
0.35330 0.00000 0.35330 0.35330
-0.68879 0.00000 -0.68879 -0.68879
2.40192 0.00000 2.40192 2.40192
5.78299 0.00000 5.78299 5.78299
3.61037 0.00000 3.61037 3.61037
4.35807 0.00000 4.35807 4.35807
2.87459 0.00000 2.87459 2.87459
-0.06864 0.00000 -0.06864 -0.06864
3.39020 0.00000 3.39020 3.39020
3.00249 0.00000 3.00249 3.00249
3.90490 0.00000 3.90490 3.90490
3.60643 0.00000 3.60643 3.60643
2.90334 0.00000 2.90334 2.90334
2.10544 0.00000 2.10544 2.10544
2.12611 0.00000 2.12611 2.12611
6.37461 0.00000 6.37461 6.37461
0.06455 0.00000 0.06455 0.06455
10.66246 0.00000 10.66246 10.66246
