# avg	std	min	max
5.67369 0.00000 5.67369 5.67369
3.97147 0.00000 3.97147 3.97147
5.91028 0.00000 5.91028 5.91028
1.44108 0.00000 1.44108 1.44108
5.59807 0.00000 5.59807 5.59807
1.24430 0.00000 1.24430 1.24430
0.25032 0.00000 0.25032 0.25032
8.05651 0.00000 8.05651 8.05651
5.40899 0.00000 5.40899 5.40899
5.05264 0.00000 5.05264 5.05264
4.81974 0.00000 4.81974 4.81974
4.30255 0.00000 4.30255 4.30255
-0.02211 0.00000 -0.02211 -0.02211
4.25069 0.00000 4.25069 4.25069
3.49565 0.00000 3.49565 3.49565
6.25246 0.00000 6.25246 6.25246
5.41813 0.00000 5.41813 5.41813
3.26470 0.00000 3.26470 3.26470
4.60429 0.00000 4.60429 4.60429
2.86681 0.00000 2.86681 2.86681
9.05994 0.00000 9.05994 9.05994
8.62473 0.00000 8.62473 8.62473
13.24866 0.00000 13.24866 13.24866
