# avg	std	min	max
3.61338 0.00000 3.61338 3.61338
2.92853 0.00000 2.92853 2.92853
4.58336 0.00000 4.58336 4.58336
1.20047 0.00000 1.20047 1.20047
3.93102 0.00000 3.93102 3.93102
1.29698 0.00000 1.29698 1.29698
0.68563 0.00000 0.68563 0.68563
1.08860 0.00000 1.08860 1.08860
2.75612 0.00000 2.75612 2.75612
3.81326 0.00000 3.81326 3.81326
3.53353 0.00000 3.53353 3.53353
3.10538 0.00000 3.10538 3.10538
-0.02487 0.00000 -0.02487 -0.02487
3.44685 0.00000 3.44685 3.44685
2.67523 0.00000 2.67523 2.67523
4.01124 0.00000 4.01124 4.01124
4.11362 0.00000 4.11362 4.11362
1.95637 0.00000 1.95637 1.95637
2.01923 0.00000 2.01923 2.01923
3.00509 0.00000 3.00509 3.00509
6.93069 0.00000 6.93069 6.93069
2.47275 0.00000 2.47275 2.47275
12.06146 0.00000 12.06146 12.06146
