# avg	std	min	max
4.37965 0.00000 4.37965 4.37965
2.72136 0.00000 2.72136 2.72136
2.36656 0.00000 2.36656 2.36656
0.17836 0.00000 0.17836 0.17836
2.30171 0.00000 2.30171 2.30171
0.54013 0.00000 0.54013 0.54013
-0.36391 0.00000 -0.36391 -0.36391
0.31166 0.00000 0.31166 0.31166
6.17337 0.00000 6.17337 6.17337
3.41074 0.00000 3.41074 3.41074
3.20493 0.00000 3.20493 3.20493
2.19277 0.00000 2.19277 2.19277
-0.01459 0.00000 -0.01459 -0.01459
1.61184 0.00000 1.61184 1.61184
2.87272 0.00000 2.87272 2.87272
2.31062 0.00000 2.31062 2.31062
3.39651 0.00000 3.39651 3.39651
2.08719 0.00000 2.08719 2.08719
2.57762 0.00000 2.57762 2.57762
1.55065 0.00000 1.55065 1.55065
4.57472 0.00000 4.57472 4.57472
0.79774 0.00000 0.79774 0.79774
9.61118 0.00000 9.61118 9.61118
