# avg	std	min	max
5.84684 0.00000 5.84684 5.84684
4.09507 0.00000 4.09507 4.09507
1.96440 0.00000 1.96440 1.96440
1.08594 0.00000 1.08594 1.08594
0.71814 0.00000 0.71814 0.71814
0.89371 0.00000 0.89371 0.89371
0.25630 0.00000 0.25630 0.25630
6.22786 0.00000 6.22786 6.22786
7.78429 0.00000 7.78429 7.78429
4.66014 0.00000 4.66014 4.66014
3.51988 0.00000 3.51988 3.51988
4.03941 0.00000 4.03941 4.03941
-0.04056 0.00000 -0.04056 -0.04056
5.26152 0.00000 5.26152 5.26152
4.49606 0.00000 4.49606 4.49606
6.50251 0.00000 6.50251 6.50251
5.66214 0.00000 5.66214 5.66214
3.67829 0.00000 3.67829 3.67829
4.21634 0.00000 4.21634 4.21634
3.89561 0.00000 3.89561 3.89561
8.92222 0.00000 8.92222 8.92222
9.25855 0.00000 9.25855 9.25855
9.13042 0.00000 9.13042 9.13042
