# avg	std	min	max
-0.79465 0.00000 -0.79465 -0.79465
0.13524 0.00000 0.13524 0.13524
0.68710 0.00000 0.68710 0.68710
0.11189 0.00000 0.11189 0.11189
0.56733 0.00000 0.56733 0.56733
-0.17629 0.00000 -0.17629 -0.17629
0.08621 0.00000 0.08621 0.08621
-0.07912 0.00000 -0.07912 -0.07912
1.04856 0.00000 1.04856 1.04856
0.09530 0.00000 0.09530 0.09530
0.25069 0.00000 0.25069 0.25069
-0.04501 0.00000 -0.04501 -0.04501
0.00257 0.00000 0.00257 0.00257
0.11370 0.00000 0.11370 0.11370
-0.14948 0.00000 -0.14948 -0.14948
0.26752 0.00000 0.26752 0.26752
0.08369 0.00000 0.08369 0.08369
-0.34349 0.00000 -0.34349 -0.34349
-0.20474 0.00000 -0.20474 -0.20474
0.11698 0.00000 0.11698 0.11698
0.41984 0.00000 0.41984 0.41984
-0.00939 0.00000 -0.00939 -0.00939
1.18089 0.00000 1.18089 1.18089
