# avg	std	min	max
6.19641 0.00000 6.19641 6.19641
4.56040 0.00000 4.56040 4.56040
2.93533 0.00000 2.93533 2.93533
0.65657 0.00000 0.65657 0.65657
2.29565 0.00000 2.29565 2.29565
0.87918 0.00000 0.87918 0.87918
0.00684 0.00000 0.00684 0.00684
5.46567 0.00000 5.46567 5.46567
6.40851 0.00000 6.40851 6.40851
5.20409 0.00000 5.20409 5.20409
3.79808 0.00000 3.79808 3.79808
3.92427 0.00000 3.92427 3.92427
-0.07397 0.00000 -0.07397 -0.07397
4.51992 0.00000 4.51992 4.51992
3.70450 0.00000 3.70450 3.70450
6.31830 0.00000 6.31830 6.31830
5.58175 0.00000 5.58175 5.58175
2.10678 0.00000 2.10678 2.10678
5.06635 0.00000 5.06635 5.06635
2.46418 0.00000 2.46418 2.46418
9.43742 0.00000 9.43742 9.43742
18.11494 0.00000 18.11494 18.11494
9.85026 0.00000 9.85026 9.85026
