# avg	std	min	max
1.73572 0.00006 1.73569 1.73583
0.00000 0.00000 0.00000 0.00000
2.14738 0.38203 1.38537 2.36033
1.36909 0.41319 0.93064 2.01506
1.60636 0.68168 0.75914 2.20012
1.14906 0.11842 1.05989 1.38231
20.39986 2.35098 17.77280 23.22360
18.16914 2.39796 15.53570 21.10680
3.28969 0.62445 2.71356 4.07962
1.45534 0.00043 1.45452 1.45580
1.61763 0.64170 1.02135 2.50383
2.19534 0.82214 1.52432 3.32075
27.70954 2.09562 23.63810 29.11590
2.51627 0.57304 1.86989 3.41742
2.77864 0.79999 1.83549 4.26359
5.31849 0.12364 5.19793 5.55758
6.04060 0.16151 5.88778 6.25058
2.43981 0.44451 1.95594 3.13869
1.51781 0.31003 1.18021 1.97592
14.27772 0.37963 13.89500 14.99060
11.85696 0.48477 11.35010 12.76680
43.30696 4.46591 39.23870 50.86640
11.57622 0.18664 11.34000 11.85040
