# avg	std	min	max
1.71097 0.02458 1.67484 1.74509
0.00000 0.00000 0.00000 0.00000
1.69076 0.58609 1.26137 2.84896
3.54712 2.05735 1.40778 6.57194
5.16052 1.56974 3.72417 7.85514
1.90996 1.24981 0.45486 4.00247
9.19248 0.79821 8.45095 10.23200
12.66480 6.23737 3.67645 19.63110
2.60271 0.02064 2.56324 2.62423
1.20806 0.00824 1.19165 1.21349
1.37186 0.03001 1.33460 1.40453
0.09382 0.00949 0.08036 0.10487
10.33831 1.68294 7.19065 11.79990
1.68283 0.03246 1.66105 1.74706
4.40802 1.76570 2.66722 7.45376
4.21473 0.10333 4.10186 4.40764
6.08570 1.12581 4.68168 7.71002
4.48264 1.60449 2.38380 6.86927
3.84450 1.42055 2.08105 5.61715
6.85461 0.83995 5.67346 7.84594
12.25982 1.26061 11.20000 14.54490
14.35104 1.39849 13.06650 16.94780
10.48801 1.71422 8.14154 13.43970
