# avg	std	min	max
1.73995 0.00000 1.73995 1.73995
0.00000 0.00000 0.00000 0.00000
0.30699 0.04622 0.24073 0.38244
3.21301 0.56173 2.52367 3.90208
1.09538 0.06217 0.97893 1.15386
4.48767 0.77321 3.58713 5.79505
13.47882 2.25952 10.61880 16.74200
20.65306 3.33253 15.46200 25.45370
5.78926 0.54992 4.71591 6.28301
2.04872 0.00094 2.04751 2.04953
1.53445 0.46408 1.29618 2.46252
0.72131 0.02527 0.67148 0.73959
17.35512 2.68608 13.05080 21.45010
5.09052 0.01782 5.05969 5.10876
6.49752 1.91733 3.95286 9.87070
4.14984 0.12358 3.97660 4.32727
5.39303 2.27037 3.09962 9.59124
10.43217 0.85173 9.54093 11.98620
11.14144 1.45972 8.99709 13.56250
18.54698 1.01917 16.60630 19.41020
11.18308 0.38763 10.79010 11.77480
28.55028 1.13072 26.86720 30.08900
13.30086 0.30925 12.87100 13.60500
