# avg	std	min	max
0.74685 0.00000 0.74685 0.74685
-0.00000 0.00000 -0.00000 0.00000
2.48865 0.65420 1.95415 3.29807
2.08021 0.67788 0.84914 2.88212
2.36893 0.49866 2.11420 3.36620
0.12884 0.04455 0.04056 0.15918
1.36013 0.62038 0.92205 2.58323
1.73330 0.29284 1.56436 2.31699
3.03670 0.00407 3.02974 3.04042
0.84424 0.01152 0.83026 0.85658
2.16081 0.00033 2.16045 2.16132
0.56861 0.00301 0.56594 0.57260
1.65139 0.55557 0.88284 2.45375
0.90393 0.03577 0.88253 0.97538
0.72568 0.01778 0.70388 0.75132
0.97107 0.13370 0.78573 1.18116
0.86737 0.01075 0.84693 0.87680
0.55693 0.08620 0.38488 0.60545
0.72789 0.03585 0.67095 0.77047
1.64219 0.66673 1.27981 2.97452
1.69687 0.31861 1.06605 1.92468
0.83259 0.22980 0.37635 0.99652
3.95934 0.60349 2.84266 4.46696
