# avg	std	min	max
0.95316 0.00000 0.95316 0.95316
0.00000 0.00000 0.00000 0.00000
-0.40206 1.74652 -1.87257 1.81940
-2.05448 0.30518 -2.21623 -1.44424
-2.52538 0.02119 -2.55003 -2.48725
-2.61131 0.01069 -2.62947 -2.60021
-1.10050 0.46151 -1.44314 -0.26954
2.02033 0.32601 1.60247 2.49997
4.75812 0.02664 4.73156 4.80739
-0.27550 0.03680 -0.34909 -0.25583
1.39121 0.86211 0.34826 2.35235
-1.18995 0.00217 -1.19370 -1.18787
-1.44161 0.55992 -2.19497 -0.62348
-0.01604 0.17085 -0.35760 0.07469
0.13529 0.20937 -0.11592 0.44183
1.19549 0.08965 1.10691 1.35237
0.36647 0.27834 0.08589 0.84135
-1.12152 0.04267 -1.17089 -1.04226
-0.68049 0.05980 -0.79499 -0.63197
0.34797 1.01154 -0.56872 2.23367
2.70626 0.23095 2.39982 3.11319
-0.23209 0.46586 -0.85631 0.48235
2.65300 0.67191 1.47140 3.55393
