# avg	std	min	max
0.37195 0.00339 0.36755 0.37534
0.00000 0.00000 0.00000 0.00000
-0.06573 0.00461 -0.07378 -0.05955
-0.38832 0.04451 -0.43291 -0.32491
-0.23222 0.00990 -0.25068 -0.22319
-0.40946 0.02792 -0.43153 -0.35711
-0.48446 0.00334 -0.48840 -0.47899
-0.49606 0.00677 -0.50111 -0.48300
5.19703 0.10616 5.06363 5.28780
0.11725 0.00039 0.11673 0.11760
-0.12727 0.01307 -0.14562 -0.11442
0.10096 0.00034 0.10041 0.10134
-0.26038 0.02556 -0.29165 -0.21952
-0.00810 0.02505 -0.05819 0.00509
-0.06650 0.02225 -0.10345 -0.03908
-0.17878 0.00008 -0.17886 -0.17868
-0.07926 0.01449 -0.10442 -0.05924
-0.33162 0.01565 -0.35796 -0.31183
-0.18815 0.09862 -0.38162 -0.11067
0.23241 0.00157 0.23048 0.23391
0.26312 0.00275 0.26012 0.26755
-0.27230 0.05564 -0.37750 -0.21151
0.77290 0.01948 0.75537 0.80958
