# avg	std	min	max
1.52879 0.00294 1.52626 1.53319
-0.00000 0.00000 -0.00000 -0.00000
1.15317 0.40783 0.84695 1.92288
-3.29531 0.28968 -3.55237 -2.73807
0.23053 0.43025 -0.31751 0.85950
-2.14989 0.34451 -2.77026 -1.72803
1.01459 1.19603 -0.42783 2.55903
8.49065 2.00267 5.83830 11.50260
3.91565 0.01682 3.88484 3.92868
-0.01885 0.00144 -0.02083 -0.01692
0.97693 0.30726 0.72077 1.45205
-0.49551 0.07076 -0.61755 -0.41334
8.87925 1.01610 6.90111 9.67829
1.28161 0.96548 0.69442 3.20563
1.36896 0.25602 1.05211 1.71877
2.29186 0.41559 1.94654 3.08389
2.14912 0.09049 2.05949 2.29272
2.52642 1.19095 1.12542 4.69744
3.74381 0.65794 3.27809 5.05094
5.62438 1.89296 2.98760 8.18439
8.51411 0.71958 7.37250 9.29898
21.01204 1.07839 19.55270 22.33420
9.58737 0.87225 7.96234 10.54300
