# avg	std	min	max
1.60205 0.03028 1.56598 1.63502
0.00000 0.00000 0.00000 0.00000
-1.38893 0.26573 -1.86284 -1.06840
1.35728 0.96351 -0.51783 2.10818
2.60915 1.24315 0.17960 3.62206
-0.33723 0.49925 -0.89409 0.49116
10.14830 0.16225 9.99379 10.43760
12.29778 2.70132 7.25171 15.11700
4.11190 0.10582 3.96810 4.24690
0.70702 0.04072 0.66241 0.77673
0.84635 0.17667 0.69149 1.09995
1.62383 0.86735 0.52499 2.59037
6.97517 1.45379 5.70377 9.79838
4.81538 0.52032 3.96019 5.30656
3.38788 2.00982 1.42815 6.97331
5.24863 0.51963 4.67588 6.01623
3.77145 0.54020 2.97721 4.43126
3.23526 0.98077 2.24629 4.97597
2.10602 1.25367 0.64404 4.08067
11.80896 1.96565 9.71401 15.20760
8.16037 1.23034 6.97916 10.07060
11.95464 1.47480 9.20440 13.51970
6.83407 0.79460 6.00270 8.19972
