# avg	std	min	max
0.19339 0.02453 0.14446 0.20678
0.00000 0.00000 0.00000 0.00000
0.41939 0.01261 0.39798 0.43383
0.23718 0.01521 0.21179 0.25950
0.19321 0.03286 0.16170 0.25553
-0.10978 0.07178 -0.19567 -0.01105
-0.11500 0.00362 -0.12160 -0.11187
-0.29523 0.01704 -0.31596 -0.26992
2.23865 0.03832 2.18218 2.28160
-0.66005 0.08408 -0.78270 -0.52031
-0.28611 0.19947 -0.45204 0.01499
0.05120 0.05087 -0.01577 0.12115
-0.08831 0.00371 -0.09256 -0.08270
0.43324 0.03070 0.39696 0.46591
0.19954 0.05421 0.10756 0.27532
0.34902 0.00103 0.34739 0.35057
0.20870 0.05894 0.10076 0.27973
0.09603 0.02762 0.06580 0.13303
0.10404 0.03344 0.07035 0.15448
0.39371 0.00125 0.39267 0.39561
0.28914 0.01564 0.26178 0.30363
-0.51218 0.06468 -0.59189 -0.39979
0.97210 0.20124 0.61904 1.18892
