# avg	std	min	max
-0.00518 0.00000 -0.00518 -0.00518
0.00000 0.00000 0.00000 0.00000
0.64740 0.01751 0.62993 0.68116
-0.11080 0.02387 -0.15656 -0.09082
0.07127 0.04064 0.03840 0.14904
-0.62775 0.01822 -0.65113 -0.59500
0.17111 0.30760 -0.39554 0.52445
0.63293 0.12550 0.44273 0.76288
3.44844 0.02527 3.39838 3.46679
-0.46806 0.00001 -0.46808 -0.46806
0.24410 0.29991 -0.12463 0.49196
-0.09849 0.01040 -0.10850 -0.07996
0.35500 0.11367 0.22186 0.48273
0.09199 0.01564 0.06997 0.11890
-0.76574 0.12532 -0.89675 -0.52861
-0.09085 0.00733 -0.10537 -0.08583
-0.98676 0.44473 -1.31107 -0.11968
0.11114 0.08606 -0.01029 0.21694
0.15112 0.00785 0.13580 0.15718
0.25510 0.20646 0.05457 0.62245
0.51087 0.12190 0.34457 0.71417
-0.02625 0.17721 -0.27454 0.17129
1.11734 0.05175 1.05743 1.19254
