# avg	std	min	max
0.36370 0.00000 0.36370 0.36370
0.00000 0.00000 0.00000 0.00000
-0.18623 0.00085 -0.18755 -0.18515
-0.50937 0.04215 -0.54965 -0.42967
-0.56239 0.00257 -0.56418 -0.55731
-0.29183 0.05537 -0.33806 -0.21734
-0.81341 0.17911 -1.03286 -0.57745
-0.55323 0.05313 -0.60811 -0.48193
1.07187 0.00153 1.07013 1.07421
0.11926 0.00247 0.11531 0.12277
-0.41314 0.00184 -0.41527 -0.41047
-0.07689 0.00005 -0.07694 -0.07679
-0.74104 0.14208 -0.99222 -0.60509
0.05417 0.00329 0.05127 0.05952
-0.14550 0.00125 -0.14714 -0.14394
0.09594 0.01147 0.08898 0.11874
-0.13526 0.01967 -0.15556 -0.11149
-0.47959 0.07194 -0.55274 -0.38354
-0.55886 0.01410 -0.58279 -0.54300
0.19182 0.04192 0.14955 0.26448
0.25587 0.00893 0.25056 0.27371
-0.71965 0.23603 -0.88286 -0.25418
0.24003 0.02509 0.22304 0.28997
