# avg	std	min	max
1.87681 0.07586 1.82316 2.02305
0.00000 0.00000 0.00000 0.00000
-0.55548 0.27073 -1.08804 -0.35942
2.81969 0.69035 1.63813 3.67058
-0.07387 0.32765 -0.56875 0.42592
0.89011 0.96363 -0.05736 2.57675
0.48316 0.66355 -0.40663 1.61089
4.15324 0.64176 3.54565 5.33185
0.38727 0.02761 0.35086 0.43655
0.35760 0.01853 0.33925 0.38623
-1.07609 0.07357 -1.22243 -1.03402
-0.12752 0.05863 -0.15794 -0.01029
0.65207 0.40523 -0.03878 1.15789
1.08551 0.05376 0.97862 1.12286
2.18964 0.36360 1.92290 2.89274
2.49460 0.37628 2.16251 3.23055
3.22756 0.27813 2.71537 3.55407
0.63524 0.23998 0.24066 0.86277
1.56039 0.55632 0.85342 2.35053
0.73363 1.07299 -0.51101 2.34988
6.27941 0.26696 5.85371 6.53668
1.96710 0.80594 1.11426 3.50432
7.38237 0.96517 6.03789 8.41320
