# avg	std	min	max
0.77793 0.00196 0.77506 0.78122
0.00000 0.00000 0.00000 0.00000
0.28670 0.00153 0.28510 0.28918
-0.45985 0.00904 -0.47584 -0.45056
-0.09138 0.00751 -0.09825 -0.08159
-0.91433 0.01466 -0.93956 -0.89951
-0.29186 0.08829 -0.34036 -0.11562
-0.70578 0.02959 -0.75222 -0.66054
-1.40286 0.00731 -1.40920 -1.39028
0.43328 0.00175 0.43077 0.43625
0.36388 0.00233 0.36158 0.36721
0.18609 0.00346 0.18073 0.18925
-0.34079 0.00559 -0.35181 -0.33735
0.37745 0.01818 0.35436 0.39448
-0.09050 0.00482 -0.09474 -0.08333
0.31883 0.03474 0.28652 0.36220
-0.11760 0.01897 -0.14229 -0.09279
-0.59640 0.01345 -0.61775 -0.57758
-0.27433 0.01480 -0.28820 -0.24654
0.01208 0.02388 -0.01789 0.03540
0.26362 0.00189 0.26109 0.26587
-0.37251 0.07871 -0.45205 -0.26133
0.44722 0.01186 0.43343 0.46015
