# avg	std	min	max
1.24102 0.00005 1.24095 1.24106
0.00000 0.00000 0.00000 0.00000
-0.23599 0.41731 -0.60506 0.34916
-1.36017 0.15001 -1.49835 -1.14211
-1.21578 0.15687 -1.36048 -0.96545
-2.35827 0.05303 -2.42295 -2.30118
-1.03010 0.62562 -1.91279 -0.36201
0.66092 0.73507 -0.25819 1.56899
6.91563 0.58009 5.98486 7.66500
0.65966 0.04546 0.61355 0.73471
-0.21876 0.04420 -0.26746 -0.15107
0.08421 0.00032 0.08385 0.08469
-0.04014 1.38242 -1.45037 2.36214
1.24236 0.49673 0.55143 2.03334
-0.68711 0.01099 -0.69727 -0.67215
3.30908 1.06432 2.26138 5.15627
0.69046 0.05344 0.59794 0.75573
-0.94398 0.06076 -0.99707 -0.83792
-0.79357 0.08377 -0.88794 -0.64847
3.34134 1.64710 1.44341 5.29840
1.88733 0.04536 1.83425 1.96880
3.93965 1.14713 2.48680 5.43670
2.30917 0.20399 2.06290 2.55984
