# avg	std	min	max
0.81614 0.01060 0.80359 0.83290
0.00000 0.00000 0.00000 0.00000
-0.21232 0.00003 -0.21236 -0.21229
-0.71056 0.15142 -0.99739 -0.58967
-0.72220 0.01934 -0.74013 -0.68741
-0.70191 0.23117 -1.11439 -0.47833
0.47210 0.13426 0.36710 0.73554
1.20521 0.20650 0.82824 1.45579
-1.35480 0.27035 -1.72491 -1.09454
0.32852 0.15812 0.07731 0.51218
-0.19139 0.37176 -0.55616 0.32006
0.59304 0.03397 0.54768 0.62451
0.58077 0.44505 0.15581 1.23277
0.14168 0.26132 -0.26854 0.55180
-0.46366 0.01524 -0.48673 -0.44675
0.85657 0.43292 0.48296 1.59417
0.26701 0.35272 -0.37872 0.63926
-0.22957 0.06360 -0.32175 -0.14722
-0.51549 0.31110 -0.81294 0.07941
0.93975 0.39113 0.21665 1.29207
0.78685 0.59350 0.27297 1.82376
1.97916 0.98987 1.14082 3.87895
0.66012 0.45673 0.34552 1.56430
