# avg	std	min	max
0.13780 0.00000 0.13780 0.13780
0.00000 0.00000 0.00000 0.00000
0.07246 0.00023 0.07219 0.07287
0.06634 0.07701 -0.02134 0.16138
0.22450 0.00019 0.22428 0.22482
-0.34059 0.05159 -0.44157 -0.29834
-0.42348 0.06273 -0.48794 -0.33767
-0.18105 0.01857 -0.20661 -0.15033
-1.07353 0.00195 -1.07557 -1.07038
0.11215 0.00316 0.11039 0.11846
0.11631 0.00001 0.11631 0.11632
0.18836 0.00056 0.18771 0.18908
-0.39961 0.04634 -0.44397 -0.33637
0.21529 0.00470 0.20924 0.21930
-0.30121 0.01196 -0.31672 -0.28461
-0.27103 0.00667 -0.27947 -0.26300
-0.82421 0.01735 -0.83477 -0.78961
-0.04564 0.05499 -0.14215 0.01253
0.04120 0.03015 -0.00873 0.07526
0.08119 0.01388 0.06941 0.10808
-0.02560 0.04955 -0.09875 0.03062
-0.41153 0.02861 -0.43640 -0.35563
0.22171 0.01753 0.19654 0.24069
