# avg	std	min	max
1.46492 0.00000 1.46492 1.46492
0.00000 0.00000 0.00000 0.00000
-0.01067 0.02609 -0.03521 0.03063
-1.00219 0.04220 -1.03773 -0.92499
0.07286 0.03122 0.01070 0.09195
-0.72218 0.01489 -0.74315 -0.69772
-0.49334 0.42490 -1.04119 -0.07327
0.19511 0.07040 0.09221 0.30220
6.84304 0.00819 6.83388 6.85773
0.44611 0.00358 0.44155 0.45248
0.23840 0.00075 0.23696 0.23902
0.19987 0.00277 0.19835 0.20540
-0.39809 0.20840 -0.66597 -0.08464
0.10241 0.33286 -0.33878 0.50590
-0.09925 0.03332 -0.12895 -0.04801
0.29606 0.03736 0.26751 0.36873
-0.09610 0.16813 -0.29861 0.10247
-0.42273 0.00898 -0.43577 -0.40944
-0.17497 0.05476 -0.27036 -0.12758
0.33580 0.46416 -0.27108 1.04114
0.01786 0.17091 -0.27995 0.19513
-1.07542 0.16029 -1.36849 -0.88133
3.52279 0.06930 3.42624 3.64135
