# avg	std	min	max
0.56719 0.00000 0.56719 0.56719
0.00000 0.00000 0.00000 0.00000
0.36202 0.00094 0.36023 0.36303
-0.12406 0.01476 -0.13870 -0.10534
0.02069 0.01684 0.00940 0.05408
-0.26291 0.06360 -0.32720 -0.15171
-0.22667 0.00983 -0.23723 -0.21020
-0.15707 0.04784 -0.21194 -0.09246
2.89439 0.02480 2.86438 2.93022
0.28796 0.00207 0.28414 0.29017
0.41502 0.00405 0.40960 0.41844
0.45285 0.00009 0.45279 0.45304
-0.15211 0.00621 -0.15631 -0.13987
-0.06266 0.00228 -0.06597 -0.05922
-0.20805 0.00688 -0.22148 -0.20251
0.59967 0.00361 0.59682 0.60648
0.20336 0.00884 0.18753 0.21410
-0.12302 0.01897 -0.15813 -0.10680
-0.28970 0.02516 -0.32588 -0.25221
-0.34623 0.00904 -0.36367 -0.33943
0.73328 0.00941 0.71824 0.74494
-0.04586 0.05534 -0.12450 0.01928
0.86171 0.06331 0.74810 0.92911
