# avg	std	min	max
0.84012 0.00000 0.84012 0.84012
0.00000 0.00000 0.00000 0.00000
0.06974 0.00128 0.06841 0.07150
-0.15505 0.03430 -0.21916 -0.13053
-0.46454 0.00267 -0.46620 -0.45922
-1.32582 0.03430 -1.36106 -1.26105
0.40946 0.06434 0.34033 0.48906
0.31198 0.08076 0.23006 0.43917
-0.71573 0.00243 -0.72035 -0.71358
0.60404 0.00009 0.60389 0.60416
1.04807 0.00117 1.04671 1.04997
0.24808 0.00020 0.24781 0.24836
0.22095 0.13011 0.07233 0.38936
0.49344 0.02571 0.44611 0.52132
-0.22638 0.02154 -0.26578 -0.20855
0.45055 0.00555 0.44211 0.45899
-0.13160 0.02506 -0.17065 -0.09440
-0.70062 0.03064 -0.75303 -0.67154
-0.27928 0.02723 -0.31840 -0.23320
0.86002 0.01242 0.84433 0.87758
1.12087 0.01792 1.09199 1.14751
-0.19185 0.07027 -0.30362 -0.10349
1.75631 0.02289 1.72359 1.79409
