# avg	std	min	max
1.53522 0.00029 1.53471 1.53550
-0.31585 0.00081 -0.31699 -0.31489
0.09971 0.05442 0.02048 0.15550
-1.03113 0.60824 -2.22588 -0.56137
-0.94393 0.42474 -1.33828 -0.14576
0.19122 1.16874 -1.93529 1.13941
4.94015 0.52645 4.29282 5.56892
18.49954 0.86697 17.88090 20.20630
3.46336 0.24337 2.97884 3.61237
1.16270 0.02889 1.12472 1.20312
1.70036 0.13197 1.58791 1.86312
-0.00094 0.00114 -0.00233 0.00066
9.04608 0.82063 8.09953 10.07090
2.12556 0.72239 0.79497 3.00259
1.59981 0.41719 1.20150 2.24896
1.20336 1.39108 0.41299 3.98378
2.83892 0.51029 1.89096 3.44113
4.05043 3.79054 0.70227 11.37000
10.01149 0.97626 8.59853 11.46970
4.98451 2.56876 3.27044 10.05080
8.60607 0.09870 8.50072 8.77918
36.74934 2.75172 33.81550 40.36210
11.25856 0.29033 10.94600 11.72710
