# avg	std	min	max
0.38477 0.02182 0.35106 0.41735
0.23688 0.00298 0.23415 0.24078
-0.02429 0.02010 -0.04070 0.01392
-0.86099 0.06642 -0.92826 -0.77672
-0.59183 0.03703 -0.65733 -0.54233
-0.74359 0.06856 -0.83293 -0.67251
-1.44178 0.10707 -1.60440 -1.28726
-1.42040 0.11173 -1.56514 -1.27117
-0.36214 0.02651 -0.38850 -0.31743
0.38392 0.03803 0.33982 0.44490
0.32857 0.02076 0.30417 0.36679
0.04547 0.05806 -0.00567 0.11910
-0.88730 0.13398 -1.03759 -0.67067
-0.24054 0.08455 -0.29562 -0.07302
-0.23177 0.19985 -0.51967 0.03039
1.18280 0.10750 0.99163 1.30363
0.55243 0.02302 0.52439 0.58781
-0.31252 0.09033 -0.42290 -0.18123
-0.12989 0.34312 -0.62497 0.19977
0.39271 0.10502 0.22961 0.51467
1.26674 0.05760 1.20629 1.35022
-0.88915 0.66991 -1.70035 -0.05234
1.21951 0.12593 0.99942 1.37340
