# avg	std	min	max
-0.57155 0.00000 -0.57155 -0.57155
-0.36065 0.00000 -0.36065 -0.36065
1.00611 0.01677 0.98472 1.02063
-0.05362 0.00792 -0.06323 -0.04135
1.12096 0.05799 1.06669 1.22243
-0.01204 0.05104 -0.08190 0.04484
-0.21712 0.00748 -0.22461 -0.20594
0.18564 0.00364 0.18067 0.19013
1.44994 0.05571 1.41055 1.55919
-0.54912 0.03970 -0.56949 -0.46973
0.57518 0.00093 0.57420 0.57649
-0.00046 0.00137 -0.00115 0.00227
-0.14522 0.03302 -0.21125 -0.12861
-0.27911 0.05357 -0.31922 -0.17488
-0.02306 0.02519 -0.06278 0.00991
-0.43794 0.01030 -0.44636 -0.41770
-0.08411 0.01998 -0.11128 -0.05991
-0.31906 0.05288 -0.41850 -0.27671
-0.34076 0.02506 -0.37521 -0.30922
0.06468 0.00276 0.05999 0.06795
-0.62146 0.10112 -0.79715 -0.52696
-0.20548 0.09389 -0.31305 -0.06371
1.98227 0.40311 1.55145 2.74374
