# avg	std	min	max
0.93409 0.01501 0.92187 0.96369
-0.06160 0.00681 -0.07451 -0.05632
-0.69018 0.00021 -0.69049 -0.68990
-1.40079 0.00616 -1.40529 -1.38863
-1.19272 0.00203 -1.19438 -1.18894
-1.09629 0.06497 -1.22341 -1.04559
-0.19121 0.01883 -0.21759 -0.16684
-0.00719 0.00606 -0.01457 0.00024
-1.23177 0.00218 -1.23385 -1.22784
0.50323 0.00363 0.49886 0.50983
-0.09940 0.00050 -0.09990 -0.09870
0.00004 0.00010 -0.00013 0.00017
-0.16370 0.03301 -0.19325 -0.11431
0.38422 0.01017 0.37184 0.39420
-0.32554 0.05135 -0.36995 -0.23113
0.21506 0.02899 0.18794 0.25834
-0.58348 0.07785 -0.68592 -0.51739
-0.99172 0.04581 -1.05325 -0.92223
-0.76799 0.05839 -0.85817 -0.68939
0.27279 0.01287 0.25629 0.29536
0.38276 0.05311 0.30590 0.46913
-0.63917 0.06722 -0.71638 -0.51724
-0.19857 0.03367 -0.23459 -0.14835
