# avg	std	min	max
1.89232 0.01503 1.87714 1.91806
1.08801 0.36020 0.77801 1.59600
-0.56728 0.40131 -0.82652 0.23285
-2.94258 0.32128 -3.17611 -2.30721
-1.76481 0.16566 -1.97153 -1.55486
-2.64445 0.07716 -2.78396 -2.57331
1.63589 1.15068 0.40634 3.82662
13.75776 4.00621 8.07108 20.16430
1.34963 0.02017 1.31450 1.37338
1.20599 0.40519 0.69206 1.59176
-0.81109 0.35919 -1.05369 -0.10382
-0.00558 0.00612 -0.01642 0.00223
10.77672 2.78900 7.53793 14.26920
-0.23924 0.26768 -0.37921 0.29608
0.50086 0.38878 0.12828 0.98764
1.92224 0.40210 1.57048 2.48684
1.49369 0.29040 1.13428 1.77242
0.64148 0.37572 0.18992 1.05680
5.11004 2.34476 2.36828 8.25185
0.56263 0.42157 0.11222 1.19943
6.73409 0.32729 6.33574 7.12374
31.18924 3.10953 26.05510 34.94530
6.92542 0.64627 5.83051 7.63467
