# avg	std	min	max
1.25515 0.00514 1.24617 1.26069
0.27151 0.00576 0.26411 0.27746
0.64832 0.47489 0.28034 1.57176
-1.26165 0.85132 -1.84152 0.40556
2.55969 0.40476 1.78903 2.95108
0.62669 0.55155 -0.34120 1.37050
8.34692 1.80868 6.93844 11.83060
9.04683 3.12184 5.40581 13.34300
-1.79569 0.00119 -1.79729 -1.79443
1.87164 0.00366 1.86849 1.87852
0.73576 0.04508 0.66212 0.78832
0.00020 0.00020 -0.00000 0.00047
11.25651 3.42697 5.73085 15.55250
0.97483 0.40201 0.73630 1.77642
2.01846 0.18825 1.75215 2.30672
2.60265 0.07516 2.54533 2.74011
3.54236 1.42420 1.20992 5.31689
4.38551 4.13136 1.20746 12.51740
3.02046 0.59069 2.38671 4.06970
6.40446 1.38342 4.48235 7.89787
9.12470 0.73269 8.16678 10.25870
12.54272 3.35674 9.56458 18.50610
10.05584 1.64752 8.45375 13.23660
