# avg	std	min	max
0.96990 0.00252 0.96711 0.97282
0.91481 0.00237 0.91201 0.91754
1.71035 0.01344 1.69922 1.72730
-0.97743 0.05551 -1.02346 -0.86952
2.17525 0.21727 2.02332 2.58943
-0.73208 0.01214 -0.74545 -0.70939
1.31172 0.19522 1.13994 1.69058
2.19365 0.54816 1.76192 3.22019
4.22776 0.00427 4.22185 4.23472
0.64785 0.00233 0.64497 0.65117
1.53164 0.00290 1.52813 1.53555
0.00013 0.00025 -0.00000 0.00063
1.67201 0.19264 1.31190 1.86758
0.34725 0.00111 0.34528 0.34850
0.05282 0.01755 0.02362 0.07673
0.07020 0.17966 -0.03008 0.42863
1.18638 0.05650 1.13883 1.29559
-0.45257 0.05785 -0.51225 -0.35115
0.15790 0.04104 0.10425 0.20756
1.87856 0.05204 1.78748 1.93175
1.30438 0.12557 1.18824 1.45882
1.02273 0.23547 0.74231 1.28804
2.50586 0.05417 2.43899 2.60087
