# avg	std	min	max
1.35787 0.00000 1.35787 1.35787
-0.34363 0.00000 -0.34363 -0.34363
-0.05078 0.01390 -0.06754 -0.03370
-3.58981 0.02931 -3.62826 -3.55746
1.60938 0.38447 1.16547 2.31463
-2.42895 0.38578 -2.86768 -1.78117
-2.08673 0.16054 -2.35132 -1.91697
1.41725 0.43134 0.73899 1.95161
5.37129 0.13411 5.23303 5.59836
0.62585 0.00825 0.61621 0.63641
-0.65443 0.00721 -0.66721 -0.64692
0.00442 0.00292 -0.00000 0.00698
-0.71858 0.19969 -0.91985 -0.36776
0.87491 0.00665 0.86336 0.88208
0.28581 0.14534 0.03186 0.46708
2.84406 0.04535 2.78794 2.90314
1.73102 0.04438 1.64807 1.77847
1.61336 0.36586 0.93001 1.98247
4.03522 1.14048 2.38593 5.84107
-0.58052 0.02150 -0.59686 -0.53893
5.91142 0.08818 5.76708 6.04213
12.13075 1.36737 9.60775 13.67240
10.63568 1.58392 9.20018 13.71800
