# avg	std	min	max
2.75698 0.01144 2.74673 2.77900
0.80255 0.00013 0.80232 0.80266
0.05683 0.79563 -0.36087 1.64791
-0.29861 0.41029 -0.90152 0.26849
1.83196 0.40969 1.52441 2.61626
1.32600 1.14710 -0.27810 2.54657
8.19531 3.38038 5.09455 14.54240
23.04232 8.65927 15.35890 39.15870
6.90393 0.02768 6.86411 6.93933
1.88031 0.00086 1.87924 1.88122
1.40544 0.00885 1.38966 1.41585
-0.00064 0.00085 -0.00225 0.00000
11.10692 2.21625 8.56391 14.63060
1.81696 0.00379 1.80971 1.82000
4.35153 1.38404 2.15180 6.21682
3.37589 0.00294 3.37199 3.37969
5.61157 0.62238 4.49961 6.43092
6.68094 2.33828 3.62389 9.52126
13.03860 1.15700 11.16430 14.02430
12.43861 1.93280 8.72885 13.98170
13.19865 2.25482 9.78417 16.80030
24.84288 8.00527 19.28850 40.70980
15.74272 1.07833 14.72990 17.73190
