# avg	std	min	max
0.60470 0.01251 0.59823 0.62972
-0.36555 0.00042 -0.36639 -0.36532
1.71665 0.01325 1.70711 1.74292
0.51025 0.31325 -0.07481 0.80128
2.64407 0.54832 1.98753 3.26667
0.32984 1.34828 -0.98693 2.43677
5.97642 2.93017 2.25697 9.43272
10.72245 1.04086 9.47826 12.40940
0.99514 0.05890 0.95271 1.11005
0.61875 0.01103 0.60783 0.63987
0.54350 0.01197 0.53550 0.56732
-0.01243 0.01524 -0.03118 0.00005
6.10882 2.10930 3.36434 8.27407
1.49519 0.06455 1.40992 1.56545
4.90068 2.84171 3.13042 10.55820
3.73344 0.02048 3.71801 3.77053
4.76592 0.73093 4.12560 6.14469
5.72297 1.28108 4.45290 8.08660
8.49177 1.78366 6.01664 11.23110
7.26740 0.74215 5.88687 7.99226
11.45838 0.70943 10.58890 12.69190
16.85572 0.70513 15.64730 17.75790
17.17982 0.45852 16.56850 17.94340
