# avg	std	min	max
1.89594 0.00220 1.89484 1.90034
0.01383 0.00363 0.00885 0.01813
0.29356 0.18111 -0.06743 0.39973
0.81581 0.23261 0.60260 1.26501
1.10198 0.09880 0.99534 1.25674
0.68709 1.00785 -1.09147 1.84624
4.72307 0.39111 4.16185 5.31560
10.96494 0.86496 10.21650 12.60340
-0.04341 0.01936 -0.07361 -0.02242
0.28576 0.00700 0.27878 0.29751
-0.26836 0.00764 -0.28055 -0.26040
-0.00036 0.00047 -0.00117 -0.00000
5.70498 0.65329 4.90395 6.85946
1.18554 0.02311 1.16085 1.22855
2.26566 0.70728 1.74034 3.65798
2.71119 0.01312 2.69959 2.73672
3.59044 0.12880 3.34066 3.69273
2.44722 0.51525 1.90082 3.17079
1.81768 0.30102 1.23309 2.03362
4.51480 0.56211 3.85787 5.33671
8.78472 1.12761 6.72453 9.90484
6.17643 0.79625 5.10926 7.58161
10.38058 0.34519 10.01350 10.93060
