# avg	std	min	max
0.06742 0.17657 -0.05698 0.41459
-0.41875 0.19804 -0.69834 -0.19301
-0.87614 0.09629 -1.02832 -0.75475
-1.39322 0.24487 -1.70548 -1.11487
-1.21756 0.32267 -1.43828 -0.58266
-1.85202 0.13799 -1.98768 -1.58874
-1.41226 0.41221 -1.66316 -0.59243
-0.14113 0.66177 -0.92771 0.65735
0.02089 0.26775 -0.31246 0.38082
-0.79555 0.04961 -0.84063 -0.70396
-0.07890 0.13998 -0.18391 0.18720
-0.54230 0.22865 -0.73678 -0.16051
-1.04643 0.47452 -1.70564 -0.56558
-1.07940 0.29521 -1.29485 -0.51712
-0.48268 0.21416 -0.62016 -0.05600
-0.00624 0.00000 -0.00624 -0.00624
-0.36240 0.05853 -0.40661 -0.24686
-0.84922 0.18108 -1.14939 -0.61909
-0.95396 0.21455 -1.36030 -0.72324
0.18170 0.64561 -0.38278 1.41328
0.55557 0.41021 -0.10014 0.96941
-0.51078 0.26465 -0.99433 -0.28018
1.02934 0.29422 0.54521 1.27471
