# avg	std	min	max
4.60412 0.03875 4.55895 4.65120
3.08991 0.00913 3.07703 3.10492
6.10518 0.38348 5.58298 6.48612
8.82998 0.94398 7.16267 9.83364
9.04320 1.08584 7.94239 11.05630
7.43361 0.76039 6.35283 8.37301
10.27295 5.11732 5.79106 19.91960
13.73563 7.11999 9.13889 27.67930
7.95019 0.53491 7.35604 8.88835
4.35286 0.00701 4.34076 4.35994
4.79582 0.24800 4.32681 5.04132
3.14288 0.02212 3.10833 3.16682
10.50645 5.44970 5.81238 20.99090
4.71102 0.01318 4.69673 4.73399
9.33566 2.29287 6.46047 13.46010
-0.00195 0.00252 -0.00560 0.00163
7.30292 1.58432 5.71710 10.18440
9.07831 1.86369 6.48145 11.72490
8.81859 0.91870 7.45581 10.01960
14.55207 5.04932 7.37947 19.61380
11.75914 0.46322 10.99200 12.34280
11.51532 4.17534 6.96459 18.84470
16.40646 3.38246 11.93470 21.03300
