# avg	std	min	max
0.70805 0.12352 0.62310 0.95254
-0.60108 0.10542 -0.67826 -0.39550
-0.35531 0.27596 -0.60708 0.16464
-0.89362 0.06144 -0.97585 -0.79039
-1.09235 0.20888 -1.23959 -0.67893
-1.05606 0.12633 -1.29035 -0.91280
-0.74150 0.03868 -0.76976 -0.66475
0.98630 0.56609 0.40395 2.04812
1.60909 0.07582 1.53992 1.74184
0.35824 0.55198 -0.28586 1.37329
-0.65482 0.53438 -0.98637 0.41038
-0.02472 0.04735 -0.11176 0.02579
-1.48198 0.78611 -2.03989 -0.01144
-1.37297 0.17867 -1.72524 -1.26054
-0.94579 0.50400 -1.70705 -0.33154
-0.00065 0.00451 -0.00729 0.00544
-0.96196 0.51379 -1.33742 0.05791
-0.70289 0.05482 -0.79181 -0.62558
-0.34588 0.05733 -0.41490 -0.26404
0.97806 0.29991 0.57212 1.46957
0.21353 0.45570 -0.32041 0.95735
1.71146 1.26206 0.32051 4.05503
-0.60988 0.40422 -1.12684 0.07141
