# avg	std	min	max
0.72627 0.09773 0.59354 0.82662
-0.00934 0.09074 -0.13065 0.11663
0.18334 0.14384 -0.07727 0.30424
-0.74810 0.05500 -0.85063 -0.68949
-0.30428 0.22198 -0.50506 0.11363
-0.78450 0.15222 -0.92068 -0.49632
-0.20601 0.17617 -0.55403 -0.08582
-0.21108 0.31277 -0.68999 0.27652
-0.79240 0.08503 -0.95779 -0.71569
0.53378 0.09263 0.44026 0.69348
0.73593 0.15295 0.43256 0.84932
0.35463 0.16435 0.19380 0.55785
-0.08113 0.13499 -0.34699 0.01251
0.17049 0.15908 -0.02228 0.36626
-0.58990 0.16383 -0.78422 -0.39443
0.03556 0.14940 -0.13309 0.28380
-0.83678 0.20415 -1.09210 -0.53159
-1.62028 0.14920 -1.89468 -1.49236
-1.89273 0.22849 -2.17278 -1.51465
-0.25845 0.06626 -0.35293 -0.14776
0.42551 0.49480 -0.13771 1.06230
0.17555 0.15276 -0.10485 0.34080
0.76007 0.19719 0.54273 1.03744
