# avg	std	min	max
-0.85246 0.00206 -0.85457 -0.84932
-0.22468 0.00302 -0.22738 -0.21934
-0.57084 0.02094 -0.58759 -0.52976
-1.18092 0.11333 -1.32562 -1.08143
-0.85228 0.03299 -0.91592 -0.82584
-1.51521 0.00721 -1.52869 -1.50884
-0.19513 0.11392 -0.37090 -0.03947
0.33431 0.05642 0.28788 0.44302
0.51248 0.01953 0.48606 0.54226
-0.40811 0.00425 -0.41155 -0.40177
0.05373 0.03702 -0.00456 0.09720
-0.29343 0.02469 -0.32260 -0.25545
-0.20402 0.13599 -0.47585 -0.12750
-0.41438 0.00890 -0.42592 -0.40447
-0.83324 0.21975 -1.20324 -0.65412
-0.00363 0.00127 -0.00537 -0.00200
-0.13869 0.00329 -0.14459 -0.13456
-1.05864 0.04848 -1.12569 -0.97493
-0.96363 0.00934 -0.97548 -0.95252
-0.07445 0.09951 -0.20476 0.01979
0.02061 0.01066 0.00517 0.03584
-0.02908 0.02018 -0.06300 -0.01106
0.24510 0.06895 0.12355 0.32622
