# avg	std	min	max
-1.07854 0.04190 -1.16234 -1.05759
-0.39698 0.04924 -0.49546 -0.37191
1.65067 0.02121 1.61368 1.67458
1.02917 0.05079 0.96786 1.07890
1.65520 0.05016 1.62940 1.75551
0.33679 0.03105 0.29350 0.37342
0.67810 0.02015 0.64967 0.70109
1.11380 0.02658 1.07325 1.13886
2.86789 0.08819 2.79052 2.99241
-0.10097 0.00022 -0.10133 -0.10064
2.50696 0.05708 2.43279 2.55462
0.30324 0.00021 0.30307 0.30363
1.01901 0.00946 1.01023 1.03600
-0.20500 0.00050 -0.20551 -0.20412
0.64719 0.02136 0.62110 0.66881
-0.00000 0.00000 -0.00000 -0.00000
1.22619 0.21802 0.85803 1.39457
-0.78660 0.07930 -0.92810 -0.70666
-0.59858 0.03979 -0.64657 -0.53319
1.27048 0.00463 1.26739 1.27967
2.04016 0.12933 1.82540 2.18614
-0.26909 0.13563 -0.45743 -0.04034
5.66781 0.16467 5.38782 5.81102
