# avg	std	min	max
1.49969 0.04082 1.44950 1.54761
0.93153 0.01257 0.91255 0.94929
1.30857 0.06269 1.21722 1.39735
0.66768 0.05515 0.60425 0.77024
0.97395 0.07004 0.85148 1.06173
0.83596 0.07690 0.74228 0.96908
0.56107 0.05250 0.48604 0.64883
1.34568 0.11211 1.16490 1.44976
0.00502 0.07244 -0.13575 0.06959
1.57267 0.06193 1.51126 1.68538
1.50980 0.03036 1.46915 1.54004
0.95888 0.08828 0.89097 1.11712
0.68827 0.08731 0.59502 0.84540
1.28541 0.01525 1.26843 1.30991
0.64322 0.06577 0.54031 0.74386
-0.01603 0.01345 -0.03334 0.00611
0.20868 0.02995 0.15750 0.24151
0.88132 0.03055 0.83577 0.92165
1.37484 0.03621 1.30647 1.40716
1.36459 0.02797 1.31121 1.38547
0.69085 0.15862 0.49427 0.85559
0.28242 0.07164 0.17831 0.38985
0.87957 0.05469 0.81883 0.98277
