# avg	std	min	max
2.82232 0.25468 2.46416 3.08736
1.06005 0.21667 0.82765 1.39404
2.68081 0.21618 2.26193 2.87254
0.64765 0.12727 0.44008 0.82607
3.80601 0.34311 3.25807 4.26873
1.36190 1.24726 -0.20149 3.16239
0.79363 0.65714 -0.07273 1.44855
2.16979 0.67240 1.13734 3.16292
7.32185 1.04859 5.93689 8.28573
1.59054 0.21454 1.27661 1.91006
1.72923 0.35765 1.23155 2.16509
1.39320 0.25515 1.01837 1.65985
2.54640 1.22424 1.12426 4.36937
1.11725 0.21573 0.87308 1.49033
3.43258 0.18006 3.10104 3.60593
-0.13428 0.18603 -0.48149 0.08084
3.15755 0.40545 2.66519 3.65558
4.17554 1.39119 1.43263 5.19726
4.16430 1.91373 0.95814 6.76453
8.08496 4.26290 5.43160 16.58180
6.67797 0.92662 5.89829 8.44827
11.32950 2.34539 8.39384 14.93010
10.66255 1.75062 7.46127 12.57080
