# avg	std	min	max
0.22220 0.00097 0.22098 0.22335
0.18270 0.00280 0.17736 0.18561
0.71182 0.00209 0.70935 0.71499
-0.93809 0.12514 -1.11122 -0.80513
1.14428 0.06374 1.03986 1.20865
-1.24336 0.01494 -1.26777 -1.22457
-1.29054 0.18590 -1.59516 -1.10978
-1.11801 0.04481 -1.17079 -1.05471
-0.94515 0.08045 -1.00976 -0.79568
0.20589 0.00149 0.20399 0.20833
1.05289 0.20070 0.82528 1.29410
-0.12389 0.02973 -0.16832 -0.08661
-1.00198 0.06028 -1.09885 -0.91221
0.06801 0.00181 0.06601 0.07129
-0.47160 0.05547 -0.56535 -0.40144
0.00004 0.00008 -0.00000 0.00020
-0.34226 0.16553 -0.50403 -0.07467
-0.58307 0.05319 -0.63623 -0.51044
-0.94411 0.09165 -1.05475 -0.82783
-0.30989 0.02104 -0.33765 -0.27752
0.44716 0.08874 0.33245 0.56590
-0.77523 0.04919 -0.85056 -0.70096
0.95611 0.17602 0.75833 1.24618
