# avg	std	min	max
-1.37641 0.06317 -1.45387 -1.27088
0.31555 0.03500 0.26323 0.34428
2.37926 0.35959 1.86159 2.68902
0.17637 0.02562 0.13655 0.20136
1.84869 0.29518 1.61715 2.36883
-0.59559 0.19887 -0.96486 -0.36359
-0.24141 0.07942 -0.34399 -0.14159
-0.30380 0.04380 -0.34929 -0.24920
1.75105 0.04307 1.67341 1.79935
-1.49033 0.07899 -1.57922 -1.36738
1.04714 0.12761 0.86423 1.17082
0.36661 0.04350 0.29325 0.42997
0.08566 0.04661 0.01957 0.13010
-0.09860 0.04356 -0.13889 -0.04407
0.55988 0.04706 0.47409 0.60942
0.00145 0.00290 -0.00000 0.00724
0.49812 0.12016 0.27675 0.59236
-0.84842 0.20270 -1.10137 -0.57539
0.33141 0.17658 0.07929 0.54143
0.71603 0.02536 0.66570 0.73258
0.10308 0.31722 -0.16059 0.49600
0.03510 0.37312 -0.61197 0.50802
1.72290 0.01820 1.70471 1.75562
