# avg	std	min	max
0.73618 0.00000 0.73618 0.73618
0.83259 0.00000 0.83259 0.83259
1.36285 0.01041 1.35101 1.37926
0.56159 0.07560 0.46477 0.69282
0.97646 0.01745 0.95696 1.00618
0.22897 0.10429 0.09808 0.34459
0.45794 0.10206 0.35070 0.64535
-0.06092 0.27912 -0.30273 0.47306
-0.02771 0.01502 -0.04868 -0.00373
0.55242 0.18281 0.40291 0.77670
1.29258 0.12969 1.03544 1.37725
1.03528 0.03529 1.01345 1.10563
0.23039 0.07704 0.10806 0.35025
0.62638 0.02853 0.58236 0.66247
0.79300 0.03205 0.74093 0.82154
-0.00041 0.00000 -0.00041 -0.00041
0.47831 0.07460 0.38658 0.54282
1.24830 0.01997 1.21444 1.27087
1.34273 0.23848 0.95778 1.57677
1.35391 0.08383 1.27128 1.50544
0.46073 0.06736 0.37778 0.54496
0.95799 0.26450 0.62652 1.27072
2.09350 0.12390 2.00958 2.34011
