# avg	std	min	max
0.03251 0.00059 0.03151 0.03306
-0.33383 0.00141 -0.33642 -0.33263
0.15641 0.00593 0.15113 0.16755
-0.12020 0.00109 -0.12187 -0.11854
-0.09382 0.00815 -0.10092 -0.08101
-0.12599 0.01878 -0.16352 -0.11568
0.04098 0.05439 0.00152 0.14645
0.06863 0.00739 0.05843 0.07984
-0.32876 0.04829 -0.36377 -0.23289
0.04143 0.00869 0.03150 0.05532
0.07703 0.00193 0.07491 0.08051
0.15531 0.01085 0.14384 0.17006
0.03500 0.00378 0.02916 0.03897
0.10989 0.00672 0.10239 0.12170
-0.10934 0.00566 -0.11557 -0.09950
-0.00076 0.00334 -0.00553 0.00465
-0.16278 0.00525 -0.17160 -0.15637
-0.12774 0.00430 -0.13442 -0.12288
-0.08777 0.01527 -0.11573 -0.07596
0.21136 0.00662 0.20411 0.22058
0.12295 0.01452 0.09467 0.13376
-0.15926 0.00673 -0.16790 -0.14920
0.27687 0.03710 0.23450 0.34389
