# avg	std	min	max
-0.11406 0.01993 -0.13836 -0.08100
-0.66378 0.00868 -0.67692 -0.65419
-0.66608 0.06063 -0.75881 -0.58830
-1.62786 0.01716 -1.66079 -1.61164
-0.41767 0.01589 -0.43654 -0.39884
-1.22483 0.04202 -1.30122 -1.17373
-1.57049 0.04604 -1.61797 -1.48767
-0.44456 0.04874 -0.50875 -0.38511
-2.44343 0.03585 -2.51085 -2.40474
-0.46171 0.02367 -0.50006 -0.43387
0.25529 0.02098 0.22869 0.28284
-0.36960 0.17356 -0.54499 -0.12720
-1.26475 0.05304 -1.34335 -1.18407
-1.11605 0.07645 -1.24751 -1.03327
-0.61957 0.01196 -0.63826 -0.60082
-0.00686 0.00249 -0.00922 -0.00361
-1.27821 0.13127 -1.53352 -1.16820
-0.97971 0.06176 -1.04148 -0.89336
-0.94430 0.10725 -1.09291 -0.82352
-0.18279 0.02332 -0.22240 -0.15763
-1.71881 0.03579 -1.77037 -1.67102
-1.49652 0.16563 -1.74112 -1.23077
0.43926 0.05426 0.34026 0.49848
