# avg	std	min	max
0.54893 0.04555 0.49722 0.62717
1.78150 0.03957 1.71323 1.81526
2.16273 0.04968 2.08967 2.20998
2.40504 0.02470 2.36431 2.44064
2.11649 0.02503 2.08285 2.15371
1.84902 0.30537 1.51804 2.25106
1.65721 0.06972 1.56979 1.73485
2.34372 0.04366 2.26114 2.38235
1.31049 0.01565 1.28010 1.32343
1.01576 0.05538 0.94851 1.07505
0.86066 0.05596 0.79788 0.93438
2.36974 0.03911 2.30468 2.42101
1.98412 0.03650 1.94218 2.05136
1.04167 0.04314 0.96479 1.09478
1.70957 0.10952 1.63426 1.92705
-0.00535 0.05477 -0.10302 0.06662
1.34170 0.05088 1.25411 1.39922
2.25114 0.04681 2.19567 2.30109
1.69566 0.04400 1.66983 1.78357
2.14190 0.07304 2.01641 2.22023
1.85361 0.03452 1.81857 1.89768
1.89364 0.05938 1.83470 1.99570
1.79684 0.04051 1.75369 1.86876
