# avg	std	min	max
1.29711 0.00165 1.29572 1.30008
0.98838 0.00175 0.98622 0.99020
0.37763 0.00683 0.36924 0.38428
0.41576 0.00550 0.40480 0.41888
0.41760 0.00204 0.41501 0.41984
-0.01176 0.04210 -0.04948 0.06665
0.14329 0.00392 0.13943 0.15025
1.00443 0.03287 0.95716 1.05641
2.16979 0.08183 2.06546 2.30182
0.36332 0.00210 0.36131 0.36600
0.26156 0.00090 0.26055 0.26307
0.26113 0.00847 0.24958 0.27574
0.18536 0.00217 0.18213 0.18774
0.00959 0.00348 0.00292 0.01263
0.80588 0.00521 0.79587 0.81117
-0.00052 0.00041 -0.00105 -0.00007
0.09974 0.01362 0.07841 0.11584
0.12188 0.03472 0.06562 0.17246
0.25956 0.01602 0.24282 0.28878
0.28071 0.00213 0.27710 0.28370
0.31754 0.00846 0.30683 0.32753
-0.01097 0.02604 -0.03607 0.02595
0.48626 0.01925 0.46817 0.51357
