# avg	std	min	max
3.50620 0.55991 3.03575 4.46919
3.54089 0.05453 3.48011 3.63512
4.79682 0.34375 4.31077 5.36424
3.68429 0.21201 3.35810 3.93820
4.26024 0.22825 4.03005 4.58029
3.70766 0.43656 3.33642 4.52203
3.99713 0.22272 3.73297 4.26278
4.67469 0.43487 4.34696 5.50655
2.21348 0.37173 1.89073 2.90126
2.58181 0.31637 2.17364 2.95627
4.05427 0.58364 3.37662 4.77410
4.00720 0.34589 3.81795 4.69862
4.17626 0.44585 3.82535 5.04424
3.08210 0.16395 2.98069 3.40482
4.47633 0.57081 3.77299 5.19143
-0.11310 0.12802 -0.35435 -0.01916
1.58285 0.48594 1.00691 2.24315
3.60280 0.25823 3.28979 3.99276
4.75883 0.61140 4.06921 5.76078
3.62236 0.52863 3.34728 4.67950
0.18180 0.62064 -0.37023 1.08627
4.48206 0.40775 4.25627 5.29703
2.74555 0.40227 2.16341 3.14410
