# avg	std	min	max
1.72905 0.05970 1.67304 1.84472
-0.02309 0.04265 -0.07591 0.03587
0.86376 0.46040 0.47190 1.75583
0.68173 0.06293 0.56644 0.74136
0.70392 0.19115 0.50634 1.04236
-0.02965 0.06719 -0.07964 0.10250
10.64166 2.56444 7.31793 13.74710
10.17353 0.46494 9.69181 11.06260
4.82985 0.35784 4.18389 5.21756
1.97767 0.03777 1.90745 2.01440
4.05805 0.19478 3.78344 4.29347
0.34973 0.06441 0.23848 0.42474
14.01184 4.43693 8.12911 18.43470
1.81736 0.04870 1.72757 1.86784
3.48334 0.11584 3.25959 3.57417
-0.04610 0.03162 -0.09174 -0.00000
3.68635 0.09686 3.55333 3.85370
2.72160 0.28571 2.32113 2.95664
3.45872 0.52224 2.62478 4.14299
11.73170 0.86376 10.14210 12.63270
10.44634 0.10730 10.25010 10.54260
28.07250 5.51274 20.25920 33.50760
5.78047 0.40798 5.07764 6.19421
