# avg	std	min	max
0.90217 0.02612 0.85966 0.93749
0.23562 0.01560 0.20816 0.25197
0.64915 0.24176 0.51106 1.13187
-0.06779 0.17250 -0.16774 0.27639
0.14725 0.08562 -0.02191 0.20400
-0.06591 0.05563 -0.11984 0.04129
0.25832 0.01805 0.22899 0.28086
0.32977 0.02677 0.28157 0.35966
0.63095 0.42977 0.20259 1.36844
0.98650 0.00908 0.97540 0.99483
1.15449 0.28975 0.99410 1.73373
0.86470 0.01909 0.83737 0.89100
0.15666 0.10192 0.06959 0.35678
0.84401 0.00233 0.84136 0.84706
0.23034 0.01867 0.19876 0.25124
-0.00020 0.00024 -0.00039 0.00011
-0.44380 0.06329 -0.56882 -0.39536
0.38204 0.02847 0.33056 0.41815
0.73206 0.00753 0.72484 0.74438
1.02703 0.03997 0.98642 1.10208
-0.80887 0.05198 -0.88063 -0.73858
-0.30450 0.13798 -0.51600 -0.08254
-0.18794 0.01393 -0.21091 -0.17267
