# avg	std	min	max
-0.24097 0.01227 -0.25897 -0.22616
-0.42351 0.04138 -0.45381 -0.34292
0.14427 0.01404 0.12770 0.16685
-1.13793 0.06143 -1.22077 -1.03451
-0.15549 0.03741 -0.22302 -0.11395
-0.85553 0.07350 -0.98503 -0.75711
-1.34786 0.02697 -1.38006 -1.30929
-0.20100 0.21659 -0.50422 0.00523
2.09732 0.09030 1.92130 2.17395
-0.58455 0.01054 -0.59664 -0.57029
0.00766 0.06486 -0.05836 0.12329
-0.73372 0.01970 -0.75193 -0.69666
-1.10615 0.03797 -1.14432 -1.03829
0.27027 0.01804 0.24086 0.28706
-0.59959 0.13664 -0.76942 -0.46873
-0.00379 0.01495 -0.03009 0.01592
-0.48692 0.04460 -0.52307 -0.40398
-1.27820 0.03379 -1.32081 -1.23395
-0.98199 0.09231 -1.07847 -0.81521
-0.33943 0.20006 -0.49279 0.05432
-0.18484 0.05229 -0.26389 -0.11289
-0.87075 0.16949 -1.07337 -0.67721
0.44683 0.08510 0.32145 0.57639
