# avg	std	min	max
1.69623 0.23723 1.43973 1.98371
0.48893 0.22359 0.21974 0.78066
2.21594 0.53617 1.37502 2.93294
-0.75696 0.36147 -1.37976 -0.35338
4.35652 0.52159 3.62437 5.05891
-0.01176 0.49104 -0.49276 0.90272
-0.18221 0.32418 -0.52058 0.21268
0.66157 0.51996 0.03983 1.32908
0.18028 0.32618 -0.15429 0.78097
0.55903 0.33023 0.18664 1.10543
0.71708 0.29094 0.19535 1.09402
1.00500 0.30516 0.65677 1.52007
0.31416 0.55185 -0.34424 1.04505
0.90762 0.27217 0.68026 1.43687
0.28519 0.28077 -0.25667 0.54675
1.37592 0.18728 1.07119 1.66073
-0.00202 0.00097 -0.00372 -0.00068
0.24503 0.21952 -0.13632 0.46168
0.40970 0.29026 -0.00927 0.74087
1.29232 0.28542 0.79139 1.60622
0.95688 0.08293 0.89246 1.11918
-0.21440 0.33064 -0.73759 0.26698
6.63364 1.19101 5.13525 7.98711
