# avg	std	min	max
1.15665 0.00018 1.15651 1.15689
0.50079 0.00056 0.50004 0.50131
0.27942 0.00140 0.27717 0.28125
-0.11802 0.00965 -0.13276 -0.10677
-0.18947 0.00998 -0.20430 -0.17881
-0.31150 0.06939 -0.40645 -0.24119
-0.41533 0.05905 -0.52294 -0.35820
-0.10881 0.03368 -0.16935 -0.06963
0.82709 0.09878 0.65974 0.93156
0.91403 0.00014 0.91384 0.91417
0.67262 0.12193 0.59022 0.91545
0.80992 0.00112 0.80814 0.81164
-0.34972 0.03210 -0.41224 -0.32306
0.66152 0.00037 0.66111 0.66200
-0.11378 0.12585 -0.33173 0.00535
0.70420 0.00068 0.70284 0.70465
-0.00000 0.00000 -0.00000 -0.00000
-0.14312 0.04867 -0.20026 -0.06541
-0.14336 0.03373 -0.18451 -0.10255
0.44516 0.00986 0.43294 0.45370
0.92432 0.00667 0.91660 0.93412
-0.57573 0.04531 -0.66071 -0.53241
1.02446 0.01999 0.99465 1.05758
