# avg	std	min	max
0.87526 0.55296 0.42604 1.89949
0.53429 0.61540 -0.01826 1.53958
0.57177 0.29967 0.22313 1.10038
-0.91532 0.59929 -1.35172 0.25391
0.55093 0.32097 0.17663 1.02610
-1.38915 0.29491 -1.75480 -1.00668
-1.00822 0.45343 -1.41082 -0.16421
1.83461 1.28687 0.22168 3.50241
2.55383 0.47490 1.71679 3.13191
1.23076 0.27909 0.97194 1.67915
1.69061 0.11936 1.52481 1.87497
0.93835 0.50936 0.30432 1.49926
1.42826 1.15991 0.68543 3.72671
0.88085 0.53359 0.37882 1.87528
0.31837 0.43210 -0.24793 1.09122
1.12636 0.11094 0.90724 1.21446
-0.09652 0.09882 -0.25680 0.00000
0.03679 0.47401 -0.50229 0.86331
0.40364 0.30142 -0.12176 0.69692
-0.62597 0.45634 -1.11494 0.23921
0.63507 0.33003 0.04508 0.91169
2.85539 1.22437 1.10895 4.65141
1.68269 0.29450 1.29794 2.00648
