# avg	std	min	max
3.44083 0.12455 3.21247 3.58469
1.60712 0.25921 1.26583 1.91381
0.17199 0.42461 -0.42071 0.70682
0.35924 0.14346 0.18123 0.60262
-0.38711 0.32242 -0.81758 0.08183
0.24009 0.27285 -0.16440 0.52209
4.44299 0.78412 3.42204 5.49946
8.98321 2.31164 6.02586 13.05750
2.64891 0.32333 2.34655 3.25446
1.68521 0.32799 1.27803 2.17127
0.83867 0.13037 0.64575 1.04456
1.26866 0.32970 0.89728 1.81425
6.38904 1.94404 3.41693 8.33448
3.38588 0.23873 3.13393 3.76865
1.42032 0.36318 0.98594 2.00089
1.31478 0.51639 0.79309 2.18217
0.00832 0.17071 -0.22658 0.26481
2.67770 0.31207 2.08534 2.92389
2.75598 0.66082 1.76799 3.46857
7.13329 1.77411 5.18416 9.67111
1.16615 0.37119 0.52035 1.57731
8.07935 3.20869 4.47869 13.43230
2.68850 0.71569 1.38068 3.36202
