# avg	std	min	max
-0.00498 0.07182 -0.08780 0.08153
0.04973 0.02246 0.01333 0.07278
1.14944 0.11602 0.98609 1.25365
-0.51424 0.04118 -0.57023 -0.46635
0.96772 0.09070 0.85576 1.07922
-0.43841 0.10576 -0.61179 -0.32963
-0.97451 0.02902 -1.02353 -0.94985
-0.28300 0.01905 -0.31857 -0.26095
1.68027 0.08680 1.59353 1.83329
-0.53521 0.00221 -0.53649 -0.53080
0.16236 0.02541 0.14126 0.21086
0.31761 0.03637 0.25456 0.34883
-0.90237 0.00958 -0.91731 -0.88786
-0.26482 0.01591 -0.29027 -0.24400
-0.27652 0.03139 -0.29669 -0.21481
-0.32148 0.02020 -0.34643 -0.29482
-0.01337 0.01256 -0.02820 -0.00000
-0.59621 0.03259 -0.63170 -0.53544
-0.54135 0.10970 -0.67299 -0.36520
0.08445 0.01057 0.07099 0.09682
0.02530 0.03453 -0.00557 0.07510
-1.26873 0.22295 -1.58012 -1.02421
1.55968 0.03026 1.51664 1.60919
