# avg	std	min	max
0.65928 0.01331 0.64512 0.67779
0.17011 0.01707 0.15232 0.19812
-0.62644 0.01464 -0.65179 -0.60866
-1.12150 0.03333 -1.16078 -1.08222
-0.79306 0.04442 -0.85970 -0.72901
-0.34565 0.02664 -0.37882 -0.31058
-0.94781 0.06757 -1.04675 -0.83694
-0.36199 0.05499 -0.46006 -0.31503
4.40562 0.14795 4.23194 4.64142
0.33601 0.02561 0.29413 0.37462
-0.06179 0.02753 -0.09564 -0.01343
0.50924 0.07396 0.44632 0.64378
-1.37115 0.07905 -1.48279 -1.23935
-1.15096 0.14613 -1.35757 -0.99025
-1.31667 0.15259 -1.52130 -1.14079
0.17888 0.20203 0.05391 0.58193
-0.02437 0.00139 -0.02714 -0.02368
-1.90384 0.05709 -1.99934 -1.85213
-1.34946 0.04596 -1.39223 -1.26014
-1.06611 0.15614 -1.24995 -0.88635
0.90348 0.01730 0.88822 0.93720
-1.32515 0.04489 -1.38829 -1.26249
0.90478 0.02427 0.86891 0.94501
