# avg	std	min	max
0.57750 0.01895 0.55776 0.60679
-0.17363 0.02010 -0.20152 -0.15280
0.28023 0.01537 0.25188 0.29270
-0.39571 0.09134 -0.51212 -0.23301
-0.04021 0.00590 -0.04816 -0.02980
-0.93566 0.04762 -0.98029 -0.84370
-0.10567 0.03602 -0.15228 -0.04926
-0.61679 0.04526 -0.67408 -0.54301
0.24077 0.09232 0.12365 0.38872
0.31164 0.06846 0.18622 0.37194
0.36286 0.14364 0.08612 0.48220
0.53566 0.02123 0.49700 0.55901
0.01158 0.00635 0.00164 0.02001
-0.18135 0.15076 -0.47683 -0.08109
-0.45557 0.09423 -0.64347 -0.39959
0.40399 0.02187 0.39050 0.44746
-0.00263 0.00000 -0.00263 -0.00263
-0.39633 0.05684 -0.47963 -0.33339
-0.44503 0.13394 -0.64395 -0.23584
0.00452 0.05471 -0.09251 0.06414
0.43231 0.01569 0.40668 0.44924
-0.55271 0.10754 -0.73328 -0.43549
0.80235 0.02624 0.77451 0.85158
