# avg	std	min	max
3.98117 0.15370 3.82991 4.24266
2.60154 0.08174 2.46919 2.71143
2.90356 0.11452 2.77824 3.09986
3.81689 0.19905 3.46967 4.05682
2.24863 0.09593 2.10632 2.40532
1.38418 0.41699 0.91970 1.96496
6.41448 0.73844 5.44495 7.33757
7.63646 0.40219 7.22017 8.28778
5.07754 0.06836 4.97055 5.15487
3.05808 0.05838 2.98856 3.16375
2.14887 0.03179 2.09993 2.19159
4.08417 0.03576 4.04229 4.13251
6.73247 0.82639 5.55823 7.76849
4.24180 0.12326 4.04022 4.39087
4.07270 0.30583 3.51039 4.39116
2.45292 0.23597 2.10794 2.71779
-0.02537 0.01746 -0.03929 0.00144
4.07055 0.93668 2.66597 4.86334
5.81462 1.03158 4.86076 7.65325
4.45542 0.14900 4.33569 4.74559
3.14674 0.48698 2.42405 3.73123
6.82669 0.92441 5.77887 8.35418
7.07401 0.42639 6.70535 7.82825
