# avg	std	min	max
0.70258 0.03585 0.65413 0.76274
0.31230 0.03374 0.25636 0.35146
0.97840 0.02537 0.93624 1.00327
-0.24898 0.02060 -0.27458 -0.21901
0.38669 0.06193 0.28491 0.45357
-1.06518 0.02283 -1.10292 -1.03142
-0.43596 0.02077 -0.47335 -0.41027
-0.81713 0.04361 -0.86138 -0.74136
1.20721 0.08320 1.09007 1.29543
-0.24038 0.11364 -0.46677 -0.16617
0.18302 0.00811 0.17307 0.19022
0.08582 0.00801 0.07698 0.09976
-0.00194 0.05250 -0.08388 0.07433
-0.09835 0.02484 -0.11784 -0.05433
-0.01651 0.03888 -0.09128 0.02204
0.33531 0.01114 0.32271 0.35296
-0.00565 0.01650 -0.03609 0.01023
0.07896 0.02612 0.03563 0.11797
0.42260 0.03642 0.35002 0.44658
0.18337 0.04605 0.10930 0.24270
-0.21981 0.29736 -0.66287 0.06429
-0.35740 0.08522 -0.44503 -0.22294
0.07408 0.21949 -0.06860 0.50589
