# avg	std	min	max
0.73847 0.12993 0.47894 0.81376
-0.21513 0.10894 -0.43043 -0.14229
0.38394 0.02254 0.35925 0.42370
-0.93211 0.19595 -1.16044 -0.67779
-0.58329 0.22765 -0.81727 -0.28747
-1.08596 0.23438 -1.49633 -0.89431
-0.33648 0.07042 -0.42398 -0.21978
0.04832 0.17341 -0.20430 0.25543
1.92044 0.11757 1.70100 2.05701
0.09666 0.05117 0.02455 0.17232
0.45026 0.03144 0.41539 0.49906
0.50701 0.02680 0.47668 0.53861
-0.50151 0.05273 -0.57306 -0.40912
0.62315 0.01461 0.60396 0.64914
0.01340 0.02652 -0.02769 0.04791
0.88120 0.03636 0.83403 0.94418
-0.02333 0.03134 -0.05979 0.02917
-0.29407 0.05600 -0.39454 -0.24360
-0.71062 0.15293 -0.92124 -0.53268
0.65343 0.03834 0.57906 0.68757
0.65203 0.05174 0.58568 0.70779
-0.92806 0.16933 -1.17147 -0.68742
2.03603 0.10044 1.93748 2.19588
