# avg	std	min	max
2.59368 0.13122 2.49617 2.85275
0.90413 0.17847 0.70518 1.17590
1.05545 0.19027 0.74318 1.30442
-0.55060 0.08640 -0.70207 -0.44437
2.22472 0.19255 1.92613 2.50452
-0.57224 0.23809 -0.86210 -0.28114
-0.66923 0.25767 -1.04324 -0.37594
0.87926 0.46248 0.20570 1.37265
4.80498 0.60117 4.17680 5.68494
2.23983 0.16641 2.07713 2.52230
1.15222 0.31470 0.75932 1.52960
1.49987 0.05481 1.41934 1.55486
-0.32325 0.14191 -0.46175 -0.11399
1.21158 0.18442 0.99889 1.51617
0.24594 0.07252 0.18511 0.38274
0.43963 0.17351 0.14137 0.66185
-0.13376 0.11767 -0.29897 -0.00084
0.46209 0.19805 0.15720 0.72610
1.01049 0.09570 0.90076 1.14075
0.45974 0.35201 0.11883 1.12675
0.97089 0.21805 0.73333 1.30561
-0.11497 0.13197 -0.35595 0.03790
4.48381 1.04801 2.60702 5.47070
