# avg	std	min	max
1.42532 0.00000 1.42532 1.42532
0.55694 0.01492 0.54238 0.58391
0.15200 0.00282 0.14849 0.15680
-1.03115 0.00513 -1.03750 -1.02218
-0.91667 0.04713 -0.99731 -0.85917
-1.24453 0.05710 -1.30291 -1.13853
0.06357 0.01134 0.05462 0.08537
-1.53629 0.44310 -1.77137 -0.65032
-0.04099 0.02361 -0.07110 -0.01275
0.74465 0.03603 0.69677 0.79273
0.66735 0.01607 0.65413 0.68976
1.19349 0.35760 1.00090 1.90838
0.10228 0.02995 0.07352 0.14526
1.24496 0.05053 1.17805 1.30718
0.14517 0.02478 0.12979 0.19393
1.31527 0.02155 1.30021 1.35771
0.00000 0.00000 0.00000 0.00000
-0.24654 0.15878 -0.45848 -0.05504
-0.09486 0.17886 -0.32286 0.12828
0.68925 0.29397 0.14275 0.97275
0.77885 0.42548 0.48389 1.61147
-0.44182 0.08358 -0.52483 -0.28316
0.08698 0.39096 -0.24885 0.63939
