# avg	std	min	max
0.77601 0.04842 0.71358 0.85804
-0.14714 0.01898 -0.17033 -0.12478
0.34930 0.00040 0.34887 0.34992
-0.72151 0.00221 -0.72441 -0.71908
-0.34250 0.00133 -0.34381 -0.34082
-0.56851 0.03395 -0.63150 -0.53272
-0.88400 0.01073 -0.89880 -0.86528
-0.61878 0.01384 -0.64644 -0.61076
3.97008 0.25889 3.73957 4.40011
0.59519 0.02351 0.55655 0.62103
0.78749 0.02145 0.74458 0.79825
0.55093 0.02932 0.49778 0.58269
-0.81119 0.01033 -0.82805 -0.79554
0.21183 0.04583 0.14047 0.28488
-0.40829 0.00558 -0.41290 -0.40112
0.69356 0.00687 0.68571 0.70204
-0.00460 0.00032 -0.00476 -0.00395
-0.51743 0.01114 -0.53826 -0.50703
-0.48984 0.11104 -0.62433 -0.33920
0.20854 0.01663 0.18433 0.23390
0.49548 0.01126 0.47320 0.50274
-1.11638 0.15208 -1.25689 -0.90487
0.88708 0.02126 0.87310 0.92826
