# avg	std	min	max
3.24859 0.09536 3.07456 3.35769
2.36458 0.19433 2.00498 2.53675
1.32163 0.09516 1.13341 1.39385
0.81252 0.06703 0.75597 0.94397
0.92735 0.06925 0.81127 1.01075
0.51384 0.14265 0.32027 0.66035
0.71476 0.05390 0.64357 0.78376
0.43300 0.01904 0.40012 0.45149
2.97211 0.10030 2.79233 3.08469
2.63840 0.12601 2.44184 2.77616
1.99175 0.02914 1.94149 2.02595
2.16606 0.02828 2.12373 2.19885
-0.24461 0.04475 -0.32162 -0.20161
1.61868 0.38710 1.26161 2.09211
0.35171 0.16596 0.14717 0.63208
1.64392 0.06590 1.57026 1.75446
-0.02789 0.09716 -0.20753 0.07166
1.49220 0.06772 1.41530 1.59473
1.85560 0.07911 1.69895 1.90868
1.94174 0.07867 1.86397 2.09221
0.94438 0.03026 0.90173 0.98508
-0.18224 0.35832 -0.41804 0.53054
0.93523 0.07324 0.85376 1.05616
