# avg	std	min	max
0.31604 0.00976 0.30440 0.33327
-0.01243 0.01540 -0.03179 0.00507
0.04448 0.02238 0.02625 0.08382
-0.67095 0.01704 -0.69762 -0.64636
-0.58365 0.04597 -0.64025 -0.51894
-0.98049 0.08229 -1.11720 -0.87777
-0.60437 0.01040 -0.62328 -0.59381
-0.31264 0.03189 -0.35232 -0.25562
0.94981 0.03485 0.90100 1.00945
0.29855 0.01987 0.26833 0.32046
-0.07860 0.02440 -0.12063 -0.04869
0.21242 0.04876 0.14361 0.26607
-0.26268 0.02681 -0.28778 -0.21147
0.31744 0.01585 0.29826 0.34327
-0.19158 0.04469 -0.25860 -0.14008
0.44562 0.00380 0.44024 0.45214
0.00000 0.00000 0.00000 0.00000
-0.54816 0.02683 -0.57420 -0.50778
-0.65862 0.01782 -0.68007 -0.63675
0.12125 0.01618 0.09081 0.13463
0.71062 0.08143 0.61624 0.81362
-0.64331 0.24662 -0.81807 -0.15859
0.67694 0.01728 0.64784 0.69914
