# avg	std	min	max
0.46128 0.00999 0.45432 0.48102
0.12633 0.00478 0.12024 0.13128
-0.19656 0.00203 -0.20061 -0.19542
-0.66875 0.02082 -0.69260 -0.64100
-0.93363 0.02360 -0.94881 -0.88760
-0.89158 0.01936 -0.91651 -0.86322
-0.75849 0.06072 -0.82788 -0.66758
-0.58560 0.10309 -0.68987 -0.45434
2.25773 0.02419 2.22422 2.29062
0.33816 0.01149 0.32308 0.35363
0.14345 0.00892 0.13861 0.16127
0.06024 0.00016 0.06003 0.06043
-0.73777 0.16821 -1.07401 -0.64528
-1.18466 0.12173 -1.39519 -1.03663
-0.57449 0.31103 -0.83590 -0.19258
0.09382 0.07462 -0.02295 0.17720
-0.00115 0.00000 -0.00115 -0.00115
-0.66203 0.04330 -0.73794 -0.60431
-0.89408 0.09139 -1.03289 -0.76679
-0.95141 0.02172 -0.97621 -0.91897
0.52040 0.02870 0.47356 0.56324
-1.08569 0.08381 -1.16913 -0.94399
0.60838 0.03975 0.54011 0.66165
