# avg	std	min	max
-0.08578 0.01434 -0.09978 -0.05847
0.02421 0.00430 0.01625 0.02894
0.28594 0.00998 0.26722 0.29636
0.06245 0.01489 0.03303 0.07330
0.14101 0.00968 0.12648 0.15537
-0.07896 0.03412 -0.12926 -0.02238
-0.16020 0.05288 -0.20535 -0.05875
-0.60179 0.04613 -0.67955 -0.53816
-1.38365 0.01849 -1.39770 -1.34865
0.07111 0.00392 0.06378 0.07482
0.10185 0.00350 0.09716 0.10699
0.01387 0.00437 0.00857 0.01953
-0.08959 0.04403 -0.11353 -0.00163
0.01755 0.00587 0.01122 0.02856
-0.35336 0.05253 -0.41309 -0.26389
0.05534 0.00209 0.05180 0.05809
-0.04149 0.01014 -0.05630 -0.02437
-0.07692 0.04706 -0.16444 -0.02661
-0.17624 0.03993 -0.24113 -0.11543
0.09458 0.00508 0.08818 0.10377
0.00579 0.05606 -0.09410 0.04979
-0.14729 0.10514 -0.35734 -0.08996
0.31080 0.07241 0.22358 0.44276
