# avg	std	min	max
1.57102 0.14500 1.41532 1.82257
0.45809 0.09119 0.36092 0.60085
-0.05519 0.10207 -0.16391 0.07429
-1.21671 0.00545 -1.22054 -1.20598
-0.92698 0.18924 -1.07684 -0.61524
-0.99384 0.06108 -1.07800 -0.92585
-0.78593 0.06677 -0.89318 -0.70394
-1.30379 0.21566 -1.59237 -0.95699
4.92801 0.16825 4.72373 5.20130
1.57788 0.17204 1.43248 1.89474
1.50113 0.34525 1.24361 2.16614
0.83362 0.15560 0.65945 1.06822
-1.16087 0.06725 -1.22421 -1.03936
1.28973 0.08431 1.12647 1.34985
0.10007 0.17123 -0.17146 0.35825
1.12932 0.09827 1.02623 1.27329
-0.00000 0.00000 -0.00000 -0.00000
-0.19775 0.13081 -0.35796 -0.02322
-0.39940 0.39066 -1.14647 0.00566
0.36100 0.10204 0.20734 0.48341
0.82287 0.26583 0.30713 1.03911
-1.06322 0.26769 -1.40955 -0.73509
1.03356 0.12298 0.89342 1.20442
