# avg	std	min	max
-0.06056 0.00474 -0.06649 -0.05389
0.05330 0.00133 0.05094 0.05478
0.01201 0.00253 0.00870 0.01616
-0.08792 0.00434 -0.09343 -0.08207
-0.08507 0.00303 -0.08959 -0.08115
-0.04677 0.00782 -0.05891 -0.03559
-0.11966 0.00490 -0.12392 -0.11013
-0.03428 0.00709 -0.04575 -0.02447
-0.08512 0.00062 -0.08607 -0.08416
0.12027 0.00204 0.11676 0.12310
-0.03381 0.00402 -0.04100 -0.02914
0.21190 0.00386 0.20785 0.21914
-0.07730 0.00405 -0.08216 -0.07174
-0.14478 0.00473 -0.15077 -0.13933
-0.05614 0.03506 -0.12516 -0.03411
-0.36356 0.00488 -0.37226 -0.35726
-0.00101 0.00281 -0.00513 0.00253
-0.08949 0.01019 -0.10904 -0.08003
0.05368 0.00589 0.04708 0.06394
-0.01226 0.00574 -0.02169 -0.00431
0.24341 0.00339 0.23890 0.24811
-0.15921 0.00849 -0.16835 -0.14514
0.03882 0.00788 0.02818 0.05058
