# avg	std	min	max
0.69144 0.02676 0.66567 0.73256
0.53864 0.04283 0.46425 0.57577
0.59625 0.00782 0.58764 0.60985
0.65612 0.06276 0.54883 0.72877
0.60145 0.03172 0.57044 0.64570
0.46231 0.13081 0.20888 0.57425
0.43901 0.03969 0.38980 0.50313
0.60556 0.01784 0.58358 0.63650
2.38801 0.03473 2.34302 2.43144
0.44417 0.11594 0.28406 0.58492
0.49587 0.12490 0.26523 0.60702
0.58259 0.01837 0.56190 0.60624
0.41282 0.09622 0.30040 0.55045
0.37248 0.02705 0.34568 0.41946
0.49810 0.12117 0.27166 0.58532
0.01561 0.04284 -0.05819 0.07328
-0.03339 0.04277 -0.09071 0.02748
0.41599 0.03438 0.37410 0.46979
0.39936 0.03287 0.34434 0.43465
0.70295 0.07331 0.57489 0.78541
0.35081 0.16038 0.11621 0.58776
0.23628 0.03265 0.20069 0.28664
0.67643 0.02176 0.63734 0.69849
