# avg	std	min	max
0.37052 0.00000 0.37052 0.37052
0.10525 0.00000 0.10525 0.10525
0.13603 0.00200 0.13500 0.14003
-0.15201 0.00430 -0.15866 -0.14789
0.09085 0.00457 0.08329 0.09757
-0.11946 0.00798 -0.13209 -0.11013
0.04299 0.10741 -0.04872 0.23625
0.16820 0.28058 -0.07776 0.55382
-0.07772 0.00045 -0.07827 -0.07722
0.27688 0.00002 0.27686 0.27691
0.10639 0.00242 0.10350 0.11072
0.15993 0.00022 0.15957 0.16018
0.16613 0.01992 0.12796 0.18443
0.32213 0.01125 0.30054 0.33095
-0.40819 0.05476 -0.47637 -0.34718
0.34421 0.00861 0.33810 0.36129
-0.00000 0.00000 -0.00000 -0.00000
-0.20309 0.00205 -0.20574 -0.20028
-0.21412 0.06821 -0.34862 -0.15949
0.26846 0.17318 0.04428 0.44830
0.61046 0.01117 0.59012 0.62322
0.18880 0.05350 0.10815 0.25931
0.64986 0.22932 0.47235 1.05465
