# avg	std	min	max
-0.36738 0.01217 -0.39171 -0.36071
-0.40741 0.00239 -0.40934 -0.40295
-0.04486 0.00265 -0.04705 -0.03982
-0.25746 0.01509 -0.27229 -0.22961
-0.21787 0.00106 -0.21913 -0.21620
-0.54716 0.01576 -0.55874 -0.51613
-0.54539 0.00405 -0.54910 -0.53860
-0.75033 0.15075 -0.99796 -0.55824
2.10264 0.00088 2.10157 2.10390
-0.90917 0.00846 -0.91793 -0.89799
-0.57365 0.00137 -0.57508 -0.57107
-0.53280 0.00542 -0.54128 -0.52538
-0.51214 0.01023 -0.52747 -0.49568
-0.33273 0.00336 -0.33618 -0.32866
-0.59585 0.05610 -0.68344 -0.53503
0.23957 0.01420 0.22103 0.26302
-0.00271 0.00464 -0.01199 -0.00040
-0.56037 0.11422 -0.69076 -0.39160
-1.05707 0.11703 -1.15629 -0.82801
-0.69307 0.11596 -0.81478 -0.50072
0.27051 0.00779 0.26020 0.28252
-0.63561 0.01811 -0.66873 -0.61413
0.54500 0.02271 0.51910 0.57752
