# avg	std	min	max
-0.39857 0.00000 -0.39857 -0.39857
1.82418 0.00000 1.82418 1.82418
2.54536 0.04730 2.49903 2.62864
1.84967 0.00972 1.84306 1.86881
2.61886 0.01931 2.59075 2.64488
1.31574 0.10360 1.15409 1.43893
1.76465 0.00280 1.76212 1.77005
1.11741 0.19309 0.95949 1.49794
3.11421 0.06772 3.02390 3.19348
-0.87507 0.00076 -0.87576 -0.87396
2.09345 0.23566 1.97296 2.56474
-0.20858 0.07237 -0.26800 -0.11684
1.79301 0.01481 1.77233 1.81405
-0.04658 0.00281 -0.04997 -0.04225
-0.43330 0.07919 -0.52801 -0.33819
-0.07651 0.00070 -0.07687 -0.07511
0.00047 0.00219 -0.00103 0.00479
1.53604 0.11046 1.40849 1.69752
-0.27238 0.00933 -0.28949 -0.26155
-0.03360 0.14883 -0.33104 0.04801
0.16930 0.00527 0.16440 0.17605
1.74766 0.00655 1.73965 1.75667
3.02273 0.30393 2.74020 3.39508
