# avg	std	min	max
-0.78034 0.00064 -0.78147 -0.77972
-0.17215 0.00134 -0.17479 -0.17122
1.41989 0.00912 1.40850 1.43089
-0.27653 0.06144 -0.32553 -0.15790
1.05222 0.01775 1.03547 1.08483
-0.59239 0.07867 -0.72621 -0.51543
-0.72092 0.00345 -0.72561 -0.71576
0.97665 0.03325 0.93186 1.02216
0.33706 0.06797 0.26544 0.42275
-0.33190 0.00201 -0.33448 -0.32851
1.73145 0.01426 1.72274 1.75986
1.29556 0.00130 1.29382 1.29743
-0.80434 0.00428 -0.81043 -0.79715
-0.75989 0.01266 -0.77893 -0.74050
1.29233 0.00443 1.28514 1.29875
-0.51386 0.01739 -0.52933 -0.48084
-0.00650 0.00405 -0.01310 -0.00222
-0.53311 0.01833 -0.55047 -0.49884
-0.35804 0.03398 -0.42079 -0.32525
-0.13335 0.01044 -0.14378 -0.11505
0.05618 0.05459 -0.04942 0.09941
-0.46798 0.01355 -0.49433 -0.45661
2.14241 0.03648 2.11133 2.21000
