# avg	std	min	max
0.90959 0.00950 0.89619 0.92120
0.73688 0.00791 0.72560 0.74733
0.92687 0.00589 0.91921 0.93541
-0.11265 0.03632 -0.17408 -0.07527
0.33661 0.00760 0.32474 0.34698
-0.09382 0.02149 -0.11721 -0.06663
0.10608 0.03476 0.08403 0.17532
0.77209 0.51371 -0.04168 1.19126
2.52124 0.02029 2.50015 2.55327
1.42181 0.00150 1.41919 1.42346
1.14113 0.00186 1.13839 1.14357
1.11511 0.02579 1.09510 1.16251
0.38538 0.04199 0.34805 0.46344
1.54321 0.01287 1.52639 1.56336
1.23710 0.16194 0.98127 1.39317
1.78352 0.08588 1.62887 1.88730
-0.01004 0.00000 -0.01004 -0.01004
0.35091 0.08834 0.24922 0.50170
0.91940 0.11242 0.80845 1.09746
0.74325 0.04973 0.67409 0.82905
1.22553 0.32526 0.82782 1.58379
-0.61164 0.29418 -1.08840 -0.26015
1.69609 0.16121 1.46948 1.96580
