# avg	std	min	max
0.77852 0.02163 0.73772 0.79978
0.70115 0.03196 0.66528 0.75104
0.26369 0.03774 0.19405 0.30735
-0.20470 0.00671 -0.20866 -0.19130
-0.10471 0.01504 -0.12566 -0.08478
-0.37672 0.06017 -0.44528 -0.27890
0.02177 0.08274 -0.13839 0.09777
0.13108 0.03884 0.07573 0.19576
-0.09431 0.10226 -0.25625 0.04796
0.75491 0.03959 0.70253 0.79436
0.72477 0.06307 0.60911 0.79735
0.54389 0.11727 0.38347 0.73403
0.04300 0.04919 -0.04629 0.09228
0.39974 0.00415 0.39463 0.40610
0.13924 0.01182 0.11658 0.14763
0.34173 0.00075 0.34028 0.34223
-0.02581 0.00000 -0.02581 -0.02581
-0.00693 0.04120 -0.06125 0.06071
0.14117 0.10901 0.01854 0.30065
0.81676 0.06923 0.76315 0.95364
0.37953 0.06486 0.29350 0.46578
-0.27137 0.02725 -0.30961 -0.22766
0.18941 0.02511 0.16866 0.23846
