# avg	std	min	max
1.89427 0.01465 1.88421 1.92329
0.07077 0.00542 0.06670 0.08142
0.21885 0.00593 0.21528 0.23064
-0.41704 0.00294 -0.42057 -0.41208
-0.31308 0.00367 -0.31848 -0.30826
-0.60389 0.09218 -0.77882 -0.52105
-0.79523 0.01092 -0.81122 -0.78274
-0.74431 0.01709 -0.75715 -0.71117
1.30121 0.00766 1.29649 1.31647
0.02442 0.00125 0.02352 0.02689
0.22006 0.01698 0.19179 0.23679
-0.21703 0.00772 -0.22477 -0.20231
-0.59536 0.02446 -0.63175 -0.55805
-0.73168 0.02063 -0.76432 -0.69947
-0.65735 0.05513 -0.72499 -0.56190
0.08151 0.09514 -0.02666 0.20413
-0.00040 0.00196 -0.00138 0.00353
-0.54976 0.02693 -0.60021 -0.52133
-0.61882 0.08435 -0.70976 -0.50255
-0.66302 0.12938 -0.85464 -0.50105
0.37575 0.01688 0.35654 0.39763
-0.87324 0.01739 -0.89462 -0.85034
0.01995 0.01005 0.00899 0.03338
