# avg	std	min	max
2.89483 0.06829 2.81666 3.02259
2.12437 0.04491 2.06715 2.20213
2.50563 0.06842 2.42184 2.57465
1.84512 0.09150 1.68470 1.95383
2.42737 0.07136 2.33637 2.52543
2.66593 0.18809 2.29820 2.82228
2.32794 0.07740 2.24677 2.43140
2.61197 0.26215 2.42737 3.12675
0.12632 0.03584 0.08696 0.18068
2.85684 0.05677 2.80161 2.96037
2.85097 0.21668 2.58523 3.10589
2.78658 0.05742 2.71933 2.89193
2.54274 0.05373 2.46256 2.61091
3.45463 0.05343 3.36634 3.52717
2.13121 0.06349 2.01131 2.19064
3.33593 0.01651 3.31450 3.35356
-0.00407 0.00486 -0.01351 -0.00094
3.22097 0.35366 2.69578 3.74759
4.27551 0.21144 4.02434 4.58680
3.30490 0.12548 3.18080 3.49863
1.38599 0.02045 1.35529 1.41526
3.26732 0.29659 2.78385 3.71358
2.71494 0.92375 1.53307 3.80978
