# avg	std	min	max
1.18602 0.04692 1.10922 1.25673
0.49660 0.02981 0.44033 0.52660
0.49515 0.07306 0.41193 0.62305
-0.05488 0.03118 -0.10694 -0.02062
-0.23148 0.04715 -0.29140 -0.17200
-0.14695 0.07376 -0.24217 -0.02202
-0.08068 0.28392 -0.63224 0.18225
0.33602 0.05807 0.26722 0.41787
2.35519 0.17956 2.10801 2.56755
0.51526 0.01822 0.49195 0.54792
0.29804 0.06321 0.22129 0.38416
1.11087 0.03273 1.08148 1.16951
0.21056 0.06120 0.12978 0.30655
0.75328 0.06403 0.66804 0.82793
0.21089 0.15939 0.01335 0.47496
-0.12390 0.04988 -0.17645 -0.04171
-0.06725 0.12411 -0.25016 0.13429
0.48356 0.02874 0.44791 0.52003
0.64152 0.11273 0.50522 0.84109
0.75981 0.15475 0.60339 1.02345
0.36808 0.06789 0.27783 0.48088
-0.50269 0.08965 -0.58992 -0.34084
0.54601 0.15844 0.44623 0.85835
