# avg	std	min	max
0.60307 0.07419 0.50890 0.68789
-0.79457 0.18207 -1.06115 -0.51530
-0.93981 0.00329 -0.94255 -0.93482
-2.38064 0.15098 -2.65842 -2.23413
-1.64975 0.04549 -1.72813 -1.58730
-2.27829 0.21802 -2.56017 -1.94346
-1.17972 0.20576 -1.39748 -0.80043
2.39796 1.79907 1.22433 5.97577
3.22464 0.02521 3.18998 3.26590
0.56565 0.08960 0.45697 0.70675
-0.21188 0.08080 -0.30936 -0.07419
-0.16361 0.03682 -0.21951 -0.11580
0.31542 0.46550 -0.22418 1.09198
0.72949 0.11504 0.58205 0.84337
-0.61255 0.09636 -0.76393 -0.50455
0.72567 0.03643 0.66424 0.75938
0.00161 0.00410 -0.00164 0.00970
-0.50273 0.16484 -0.70959 -0.22179
0.06863 0.54182 -0.97413 0.59337
1.53642 1.49693 -0.83201 2.99944
3.13169 0.32851 2.59841 3.58229
5.79501 4.28332 1.23990 11.77210
2.52885 0.10858 2.36745 2.66520
