# avg	std	min	max
1.16241 0.20382 0.98933 1.56120
0.45136 0.05794 0.38869 0.54493
0.56243 0.06279 0.48811 0.65256
0.10006 0.24091 -0.13471 0.56558
0.12045 0.06241 0.03243 0.19429
0.17910 0.08324 0.10683 0.33627
0.24447 0.10247 0.12161 0.38866
0.30614 0.09864 0.14783 0.41669
-0.59608 0.08393 -0.70718 -0.49236
0.86577 0.10094 0.70846 1.02227
0.77498 0.14926 0.65182 1.06558
0.80216 0.04832 0.71947 0.85291
0.40949 0.10348 0.20925 0.50065
0.74356 0.07298 0.67925 0.86451
0.31412 0.08067 0.22088 0.46384
0.20035 0.08100 0.09942 0.33883
-0.22332 0.10063 -0.34250 -0.07464
0.24105 0.10599 0.06472 0.39153
0.50063 0.07483 0.39147 0.59691
0.67014 0.16937 0.39985 0.93081
-0.06062 0.22987 -0.30227 0.37110
0.13138 0.07406 0.04505 0.26077
0.15383 0.15840 0.03971 0.46588
