# avg	std	min	max
0.64781 0.00783 0.63237 0.65417
0.64231 0.00742 0.63860 0.65715
0.66291 0.01594 0.64382 0.68166
0.04837 0.09402 -0.11642 0.16782
0.26642 0.00039 0.26602 0.26706
0.21010 0.06194 0.14759 0.32925
0.14687 0.00722 0.13668 0.15868
0.69694 0.04204 0.67276 0.78091
-0.28645 0.00115 -0.28790 -0.28438
0.35091 0.00036 0.35059 0.35140
0.15577 0.00002 0.15576 0.15581
1.01246 0.05387 0.95182 1.10498
-0.47073 0.01127 -0.49201 -0.45845
0.36603 0.00874 0.35743 0.38279
0.51186 0.04923 0.45393 0.57971
0.45421 0.06689 0.36585 0.56048
-0.01396 0.00327 -0.01559 -0.00742
-0.06284 0.01032 -0.07985 -0.05177
-0.43360 0.09216 -0.58427 -0.35256
0.72363 0.00520 0.71893 0.73111
0.94918 0.00801 0.93612 0.95765
1.60623 0.05427 1.54272 1.69721
0.78100 0.01679 0.75681 0.80724
