# avg	std	min	max
-1.02822 0.00000 -1.02822 -1.02822
0.03492 0.00000 0.03492 0.03492
1.06916 0.00143 1.06772 1.07129
0.60574 0.06587 0.49868 0.69752
0.94210 0.07918 0.84145 1.03637
-0.06473 0.01614 -0.08624 -0.04141
3.60105 0.42009 2.76095 3.81766
3.04536 0.31921 2.41157 3.24964
0.74435 0.00148 0.74264 0.74646
0.72740 0.02541 0.69630 0.75101
0.65386 0.00004 0.65382 0.65391
0.35774 0.00094 0.35645 0.35931
3.14695 1.31258 1.92093 4.77455
0.99750 0.30351 0.72218 1.38269
-0.01106 0.00987 -0.02058 0.00768
0.49959 0.00093 0.49804 0.50056
-0.00060 0.00000 -0.00060 -0.00060
0.20157 0.02048 0.17333 0.22387
-0.29821 0.07715 -0.39015 -0.17683
1.86093 0.00636 1.85419 1.87286
0.58592 0.03848 0.54306 0.63521
4.47786 0.39667 3.89710 4.97393
2.22714 0.02840 2.19563 2.28051
