# avg	std	min	max
6.23885 0.06203 6.14709 6.28881
4.80099 0.05384 4.73016 4.88136
3.78317 0.02809 3.74377 3.81136
3.04812 0.23123 2.69053 3.27959
2.87371 0.01872 2.83713 2.88737
2.17283 0.20010 1.77428 2.29850
3.65503 0.18440 3.40489 3.92035
5.93049 0.25639 5.59829 6.30836
1.95009 0.28036 1.58579 2.20082
6.23876 0.11277 6.08453 6.42381
5.25700 0.25166 4.76107 5.43741
5.14818 0.08628 4.98073 5.20730
8.91573 0.37958 8.28700 9.48380
4.51184 0.38058 4.06612 5.05243
2.27796 0.33516 1.69664 2.74311
3.35035 0.24468 3.14023 3.68561
0.00000 0.00000 0.00000 0.00000
3.32321 0.23497 3.03079 3.62601
6.35744 0.41192 5.64505 6.88987
6.87737 0.91303 5.88259 8.53294
3.71994 0.70927 2.71843 4.35384
28.25830 0.68061 27.66770 29.55840
1.84864 0.19264 1.48548 2.04264
