# avg	std	min	max
2.45600 0.08821 2.30826 2.57687
1.29630 0.07710 1.22829 1.42245
-0.04408 0.08419 -0.14489 0.08517
-0.55828 0.12518 -0.80076 -0.45119
0.50500 0.07119 0.42708 0.61229
-0.23447 0.16175 -0.46500 0.03012
3.32996 1.10989 2.45237 5.43061
4.07938 1.58873 2.55901 6.43250
5.21788 0.23895 4.93823 5.57332
2.62828 0.16872 2.41161 2.92784
1.72190 0.14018 1.50646 1.91255
1.54695 0.07986 1.44064 1.67362
5.65688 1.48348 3.63661 7.90350
2.07936 0.32197 1.45361 2.36878
0.48881 0.17826 0.29233 0.71902
2.11020 0.16258 1.86320 2.31418
-0.12030 0.12707 -0.34559 -0.01141
2.46039 0.36854 1.89976 3.00935
3.35209 0.24107 2.95687 3.61500
3.33586 0.34369 2.88224 3.79406
3.95213 0.25426 3.63578 4.27044
11.65752 3.96124 6.37797 17.10830
4.46336 0.52244 3.74490 4.95366
