# avg	std	min	max
1.51370 0.24848 1.02622 1.72554
0.76395 0.05070 0.69900 0.84995
0.88819 0.03393 0.85615 0.95063
-0.02191 0.21743 -0.45238 0.12324
0.44204 0.04134 0.37668 0.49713
-0.49139 0.13096 -0.74005 -0.35596
-0.46172 0.19377 -0.62945 -0.10061
0.56505 0.07114 0.46351 0.64411
-0.27004 0.03288 -0.31329 -0.21999
1.32266 0.01191 1.30134 1.33478
1.21689 0.03480 1.17752 1.26432
1.11398 0.28144 0.55254 1.28963
0.11353 0.13320 -0.07074 0.32797
0.92484 0.04119 0.87001 0.97980
0.92659 0.08943 0.75042 0.98829
0.67953 0.07599 0.55641 0.77237
-0.00000 0.00000 -0.00000 0.00000
0.90945 0.05842 0.84547 1.01314
1.08709 0.10666 0.92835 1.25262
0.62435 0.05997 0.55270 0.72921
0.89495 0.23972 0.55904 1.21261
-0.87083 0.10191 -0.99350 -0.74480
0.99601 0.17665 0.82074 1.30834
