# avg	std	min	max
1.60422 0.00815 1.59825 1.61975
0.71868 0.05643 0.62809 0.76969
0.89034 0.05597 0.78941 0.94750
0.29025 0.05971 0.18829 0.35173
0.45817 0.08501 0.39608 0.62612
-0.27923 0.02328 -0.31939 -0.25094
0.16882 0.06808 0.10924 0.29923
0.56540 0.47978 -0.06529 1.01728
0.03323 0.04727 -0.00551 0.11995
1.06914 0.03725 1.03335 1.14016
1.22404 0.01633 1.19447 1.24219
1.35199 0.04340 1.26543 1.37970
0.47743 0.02088 0.45883 0.51045
1.03375 0.06029 0.94903 1.09952
0.28335 0.06322 0.24422 0.40855
-0.06621 0.06499 -0.12003 0.05843
-0.02862 0.00853 -0.03288 -0.01156
0.64419 0.15643 0.54290 0.95610
0.82069 0.08931 0.69376 0.93376
0.79225 0.02089 0.76400 0.82762
-0.27642 0.00997 -0.28381 -0.25684
0.53264 0.08333 0.39884 0.61161
-0.23483 0.01649 -0.25226 -0.21030
