# avg	std	min	max
1.35254 0.01246 1.32940 1.36296
0.05714 0.02331 0.02660 0.08787
-0.48253 0.01805 -0.51037 -0.46041
-1.76608 0.07186 -1.88754 -1.66645
-1.07449 0.03077 -1.11948 -1.02918
-1.85843 0.13595 -1.95883 -1.59993
0.08064 0.70941 -0.92658 0.70210
2.20899 0.36090 1.56275 2.68008
3.10504 0.26546 2.92991 3.63283
0.05564 0.01583 0.03280 0.06923
0.07503 0.01688 0.04992 0.09518
-0.28646 0.01222 -0.30589 -0.26914
1.58297 0.60690 0.52848 2.27609
-0.50962 0.01086 -0.52046 -0.48926
-0.28747 0.01451 -0.30809 -0.27068
0.96408 0.02814 0.92848 1.00175
-0.01395 0.01422 -0.03828 -0.00119
-0.71066 0.04540 -0.75386 -0.62668
-0.33839 0.03952 -0.39402 -0.29319
1.38863 0.20693 1.00669 1.63539
2.29071 0.28762 1.89194 2.70581
2.04197 1.44894 -0.70392 3.31669
2.97055 0.07690 2.88840 3.10842
