# avg	std	min	max
0.24610 0.00009 0.24605 0.24628
-0.36544 0.00484 -0.36786 -0.35575
0.71265 0.00276 0.70857 0.71643
-0.53864 0.03229 -0.55730 -0.47428
-0.10552 0.00179 -0.10896 -0.10376
-0.93414 0.05037 -0.99834 -0.84626
-0.36950 0.01718 -0.38226 -0.33558
-0.88363 0.01653 -0.90143 -0.85235
3.29094 0.13443 3.03493 3.41926
0.60501 0.00015 0.60492 0.60531
0.85965 0.00700 0.85327 0.87209
0.55023 0.00451 0.54294 0.55442
-0.28015 0.05020 -0.33005 -0.18345
0.20503 0.24758 -0.00332 0.51297
-0.08085 0.00635 -0.08746 -0.06922
0.70655 0.00261 0.70339 0.70927
-0.01821 0.00622 -0.02504 -0.00874
-0.59317 0.03573 -0.63170 -0.52702
-0.70753 0.02797 -0.75544 -0.67303
-0.24099 0.00469 -0.24895 -0.23518
1.02110 0.03227 0.96356 1.05091
-0.30906 0.03657 -0.37759 -0.27197
1.39813 0.03385 1.35506 1.44503
