# avg	std	min	max
1.52121 0.04096 1.48783 1.60194
1.02128 0.00411 1.01718 1.02703
1.19472 0.00385 1.19147 1.20205
0.22387 0.11199 0.12562 0.43915
0.58009 0.05562 0.52797 0.67423
0.12726 0.08741 0.03361 0.26110
0.38369 0.01863 0.35526 0.40602
0.84827 0.07410 0.76096 0.98161
1.11534 0.07081 1.06963 1.25618
0.70416 0.02769 0.67276 0.75421
0.82279 0.00722 0.81481 0.83529
1.36468 0.09676 1.30735 1.55773
0.92729 0.07651 0.83764 1.04827
0.39727 0.01992 0.36784 0.42428
0.80013 0.00977 0.78769 0.81706
0.02159 0.02700 -0.00183 0.07348
-0.00764 0.02567 -0.04346 0.03670
0.65279 0.07091 0.56442 0.73673
0.66700 0.05246 0.60396 0.76106
1.39245 0.25849 0.90543 1.68192
-0.83275 0.11264 -0.96718 -0.62574
0.56665 0.06260 0.47859 0.63928
0.29759 0.08651 0.15365 0.40387
