# avg	std	min	max
4.65708 0.03277 4.60891 4.70167
2.74212 0.09850 2.65058 2.91027
1.42440 0.06896 1.35626 1.55669
0.98702 0.13781 0.75513 1.15102
4.73934 1.31642 2.13742 5.73481
1.77890 0.78065 0.28708 2.43055
-0.07877 0.03151 -0.11436 -0.04081
1.31624 0.34586 0.98296 1.98632
0.68535 0.21215 0.43638 1.03412
3.70461 0.10892 3.51816 3.82084
4.01132 0.12402 3.88587 4.24503
3.34242 0.10837 3.13277 3.43947
1.13055 0.31567 0.88679 1.71602
2.72692 0.22116 2.45554 3.13179
3.60509 0.19714 3.28750 3.83636
4.67735 0.12224 4.52682 4.87406
4.67507 0.05628 4.58691 4.72755
2.30833 0.29648 2.03948 2.84617
3.85814 0.39863 3.35134 4.56696
2.51001 0.76109 1.03890 3.09810
7.85853 0.12021 7.65047 8.00731
3.35836 0.49484 2.95042 4.32463
11.10208 1.46093 9.17878 13.36460
