# avg	std	min	max
5.99196 0.01103 5.98277 6.01320
4.21184 0.01020 4.20071 4.22908
5.17672 0.26448 4.89791 5.57664
1.34852 0.02416 1.31657 1.37647
3.86391 0.05415 3.78049 3.93864
0.71703 0.01962 0.68138 0.73918
-0.01140 0.01965 -0.02768 0.02212
7.30138 1.65209 4.47754 9.40463
8.05671 0.07802 7.98185 8.19715
5.22888 0.00586 5.22426 5.24016
5.87371 0.19188 5.76965 6.25725
4.54278 0.01030 4.53338 4.55734
0.67262 0.03939 0.62975 0.73333
5.21793 0.02025 5.18991 5.23790
4.53199 0.22734 4.24377 4.72113
6.77542 0.00982 6.75859 6.78760
5.47877 0.00624 5.47142 5.48891
4.56743 0.16998 4.39595 4.82277
5.63475 1.07768 4.32086 7.36394
4.13421 0.01810 4.10893 4.16009
8.76066 0.01562 8.74464 8.78998
18.01212 1.44563 16.17670 20.55450
11.52556 0.49756 11.20950 12.51050
