# avg	std	min	max
4.29437 0.05597 4.25678 4.40363
2.45355 0.02886 2.43137 2.50982
1.58891 0.07569 1.50831 1.71240
3.31275 0.26297 3.10591 3.81699
4.77739 0.45886 4.25068 5.43025
-0.61913 0.01950 -0.63450 -0.58231
0.03056 0.03720 0.00000 0.08027
9.70842 0.45379 8.89889 10.29460
8.51841 1.54254 6.61406 9.80093
4.20341 0.45305 3.30143 4.51110
1.54454 0.01451 1.52428 1.56157
2.52322 0.05742 2.43791 2.59775
3.31392 0.01098 3.29711 3.32680
2.31538 0.05701 2.26888 2.39453
3.47930 0.10748 3.39938 3.68388
3.71596 0.00399 3.71131 3.72152
2.08516 0.06606 1.99006 2.19674
2.60658 0.52321 2.11381 3.50641
8.73031 1.14230 6.58992 9.96823
1.17008 0.02506 1.14223 1.21081
6.47110 0.23536 6.30121 6.92937
34.08788 2.24309 31.24070 36.52600
14.09128 2.39546 11.03770 18.28520
