# avg	std	min	max
6.32080 0.03613 6.25496 6.35868
4.55858 0.01789 4.53729 4.58579
4.81001 0.01644 4.78212 4.82662
1.53911 0.06628 1.47061 1.62006
4.82496 0.05476 4.76849 4.90225
1.57515 0.00967 1.56478 1.58871
-0.02233 0.01407 -0.03704 -0.00393
0.11851 0.07168 -0.02412 0.16766
12.93424 0.73264 12.16890 13.81740
5.17884 0.27241 5.02337 5.72313
5.52408 0.09312 5.33910 5.58549
4.85536 0.00971 4.84060 4.87103
0.06918 0.01029 0.05415 0.07889
5.38119 0.02756 5.33006 5.41001
4.13691 0.02158 4.10231 4.16774
6.07963 0.03014 6.01960 6.09661
5.16512 0.03493 5.13093 5.22788
4.71689 0.01733 4.69379 4.73450
3.62768 0.14456 3.47518 3.84185
3.69232 0.04184 3.65152 3.76926
8.07171 0.19285 7.86763 8.37230
9.91565 1.11727 8.42505 11.52450
12.29020 1.03865 11.19470 14.04760
