# avg	std	min	max
3.67836 0.01742 3.64353 3.68707
3.14676 0.00000 3.14676 3.14676
3.40405 0.03611 3.35830 3.44093
1.30797 0.03475 1.28625 1.37720
2.36081 0.04203 2.31461 2.41226
0.30379 0.11465 0.17389 0.48338
0.00007 0.00374 -0.00573 0.00609
3.93653 0.74524 3.29190 5.33192
8.62980 0.22381 8.38726 8.91562
3.28162 0.01317 3.26604 3.30603
3.06090 0.01685 3.02752 3.07196
3.15151 0.01798 3.13752 3.18706
2.30184 0.09227 2.14113 2.40905
3.73967 0.04205 3.70801 3.82209
2.94904 0.01398 2.93192 2.97124
3.97047 0.02879 3.93347 4.01016
4.09177 0.09380 3.95017 4.23651
4.53322 0.26456 4.25910 4.99515
4.38049 1.11368 2.97601 5.70436
2.83288 0.01250 2.81491 2.84990
7.18265 0.23145 6.74904 7.41743
9.20485 0.33656 8.85653 9.80913
9.57648 1.99019 7.45676 12.82480
