# avg	std	min	max
4.47176 0.05187 4.37240 4.52289
3.18098 0.01839 3.14855 3.20544
1.92611 0.03348 1.87005 1.95680
1.01805 0.00846 1.00369 1.02906
2.73941 0.43513 2.36241 3.30210
1.14245 0.08720 1.03229 1.23071
-0.00668 0.00903 -0.01821 0.00529
1.52662 0.20320 1.31140 1.78927
3.36605 0.02795 3.32794 3.39762
3.51564 0.02773 3.46838 3.54750
3.04495 0.04218 2.96805 3.08389
2.77359 0.02694 2.73948 2.80581
1.17315 0.06229 1.07329 1.26852
4.10171 0.01451 4.07395 4.11571
3.93666 0.02680 3.90433 3.96626
4.80681 0.01291 4.78817 4.82695
5.09552 0.03659 5.06262 5.16547
3.00851 0.48054 2.55770 3.92955
4.16777 0.12382 3.97891 4.33824
3.14327 0.20050 2.99489 3.54055
8.23921 0.40336 7.59854 8.83308
4.63090 1.80737 2.23364 7.56152
12.26752 0.41352 11.66900 12.89000
