# avg	std	min	max
6.36854 0.01953 6.34336 6.40335
4.96761 0.02269 4.93510 5.00527
4.36662 0.03380 4.32853 4.42405
1.71266 0.03312 1.66723 1.76646
2.99686 0.04763 2.94831 3.08279
1.49927 0.05854 1.43194 1.59468
-0.01381 0.01218 -0.03122 -0.00023
3.53402 2.01491 1.76442 7.26291
7.69063 0.08702 7.55299 7.77668
6.48687 0.01934 6.45414 6.51174
4.28579 0.05060 4.22337 4.36049
5.19266 0.04316 5.15211 5.27647
1.84651 0.19412 1.67113 2.20069
5.22736 0.01507 5.20464 5.24739
3.99915 0.08470 3.90245 4.14451
6.31776 0.02738 6.26492 6.34158
5.48842 0.05032 5.42799 5.55407
5.42223 0.05472 5.35570 5.49301
5.37243 0.73486 4.65065 6.43398
3.52470 0.09082 3.44957 3.69778
8.53719 0.12205 8.43676 8.77062
8.07180 1.43055 6.38705 10.72420
9.56134 0.10626 9.42944 9.72174
