# avg	std	min	max
5.80140 0.05719 5.68881 5.84411
4.72813 0.01300 4.70649 4.74207
4.55233 0.04024 4.47822 4.59710
2.00034 1.30703 1.01800 4.49382
3.67264 0.01489 3.65259 3.69364
1.39005 0.18962 1.05144 1.63893
-0.00647 0.02886 -0.03134 0.04987
3.53281 1.11044 1.78802 5.26101
3.76195 0.02798 3.73595 3.81585
5.40396 0.05781 5.32581 5.45744
5.60988 0.09729 5.45502 5.74297
4.45360 0.01124 4.43599 4.46631
0.73711 0.04051 0.69022 0.80167
5.18668 0.01999 5.15759 5.21300
4.92282 0.01531 4.89476 4.94098
6.59314 0.05192 6.50004 6.63451
5.23732 0.45473 4.75361 6.06461
4.03391 0.23578 3.63497 4.27325
5.04779 0.35877 4.52153 5.39988
3.65142 0.02429 3.62064 3.69189
8.29657 0.61150 7.08985 8.78375
3.15902 0.06894 3.06978 3.24827
7.81443 0.76988 6.92902 8.78267
