# avg	std	min	max
5.59086 0.03766 5.53362 5.64737
4.20899 0.02819 4.17296 4.24323
3.92533 0.09213 3.86093 4.10837
2.31098 0.15960 2.10074 2.52625
3.70814 0.39704 2.99931 4.05258
0.69093 0.07155 0.61825 0.81371
-0.00815 0.01538 -0.03689 0.00687
3.60448 0.39145 3.19751 4.35027
3.50867 0.22774 3.20620 3.72393
5.52686 0.01002 5.51163 5.54020
4.85802 0.00923 4.84745 4.87231
4.29444 0.00606 4.28772 4.30268
1.86606 0.13038 1.74447 2.04286
4.74166 0.23514 4.27157 4.86828
4.25944 0.11139 4.16125 4.41117
6.82012 0.08470 6.65240 6.88305
5.67400 0.03372 5.62318 5.72208
3.11500 0.57896 2.30582 3.92527
3.95636 0.50812 3.48251 4.87106
3.43544 0.06239 3.37046 3.53087
8.83328 0.11733 8.69157 9.02082
24.86546 3.47621 20.30860 30.16010
8.72095 0.45078 7.82080 8.97504
