# avg	std	min	max
2.56000 0.05610 2.48856 2.65452
2.09979 0.10604 2.02469 2.30891
1.79050 0.11465 1.61502 1.93385
0.23040 0.22067 -0.06070 0.54815
1.36415 0.07691 1.24089 1.46844
0.93316 0.02960 0.89802 0.97835
-0.01948 0.01583 -0.03989 0.00023
1.28683 0.00686 1.27912 1.29523
5.94310 0.29508 5.38108 6.22703
1.73699 0.09005 1.62490 1.85213
0.98335 0.06402 0.89518 1.08651
1.79408 0.05668 1.71044 1.85801
-0.21841 0.63210 -0.79976 0.60972
0.92813 0.05103 0.87550 1.01610
1.72837 0.26779 1.50901 2.10496
3.67367 0.03188 3.64163 3.72740
3.09833 0.04824 3.01002 3.14506
0.91177 0.05939 0.83801 0.98105
1.46474 0.06030 1.39199 1.56824
2.05262 0.12979 1.90913 2.29117
5.82626 0.04981 5.78420 5.91611
-0.18942 0.16792 -0.45145 0.07794
6.97920 0.25932 6.71506 7.44880
