# avg	std	min	max
2.01768 0.02853 1.96237 2.04038
1.25967 0.02350 1.22944 1.29158
1.16440 0.03639 1.11087 1.21417
0.04794 0.03087 0.00460 0.09478
0.40521 0.04509 0.33097 0.47071
0.04643 0.03374 -0.01113 0.08672
-0.00525 0.03328 -0.05997 0.04510
-0.02540 0.01286 -0.04582 -0.00658
1.53593 0.02975 1.47763 1.55991
2.03888 0.03966 2.00587 2.11311
2.26401 0.08009 2.12117 2.34966
1.63096 0.05949 1.51385 1.67488
0.32114 0.01925 0.30778 0.35865
1.96418 0.10035 1.80450 2.11242
2.10834 0.03870 2.07106 2.15623
2.72147 0.11575 2.49893 2.80346
2.02678 0.08441 1.87936 2.12748
0.79671 0.43545 0.22183 1.28848
0.96356 0.31202 0.48604 1.37445
1.49512 0.12837 1.34687 1.71388
3.61525 0.14503 3.33223 3.73938
-0.72211 0.18412 -0.90271 -0.38398
3.55998 0.12640 3.37903 3.68401
