# avg	std	min	max
3.34897 0.03217 3.30540 3.40354
2.40742 0.07716 2.33451 2.55531
1.26727 0.03158 1.23125 1.32053
1.01646 0.10950 0.89330 1.20677
1.08149 0.01226 1.05966 1.09424
0.00723 0.26136 -0.23446 0.44352
-0.01699 0.01786 -0.03797 0.00628
0.63104 0.01944 0.60234 0.65280
10.03029 0.54222 8.95584 10.38580
2.24626 0.02362 2.21866 2.28457
2.29455 0.01939 2.27445 2.32088
2.08520 0.05717 1.99199 2.14160
0.68259 0.01200 0.67022 0.70329
2.72262 0.04703 2.62859 2.74716
1.84812 0.11220 1.71100 2.04959
3.18153 0.06602 3.09387 3.29230
2.17557 0.35823 1.78492 2.78596
1.21568 0.22428 0.97861 1.50788
1.84164 0.10357 1.68699 2.00147
1.79998 0.02794 1.76253 1.83353
3.02855 0.07448 2.93603 3.13164
1.04649 0.10086 0.86383 1.12859
3.50858 0.48506 2.93982 4.38908
