# avg	std	min	max
5.05471 0.06348 4.95685 5.13346
5.01119 0.05695 4.95254 5.09987
4.81810 0.01702 4.79038 4.83968
2.03746 0.01390 2.02042 2.05892
4.87492 0.01718 4.85028 4.89851
1.65317 0.05098 1.58954 1.72354
-0.01587 0.01109 -0.03304 -0.00375
3.33441 0.65069 2.19042 4.16088
9.17341 0.26408 8.76270 9.41124
4.92216 0.02778 4.89221 4.96542
5.27438 0.05698 5.18275 5.36231
4.49220 0.01603 4.47114 4.51743
1.21989 0.01543 1.20059 1.24423
4.85012 0.13273 4.61201 4.98536
4.70734 0.05958 4.62278 4.79046
5.95733 0.02089 5.92489 5.99089
5.98227 0.07812 5.92473 6.13443
4.01219 0.27242 3.80557 4.54453
3.80160 0.58880 3.23075 4.79367
3.69696 0.04428 3.62998 3.76122
9.18528 0.09720 9.04702 9.31968
14.34500 2.03486 12.09970 17.96470
9.80623 0.07408 9.74971 9.94257
