# avg	std	min	max
4.11359 0.17554 3.91829 4.39435
2.69453 0.22193 2.36592 2.90674
2.21436 0.21264 1.88248 2.52581
1.98671 0.30129 1.45593 2.32827
1.98790 0.31734 1.46167 2.32252
1.06061 0.25429 0.90323 1.56764
-0.01942 0.00999 -0.03800 -0.01120
0.18932 0.04164 0.11994 0.22722
3.97834 0.06176 3.92326 4.09086
3.46415 0.12800 3.29265 3.63702
2.47571 0.22465 2.11432 2.72342
2.63998 0.10197 2.45255 2.74632
0.46725 0.03966 0.39172 0.50407
3.10866 0.17977 2.81362 3.30869
2.90287 0.31180 2.56248 3.29417
2.44633 0.19978 2.27062 2.80891
2.97601 0.30569 2.51495 3.31201
2.28903 0.14616 2.01505 2.44935
2.58801 0.34675 2.17420 3.05153
2.96524 0.21301 2.73957 3.28335
3.67732 0.26731 3.20993 4.01865
2.71595 0.54108 2.04542 3.45148
3.89997 0.35277 3.21050 4.16909
