# avg	std	min	max
6.34690 0.00244 6.34425 6.34990
4.42620 0.00070 4.42562 4.42752
4.41140 0.65402 3.16383 5.08152
1.63310 0.15263 1.39004 1.80911
4.63429 0.95183 3.84492 6.47714
0.87930 0.02128 0.85749 0.91995
-0.00344 0.00231 -0.00652 -0.00069
1.93018 0.01599 1.90755 1.95531
10.10663 0.16128 9.86959 10.29470
5.30048 0.27998 5.14565 5.85942
4.45598 0.00864 4.44940 4.47267
4.64016 0.00527 4.63245 4.64704
0.61043 0.40396 0.17441 1.10590
5.32290 0.01085 5.30802 5.34127
4.63443 0.24709 4.17288 4.86947
6.54564 0.02121 6.50695 6.56564
5.87107 0.09180 5.69817 5.96574
3.88611 0.11031 3.67835 3.97139
4.87477 0.48805 4.07846 5.43321
3.94897 0.00384 3.94394 3.95459
8.79423 0.01897 8.75691 8.80893
19.48628 3.41487 14.82610 24.85210
15.47072 1.22176 14.21030 17.79920
