# avg	std	min	max
6.23254 0.10852 6.02533 6.33036
4.64220 0.04455 4.55857 4.68447
2.63036 0.02018 2.60463 2.66562
1.79366 0.09657 1.64775 1.95044
2.62616 0.04630 2.54598 2.67836
1.24087 0.04401 1.20683 1.32745
-0.00673 0.00607 -0.01415 0.00297
4.27221 0.27434 3.92015 4.72884
3.42998 0.32082 3.14747 4.04730
5.48391 0.03060 5.43480 5.52853
4.63124 0.05807 4.58116 4.74412
4.64033 0.05962 4.55879 4.71080
2.77771 0.00674 2.76994 2.78992
5.04827 0.58556 3.88524 5.39844
4.59757 0.08034 4.50250 4.72509
6.79083 0.05725 6.71462 6.86667
6.26540 0.07058 6.18768 6.38293
3.38062 0.26518 2.91645 3.70456
4.01185 0.50804 3.52436 4.81816
3.63964 0.68898 2.67339 4.25393
11.65582 0.15864 11.41770 11.89140
19.65182 2.49571 16.97240 24.26700
11.47330 1.04492 10.27950 12.95600
