# avg	std	min	max
-0.00000 0.00000 -0.00000 -0.00000
-0.45437 0.00000 -0.45437 -0.45437
-0.20498 0.67978 -0.76636 0.68115
1.27689 0.28367 0.93190 1.73813
-0.08361 0.00866 -0.09974 -0.07426
-1.51922 0.04469 -1.59199 -1.45302
11.47235 1.27371 9.01754 12.57940
10.59706 1.65231 9.17061 13.08010
-1.30798 0.08477 -1.44773 -1.22273
-0.30213 0.00020 -0.30245 -0.30193
-0.64854 0.02730 -0.68935 -0.62491
-0.49571 0.00395 -0.49984 -0.49072
12.64522 0.23817 12.29150 12.86030
1.57835 0.10849 1.45968 1.70772
-0.57266 0.22179 -0.76054 -0.25175
1.22405 0.00313 1.21860 1.22764
-0.42551 0.57583 -0.94929 0.69210
-0.59541 0.81303 -1.44885 0.67019
-0.04462 0.41079 -0.62281 0.35108
9.25391 1.23111 8.17186 11.58300
3.78803 0.63442 3.25607 5.02596
17.46928 0.32427 16.94750 17.86910
4.33424 0.74834 3.43821 5.42127
