# avg	std	min	max
0.00000 0.00000 0.00000 0.00000
0.86575 0.00000 0.86574 0.86574
0.82246 0.04214 0.77017 0.88099
0.17443 0.26792 -0.18477 0.45120
0.48033 0.02253 0.44408 0.51076
0.50307 0.16874 0.33747 0.71250
-0.09054 0.09527 -0.20940 0.04857
0.01081 0.11292 -0.15050 0.13267
0.19697 0.11059 0.10575 0.40633
0.39925 0.02169 0.38153 0.44200
0.74099 0.03457 0.67830 0.78158
0.31430 0.00099 0.31248 0.31514
0.13982 0.16075 -0.03725 0.40048
-0.01051 0.05698 -0.05681 0.08685
0.45668 0.08195 0.29878 0.52536
0.13738 0.03548 0.09505 0.18539
0.78319 0.07077 0.66436 0.87420
0.27840 0.09519 0.10182 0.38506
0.08183 0.18319 -0.21038 0.25987
0.48797 0.04022 0.42036 0.52726
1.39020 0.05714 1.31381 1.44455
0.14026 0.24347 -0.14811 0.48006
1.70027 0.06052 1.63313 1.81190
