# avg	std	min	max
0.00000 0.00000 0.00000 0.00000
1.56955 0.04769 1.52488 1.65888
12.27404 0.73746 11.52160 13.51320
18.96064 1.02982 17.44140 20.42420
16.00714 0.09917 15.85690 16.10330
13.15492 1.31159 11.67800 14.85020
30.91416 0.27253 30.70650 31.44120
37.44956 2.43001 34.56400 40.15730
9.64934 0.65219 9.10500 10.91690
5.61752 0.12833 5.47167 5.77544
10.61858 0.64085 9.84138 11.79140
6.71466 0.50404 5.79839 7.20624
34.72822 1.35341 33.04230 36.35040
14.05936 0.66085 13.29370 14.86030
16.75176 0.89742 15.66330 18.11960
16.22478 1.82766 14.42440 18.72110
16.17526 1.60346 13.77040 18.58280
18.56330 1.76872 15.23370 20.20940
28.05164 1.37392 26.12090 30.03480
29.54666 0.62304 28.64800 30.28780
21.77718 0.94662 20.16140 22.82540
32.36164 2.09698 29.84530 35.23320
32.84788 0.65662 32.24400 34.10950
