# avg	std	min	max
0.00000 0.00000 0.00000 0.00000
0.35942 0.00000 0.35942 0.35942
1.76898 0.13870 1.69886 2.04638
-0.23340 0.06672 -0.34436 -0.16160
1.59710 0.03219 1.55935 1.65651
0.09540 0.01913 0.07049 0.12835
0.26334 0.56883 -0.16406 1.33959
0.92719 0.10178 0.84249 1.12718
-2.00671 0.00339 -2.01055 -2.00053
1.26062 0.03411 1.19293 1.28347
2.41100 0.12277 2.31062 2.56136
0.72997 0.01489 0.71846 0.75724
0.94557 0.46777 0.03893 1.39149
1.28342 0.00155 1.28154 1.28603
0.48623 0.01675 0.45467 0.50497
1.45712 0.09167 1.27379 1.50477
-0.25198 0.01143 -0.26374 -0.23577
0.17231 0.13045 -0.06821 0.32242
0.19780 0.40017 -0.12216 0.98075
1.35290 0.20052 0.96820 1.52004
1.72889 0.50699 0.71536 2.01112
0.30350 0.42958 -0.33569 0.97235
3.06225 0.83216 2.54719 4.72001
