# avg	std	min	max
0.00000 0.00000 0.00000 0.00000
2.03478 0.00000 2.03478 2.03478
4.28709 0.01982 4.26349 4.31189
2.37156 0.03613 2.30888 2.41576
4.26719 0.00984 4.24759 4.27357
1.96317 0.02953 1.90934 1.99114
2.46848 0.03963 2.41911 2.54044
2.41805 0.02958 2.36321 2.44508
4.78387 0.03543 4.72503 4.82538
2.43149 0.00106 2.43069 2.43355
4.17014 0.00957 4.16148 4.18878
2.44660 0.00022 2.44630 2.44696
2.49242 0.01547 2.46534 2.50440
2.17250 0.00648 2.16784 2.18503
2.20718 0.29649 1.66002 2.45928
1.92668 0.00767 1.92250 1.94201
2.40162 0.01408 2.37789 2.42050
2.25952 0.03109 2.20896 2.29363
2.40193 0.02488 2.35811 2.43541
2.71067 0.01931 2.68686 2.73269
3.06757 0.01299 3.04677 3.08044
2.36404 0.02048 2.34743 2.40384
5.24698 0.03120 5.21017 5.28451
