# avg	std	min	max
0.00000 0.00000 0.00000 0.00000
0.26114 0.11040 0.11138 0.36897
2.96575 0.34397 2.69952 3.63778
-0.93045 0.29708 -1.34699 -0.54051
4.58533 0.79131 3.52500 5.57281
0.21271 0.73076 -1.15238 1.02964
7.57388 0.59197 6.77514 8.45096
11.57214 0.59891 10.67450 12.23610
3.12831 0.07551 3.04015 3.26110
1.98167 0.14456 1.71709 2.13137
1.03818 0.20282 0.66824 1.28655
0.04969 0.29648 -0.27471 0.54829
11.00871 0.90274 9.21446 11.60830
0.60546 0.32355 0.36635 1.24155
2.09418 1.25418 0.86998 4.21985
1.42965 0.19410 1.22536 1.67221
2.82742 1.23155 1.53850 4.59002
1.50087 0.38448 0.97120 2.16916
1.89938 0.41490 1.28786 2.42292
5.83849 0.46615 4.97437 6.36576
6.76682 2.27320 4.50405 9.68225
13.27102 0.80606 12.22710 14.54400
8.42604 0.38714 7.87401 8.82765
