# avg	std	min	max
0.00000 0.00000 0.00000 0.00000
0.05883 0.00000 0.05883 0.05883
-0.06082 0.00496 -0.07068 -0.05774
-0.36510 0.03756 -0.42046 -0.32652
-0.04522 0.00197 -0.04879 -0.04351
1.37623 0.02840 1.32392 1.40317
-0.52409 0.01576 -0.54772 -0.50522
-0.24955 0.00890 -0.26153 -0.23641
1.25556 0.00384 1.25344 1.26323
0.06284 0.00006 0.06277 0.06292
-0.07896 0.00006 -0.07904 -0.07886
0.08192 0.00281 0.07812 0.08634
-0.50544 0.00368 -0.50732 -0.49809
-0.06213 0.00008 -0.06224 -0.06203
-0.50827 0.00330 -0.51108 -0.50182
-0.08973 0.00000 -0.08973 -0.08972
-0.14892 0.00991 -0.15986 -0.13162
-1.05173 0.14795 -1.25047 -0.79960
-0.83322 0.15942 -1.13848 -0.67224
-0.21807 0.00139 -0.22032 -0.21651
0.18726 0.00826 0.17226 0.19380
-0.68354 0.00973 -0.69533 -0.67159
0.14957 0.00809 0.14317 0.16265
