# avg	std	min	max
0.00000 0.00000 0.00000 0.00000
-0.05254 0.00000 -0.05254 -0.05254
0.20646 0.00162 0.20499 0.20855
-0.04377 0.01438 -0.07064 -0.02832
0.23450 0.00117 0.23356 0.23671
0.12640 0.01271 0.10685 0.14141
-0.03374 0.01180 -0.04823 -0.01937
0.05187 0.00425 0.04422 0.05620
-0.90558 0.00079 -0.90706 -0.90469
-0.11262 0.00002 -0.11265 -0.11259
0.19072 0.00002 0.19071 0.19075
0.23920 0.00007 0.23913 0.23930
-0.01357 0.02429 -0.04545 0.02108
-0.07247 0.00664 -0.08224 -0.06498
-0.05061 0.01213 -0.06435 -0.03303
-0.14129 0.00100 -0.14216 -0.14002
-0.09930 0.00406 -0.10320 -0.09153
-0.04793 0.02037 -0.07022 -0.01666
-0.16590 0.08786 -0.31871 -0.08752
0.11655 0.00488 0.10863 0.12044
-0.03430 0.00385 -0.04031 -0.02819
-0.15739 0.04525 -0.22520 -0.09714
0.36998 0.00292 0.36730 0.37370
