# avg	std	min	max
0.00000 0.00000 0.00000 0.00000
3.51629 0.00000 3.51629 3.51629
4.53550 0.00037 4.53527 4.53623
3.67931 0.00546 3.66874 3.68326
4.39422 0.00006 4.39413 4.39433
3.53487 0.00673 3.52714 3.54328
3.47990 0.01380 3.45230 3.48684
3.55660 0.01240 3.54065 3.57637
6.86670 0.27980 6.56558 7.22679
2.16710 0.00747 2.16325 2.18204
4.46638 0.00694 4.46209 4.48023
3.63131 0.00156 3.62959 3.63321
3.48448 0.00480 3.47490 3.48744
3.60699 0.00845 3.60240 3.62387
3.58848 0.01562 3.56918 3.61199
3.78453 0.00674 3.77917 3.79746
3.58853 0.01365 3.57247 3.60959
3.55648 0.01027 3.54430 3.57521
3.47081 0.02489 3.43203 3.49302
3.68915 0.00204 3.68618 3.69195
2.36659 0.00443 2.36077 2.37174
3.31204 0.02107 3.29539 3.35105
4.73940 0.04725 4.67656 4.79138
