# avg	std	min	max
0.00000 0.00000 0.00000 0.00000
-0.55400 0.00184 -0.55547 -0.55122
-0.53935 0.01591 -0.56597 -0.52039
-1.42281 0.17916 -1.67668 -1.27443
-0.96255 0.15874 -1.08430 -0.65187
-2.37245 0.22621 -2.62970 -2.09542
-1.97080 0.00738 -1.98556 -1.96688
-1.09651 0.27833 -1.50113 -0.80433
5.54656 0.25272 5.25941 5.87248
-0.73169 0.04978 -0.77176 -0.63626
-0.37788 0.35666 -0.75890 0.12736
-0.79520 0.04004 -0.84821 -0.74995
-1.30805 0.02088 -1.32595 -1.26729
-0.79918 0.32031 -1.21678 -0.53244
-0.74747 0.05841 -0.81061 -0.65737
0.13272 0.07048 0.07178 0.27085
-0.47160 0.02233 -0.49665 -0.43409
-1.11130 0.02499 -1.14276 -1.08626
-1.46098 0.08613 -1.59254 -1.33835
-0.41482 0.00646 -0.42144 -0.40576
0.70592 0.33867 0.30834 1.14484
4.15835 0.56521 3.58760 5.23232
1.89638 0.46915 1.20607 2.46330
