# avg	std	min	max
-0.00000 0.00000 -0.00000 -0.00000
3.58148 0.00502 3.57786 3.59132
8.80668 1.23047 7.97353 11.24640
10.79412 0.53952 10.06930 11.60220
13.64740 0.98215 11.81470 14.56790
10.80277 3.43540 6.67486 17.00380
24.62738 2.99281 22.96880 30.60760
34.20190 2.54796 31.01520 37.49070
8.90156 1.24756 6.43729 9.88039
3.40326 1.31475 2.59663 6.01390
8.80793 0.30025 8.51003 9.23290
6.13006 0.91748 5.16009 7.76607
28.59552 3.80961 25.66750 35.95310
11.23366 1.15939 9.42040 12.53190
16.00876 1.55572 13.24990 17.65340
13.80424 0.57156 13.13740 14.85000
17.88048 2.42025 15.18570 22.41550
17.98444 2.06199 14.90570 21.20760
24.01340 2.06908 20.52120 26.24610
29.51024 0.62037 28.75040 30.10740
22.49316 1.30118 20.91610 23.88170
48.11274 4.26185 41.24260 54.28270
28.94182 1.01362 27.77340 30.11430
