# avg	std	min	max
-0.00000 0.00000 -0.00000 0.00000
6.69714 0.00892 6.68080 6.70814
19.46030 0.00245 19.45830 19.46480
20.55642 1.43942 18.20320 22.24120
21.98522 0.07420 21.89280 22.09720
13.60746 0.94687 12.36890 15.01280
39.46232 10.76574 21.74300 48.40500
49.54858 0.75627 48.55770 50.88920
11.97644 0.08478 11.83810 12.08210
12.41306 0.25323 11.97510 12.60600
15.19392 0.33191 14.53080 15.37230
11.69528 0.05453 11.59830 11.74580
45.17812 1.23812 44.06820 46.74290
15.48360 0.70816 14.91120 16.83290
16.81838 2.49191 14.57450 21.46690
18.90594 0.09147 18.73500 18.99310
17.07660 0.91587 15.83510 18.62750
23.15378 0.89473 22.26330 24.65080
22.26430 2.84087 18.75180 24.87560
35.05000 1.47687 32.78020 36.24430
21.29044 0.39119 20.72990 21.75180
42.38656 1.55703 40.84660 44.69650
27.93486 0.27370 27.50250 28.33280
