# avg	std	min	max
0.00000 0.00000 0.00000 0.00000
0.92360 0.00007 0.92354 0.92371
2.39089 0.06589 2.35457 2.52249
1.01657 0.01314 0.99641 1.03462
2.04640 0.01351 2.02064 2.06073
0.95685 0.35569 0.52182 1.28880
0.95933 0.04185 0.89928 0.99680
2.21598 0.15303 2.06137 2.42078
-0.77952 0.03309 -0.80629 -0.71462
1.16327 0.00121 1.16175 1.16481
2.83820 0.00090 2.83742 2.83989
1.49795 0.00030 1.49743 1.49828
-0.53347 0.04956 -0.61681 -0.48332
1.34448 0.00170 1.34254 1.34742
1.30866 0.03166 1.25070 1.34755
1.40467 0.00309 1.39958 1.40844
1.98158 0.00402 1.97499 1.98711
1.14287 0.05755 1.07217 1.24501
1.45808 0.08607 1.34067 1.54195
1.42051 0.03950 1.37106 1.45300
2.44407 0.05664 2.39252 2.55264
2.18909 0.15838 1.92211 2.41930
4.37893 0.34325 4.06772 4.95316
