# avg	std	min	max
-0.00000 0.00000 -0.00000 -0.00000
3.39391 0.00000 3.39391 3.39391
6.02294 0.08021 5.91605 6.08849
4.06169 0.00722 4.05695 4.07586
5.70072 0.11072 5.63312 5.92046
3.29455 0.04321 3.20947 3.32604
3.51327 0.07454 3.37920 3.58890
3.02149 0.04606 2.94072 3.08075
8.70308 0.03005 8.66551 8.75590
4.21367 0.00644 4.21032 4.22654
6.52290 0.12168 6.36611 6.62532
4.12038 0.00041 4.11997 4.12104
3.84988 0.00383 3.84403 3.85348
3.97262 0.12796 3.86679 4.14321
3.98417 0.00346 3.97742 3.98682
4.97134 0.00163 4.96962 4.97396
4.56706 0.01015 4.55884 4.58417
4.44532 0.07132 4.30632 4.49131
3.84507 0.03171 3.79469 3.88423
4.66025 0.06942 4.59757 4.79054
5.05101 0.04759 4.98763 5.09338
3.38293 0.15411 3.16276 3.52904
7.20556 0.71651 6.52168 8.14961
