# avg	std	min	max
0.00000 0.00000 0.00000 0.00000
-0.66258 0.00000 -0.66258 -0.66258
0.02611 0.41467 -0.63513 0.62118
-0.12225 0.43854 -0.69907 0.35738
-0.47166 0.33791 -0.92788 0.00994
-0.65787 0.23506 -1.00603 -0.40192
-2.22844 0.05048 -2.27279 -2.12983
0.39834 0.12449 0.15820 0.49264
3.72294 0.16964 3.59537 4.05318
-0.98470 0.00087 -0.98578 -0.98344
-0.82391 0.02730 -0.86637 -0.78740
-0.89217 0.05546 -1.00258 -0.85439
-0.98057 0.42410 -1.75973 -0.66334
0.39943 0.55317 -0.24347 1.27658
0.41691 0.50246 -0.11642 1.14969
0.66992 0.11222 0.49338 0.80974
0.89068 0.25999 0.41432 1.15884
-0.65097 0.11639 -0.72754 -0.42011
-0.67085 0.21182 -0.85486 -0.25897
1.14615 0.17381 0.89971 1.33651
0.84943 0.17434 0.51066 0.98563
2.25637 0.36206 1.72885 2.84015
2.83303 0.42025 2.48212 3.62111
