# avg	std	min	max
0.00000 0.00000 0.00000 0.00000
1.26054 0.00729 1.25469 1.27144
3.24015 0.08694 3.13318 3.34685
2.80419 0.29706 2.42779 3.31566
3.06487 0.18561 2.74646 3.29700
1.88855 0.03607 1.83636 1.94174
0.65999 0.51843 -0.09197 1.43076
3.74961 0.10072 3.58357 3.87718
1.54929 0.07859 1.40471 1.64308
0.18816 0.00544 0.17805 0.19446
1.65532 0.17265 1.46139 1.86454
2.02923 0.00030 2.02880 2.02972
1.35864 0.80057 0.48673 2.72332
1.27706 0.15653 1.05824 1.53173
1.75346 0.46017 1.23005 2.55075
2.71671 0.04448 2.66287 2.78183
3.20567 0.15651 3.10705 3.51757
1.48785 0.05624 1.40689 1.56329
1.41855 0.18872 1.20942 1.77211
1.89850 0.13185 1.64217 2.02114
3.70990 0.04962 3.61506 3.74977
4.40047 1.47027 2.65551 6.09377
5.94447 0.18662 5.61227 6.12611
