# avg	std	min	max
0.00000 0.00000 0.00000 0.00000
-0.22833 0.00000 -0.22833 -0.22833
0.53018 0.08447 0.41097 0.66847
0.02956 0.07969 -0.10501 0.14047
0.47786 0.06522 0.39252 0.59007
0.02844 0.09277 -0.09604 0.13231
-0.21784 0.20296 -0.54434 0.05460
0.22607 0.13352 -0.00087 0.41374
-0.28132 0.01243 -0.30258 -0.26931
0.17736 0.07931 0.13495 0.33594
0.42446 0.10398 0.28244 0.54403
0.07967 0.03288 0.05153 0.13862
-0.36884 0.17685 -0.66986 -0.14213
0.55576 0.13086 0.29429 0.62992
0.27472 0.07967 0.16435 0.36367
0.74461 0.07778 0.60749 0.82697
-0.01965 0.13082 -0.15913 0.20076
0.46982 0.08924 0.32899 0.55813
0.10289 0.41048 -0.36295 0.66813
0.72880 0.05539 0.62531 0.78702
0.72674 0.13426 0.55863 0.92905
0.14531 0.04639 0.08706 0.22717
1.88863 0.10932 1.72275 2.03357
