# avg	std	min	max
-0.00000 0.00000 -0.00000 -0.00000
3.23530 0.02966 3.19543 3.28673
13.12386 0.18847 12.76250 13.27690
9.30994 0.34933 8.80993 9.78552
13.83478 0.19218 13.56600 14.06530
6.22486 1.55464 5.15520 9.28061
14.58138 1.95007 12.77890 17.51550
15.47058 0.72591 14.84180 16.87520
13.03108 1.24708 11.96400 15.41740
5.21464 0.35528 4.66907 5.76054
12.36082 0.10012 12.17230 12.44330
5.80096 0.30822 5.26673 6.13511
15.81176 0.76401 14.76120 16.79320
10.35403 1.05326 8.82406 11.41050
6.17634 0.62330 5.55032 7.36079
10.37470 0.30907 10.00730 10.90990
7.19790 0.64906 6.61872 8.30864
6.56399 0.34324 5.89845 6.82747
7.06803 0.71555 6.51356 8.45303
20.73332 1.71342 18.41280 22.89980
8.72179 0.82934 7.67722 10.04820
17.90374 1.42652 15.64780 19.34950
19.64296 0.82188 18.67500 20.98980
