# avg	std	min	max
0.00000 0.00000 0.00000 0.00000
1.90252 0.02343 1.87853 1.94687
13.04294 0.33214 12.49780 13.33180
18.55480 0.54809 17.48310 18.95790
20.11332 0.40830 19.49530 20.67840
15.86350 0.91043 14.60390 16.61520
54.10054 2.55118 49.00690 55.65180
61.16876 1.52406 59.13260 63.25720
14.01678 0.25890 13.61410 14.38510
2.42562 0.09120 2.30150 2.57628
9.01649 0.08586 8.94662 9.17066
8.51572 0.24865 8.16258 8.77870
55.04252 2.60002 51.23980 58.99260
17.16372 0.91674 16.18400 18.43510
22.18454 0.68819 21.58910 23.52470
17.93184 0.67637 17.49020 19.27200
24.43578 1.67335 21.25770 25.75880
25.03596 0.84686 24.32650 26.33480
30.49622 2.68162 26.93020 33.32080
43.51584 0.89048 41.83700 44.34680
27.91162 1.09484 26.86340 29.85720
40.84404 1.43582 38.84470 42.60890
39.41018 1.58515 37.10960 41.51250
