# avg	std	min	max
0.00000 0.00000 0.00000 0.00000
1.76326 0.00000 1.76326 1.76326
1.92115 0.00039 1.92079 1.92169
1.85937 0.00826 1.85412 1.87577
1.84605 0.00082 1.84521 1.84752
1.45594 0.07169 1.37250 1.54401
1.87083 0.00163 1.86915 1.87392
1.74826 0.06907 1.61141 1.79469
3.85187 0.05208 3.79108 3.92084
1.59578 0.00169 1.59359 1.59756
1.99224 0.00066 1.99186 1.99357
1.75796 0.00382 1.75599 1.76560
1.89420 0.00683 1.88578 1.90433
1.46370 0.01831 1.44489 1.49000
1.47064 0.14042 1.20062 1.56342
1.78609 0.01617 1.76586 1.80259
1.48380 0.06109 1.44587 1.60403
1.38449 0.03828 1.33625 1.43114
1.26935 0.07246 1.17849 1.34206
1.61862 0.11421 1.50959 1.83416
1.87956 0.00721 1.86877 1.88991
1.54329 0.00626 1.53212 1.54992
2.02954 0.14170 1.89974 2.29743
