# avg	std	min	max
0.00000 0.00000 0.00000 0.00000
-0.71574 0.00000 -0.71574 -0.71574
-0.51081 0.08243 -0.63050 -0.42709
-1.35583 0.00700 -1.36004 -1.34184
-1.25660 0.01041 -1.27741 -1.25083
-1.54532 0.05553 -1.58460 -1.43514
-1.32378 0.02730 -1.37581 -1.29944
-1.54546 0.13404 -1.69178 -1.31867
3.43113 0.91703 2.66248 5.07102
-0.19685 0.00025 -0.19732 -0.19661
-0.13440 0.00466 -0.13935 -0.12553
0.00121 0.01007 -0.01131 0.00952
-1.22852 0.01585 -1.24605 -1.20570
-0.81236 0.00882 -0.82198 -0.79867
-1.11736 0.03745 -1.19177 -1.09264
-0.80520 0.00385 -0.80883 -0.79912
-1.19923 0.00807 -1.21146 -1.18883
-0.99838 0.01471 -1.02418 -0.97881
-0.66740 0.01363 -0.68373 -0.65097
-0.87077 0.02270 -0.88618 -0.82610
-0.83509 0.00421 -0.83781 -0.82676
-1.86262 0.24084 -2.33316 -1.70232
-0.61465 0.00582 -0.62036 -0.60467
