# avg	std	min	max
-0.00000 0.00000 -0.00000 -0.00000
-1.16189 0.00790 -1.16806 -1.14628
0.27253 0.06095 0.18639 0.35437
-1.19733 0.05665 -1.29249 -1.13125
0.34408 0.13657 0.14111 0.56646
-0.95379 0.21928 -1.19253 -0.61918
2.78361 1.86443 0.99509 6.22568
1.15560 0.80900 0.39037 2.65961
-0.83363 0.06666 -0.95479 -0.76874
-0.91917 0.02756 -0.95742 -0.88292
-0.62900 0.03088 -0.68539 -0.59911
-0.11622 0.05636 -0.18153 -0.01890
3.54302 1.05141 2.55576 5.43840
-1.46307 0.07681 -1.56770 -1.33085
-0.54497 0.08132 -0.64586 -0.42747
3.35450 0.07560 3.25426 3.42008
1.34404 0.18538 1.02015 1.54637
-0.64663 0.08847 -0.79969 -0.56150
-1.71851 0.73303 -2.37473 -0.36569
1.23005 0.16725 0.97811 1.45835
3.92190 0.14191 3.77940 4.10016
4.00181 0.72881 3.17101 5.16882
6.46921 0.04142 6.41167 6.53785
