# avg	std	min	max
0.00000 0.00000 0.00000 0.00000
0.02574 0.04166 -0.03526 0.08506
3.48461 0.51159 2.65840 4.17669
5.22196 1.35731 2.74499 6.56411
3.34419 0.93284 2.09973 4.34795
2.37145 1.64378 0.45083 4.94486
9.12718 1.09879 7.76384 10.70540
13.34433 2.11041 9.61055 16.09050
4.33308 0.27280 3.90084 4.65129
1.43137 0.01988 1.40743 1.46413
3.89129 0.85610 2.98916 5.42946
0.70311 0.07219 0.58622 0.77896
12.40324 2.26969 8.27232 14.55520
1.50860 0.74003 0.96562 2.95431
3.77369 0.82111 2.58677 4.91678
6.25829 0.64022 5.50882 7.45055
4.26965 0.91868 3.01953 5.76408
5.38569 1.26028 4.15444 7.42672
7.89175 0.83094 6.71193 9.14480
13.76864 1.85168 11.04380 15.34240
7.25290 0.20770 6.85083 7.41761
36.90726 0.74797 35.43720 37.46760
11.30734 0.19237 10.97810 11.54250
