# avg	std	min	max
1.49751 0.20858 1.08917 1.65035
0.44405 0.03854 0.38919 0.50983
1.71383 0.04920 1.66304 1.80546
-0.43755 0.09421 -0.54995 -0.27670
2.10247 0.83609 0.57914 3.04305
-0.64083 0.24047 -0.97873 -0.35766
-0.86302 0.15996 -1.16015 -0.72549
-0.65543 0.19996 -0.92434 -0.43838
1.16692 0.08086 1.05679 1.25975
1.01535 0.42820 0.19455 1.40752
1.34321 0.17201 1.10637 1.63992
0.49386 0.22870 0.05513 0.70772
-0.82251 0.21393 -1.04987 -0.46703
-0.41420 0.25691 -0.65493 -0.00453
-0.50903 0.16452 -0.69218 -0.25371
1.90200 0.16481 1.70073 2.14093
0.90438 0.24710 0.71329 1.37431
-0.57739 0.27445 -1.03677 -0.31605
-0.31434 0.17340 -0.53222 -0.08665
-0.08317 0.12420 -0.30031 0.05302
2.54631 0.18618 2.19181 2.70505
-0.54034 0.15003 -0.73768 -0.38163
5.61984 1.16306 4.40218 7.76601
