# avg	std	min	max
0.00333 0.00024 0.00321 0.00381
0.19812 0.00001 0.19811 0.19814
0.05730 0.00060 0.05620 0.05791
0.12489 0.00007 0.12479 0.12499
-0.01612 0.00105 -0.01744 -0.01499
0.32095 0.01002 0.31551 0.34097
-0.05865 0.00047 -0.05914 -0.05779
0.11781 0.01043 0.10698 0.13637
1.93022 0.00849 1.92005 1.94015
0.35103 0.00403 0.34436 0.35422
-0.03800 0.00094 -0.03884 -0.03677
0.32005 0.00326 0.31835 0.32656
0.07259 0.00131 0.07167 0.07514
0.08543 0.00018 0.08531 0.08578
0.19307 0.02043 0.16198 0.21682
-0.25521 0.00618 -0.26130 -0.24334
-0.14573 0.04306 -0.20244 -0.07773
0.03235 0.00282 0.02907 0.03623
0.17081 0.00471 0.16492 0.17735
0.01951 0.00023 0.01913 0.01974
0.56884 0.00071 0.56765 0.56959
0.10720 0.02381 0.08626 0.14407
0.48916 0.01097 0.47180 0.50065
