# avg	std	min	max
2.47443 0.01829 2.44126 2.49689
1.03559 0.00383 1.03089 1.04128
-0.32392 0.07474 -0.41938 -0.23551
-1.23987 0.10740 -1.32837 -1.03193
2.79585 0.53846 2.11010 3.29505
-1.27232 0.17005 -1.53638 -1.07001
-1.99084 0.00494 -1.99845 -1.98313
-1.54341 0.01914 -1.56941 -1.51158
3.58171 0.03914 3.50991 3.62939
1.55179 0.00996 1.53685 1.56769
1.35680 0.00110 1.35575 1.35887
0.95634 0.03528 0.88609 0.98010
-1.47004 0.01704 -1.48431 -1.43682
1.05681 0.02665 1.00440 1.07882
1.16498 0.16771 1.02487 1.48732
3.24152 0.02711 3.20300 3.27586
1.88029 0.05694 1.80442 1.94595
-0.03720 0.22370 -0.36433 0.28854
-0.00628 0.74613 -0.94317 0.73390
0.04147 0.01022 0.02390 0.05404
5.03170 0.48237 4.18591 5.43914
-1.71403 0.03333 -1.75860 -1.67357
8.75900 0.65721 7.92831 9.63569
