# avg	std	min	max
3.70710 0.01327 3.68821 3.72374
1.96135 0.02416 1.92541 1.99485
3.40846 0.34619 2.99222 3.93829
0.80201 0.58856 0.09117 1.72652
2.46611 0.16051 2.24870 2.72717
-0.31406 0.02876 -0.36438 -0.28561
-0.98235 0.05216 -1.05572 -0.92246
-0.88930 0.03653 -0.93221 -0.82138
3.52277 0.04847 3.42809 3.55821
1.39327 0.01766 1.36642 1.41725
1.74068 0.67996 1.16050 2.64312
1.48943 0.01669 1.46209 1.50555
0.20722 0.16982 0.01468 0.42766
1.35608 0.01432 1.33420 1.37627
1.12448 0.06893 1.04423 1.20819
1.91221 0.01084 1.90186 1.92723
1.93699 0.01097 1.92693 1.95740
1.29434 0.02643 1.24606 1.32446
1.21809 0.11941 1.06592 1.34552
-0.00752 0.01455 -0.02651 0.01018
5.20200 0.50590 4.55278 5.73048
1.02302 0.69217 -0.09731 1.67290
8.56809 2.35410 7.12268 13.24990
