# avg	std	min	max
3.08658 0.01358 3.07145 3.10680
1.57069 0.02211 1.54453 1.60624
0.17599 0.05311 0.08554 0.23136
-0.95331 0.26108 -1.21857 -0.47754
-0.56062 0.08203 -0.68264 -0.43531
-1.18843 0.07355 -1.23991 -1.04482
-0.26311 0.01665 -0.28374 -0.23589
4.43965 1.13136 3.26543 6.50766
1.22572 0.05272 1.16947 1.31447
1.14421 0.09976 0.99501 1.25577
0.22015 0.13569 0.01028 0.41147
1.71345 0.00880 1.70281 1.72336
3.08280 0.37000 2.86027 3.82175
1.03856 0.09413 0.94535 1.15590
1.42105 0.07023 1.30331 1.48955
3.13104 0.06712 3.04546 3.22051
3.29843 0.12479 3.15101 3.48614
0.27862 0.23314 0.05636 0.67766
1.20197 1.59067 -1.26766 2.62518
-0.05523 0.00543 -0.06210 -0.04683
7.21781 0.15719 7.01408 7.43763
31.74150 1.58347 29.77610 34.22510
9.35186 1.11075 7.45856 10.51780
