# avg	std	min	max
1.23823 0.02244 1.22701 1.28311
0.92345 0.02673 0.89631 0.95778
2.65008 0.09003 2.47630 2.73875
-1.00793 0.01917 -1.02750 -0.97507
2.47975 0.11675 2.37084 2.66715
-1.09733 0.01409 -1.11193 -1.07659
-1.24671 0.02092 -1.28753 -1.22827
0.51638 0.01959 0.49857 0.54958
4.53671 0.10541 4.37225 4.68737
0.92988 0.29982 0.74862 1.52064
1.79024 0.32053 1.61209 2.43036
0.40610 0.01793 0.39027 0.43554
-1.42581 0.02675 -1.45188 -1.37513
-0.37169 0.06181 -0.46380 -0.28329
0.35205 0.09497 0.22745 0.51285
2.18096 0.01899 2.15725 2.20207
1.47430 0.02627 1.43941 1.52032
-1.98005 0.21330 -2.26975 -1.66458
0.13890 0.12400 -0.01771 0.27188
-0.02672 0.03159 -0.07149 0.01453
3.80613 0.02689 3.77312 3.84718
0.00094 0.08785 -0.13852 0.10615
3.67674 0.06631 3.54726 3.73223
