# avg	std	min	max
1.66167 0.00175 1.65942 1.66400
1.02899 0.00247 1.02773 1.03393
1.27024 0.05027 1.21860 1.36442
-0.26639 0.03383 -0.30987 -0.23201
0.75982 0.09553 0.57736 0.84820
-0.48802 0.07598 -0.56852 -0.38420
-0.36687 0.25357 -0.81174 -0.17190
0.86523 0.00699 0.85843 0.87648
5.52607 0.43324 4.83484 6.02825
1.21668 0.00469 1.21272 1.22389
0.83133 0.01744 0.81051 0.85377
0.64223 0.00008 0.64214 0.64235
-0.15560 0.12995 -0.29428 0.08479
0.13730 0.00747 0.12625 0.14558
0.46766 0.00738 0.45435 0.47612
1.37304 0.02668 1.33977 1.41277
1.04758 0.03929 0.99784 1.10381
0.45267 0.53222 -0.61081 0.75544
0.07636 0.43285 -0.32943 0.91332
-0.01572 0.01635 -0.03601 0.01267
2.89095 0.22832 2.57128 3.13744
-1.17877 0.29750 -1.49463 -0.62133
5.51831 0.12124 5.37425 5.71368
