# avg	std	min	max
2.34754 0.10114 2.24446 2.51639
1.35812 0.08953 1.23215 1.49633
1.19819 0.13502 0.96329 1.37291
0.28304 0.13570 0.02917 0.38658
0.73788 0.04660 0.67260 0.81145
0.02025 0.05573 -0.03988 0.11348
-0.90730 0.04658 -0.96085 -0.83537
0.67916 0.18478 0.43295 0.90624
0.59111 0.10779 0.46826 0.72133
2.03834 0.06106 1.94769 2.12947
1.86402 0.17247 1.68253 2.08879
1.74519 0.09333 1.63805 1.88203
0.01991 0.45099 -0.42305 0.87743
1.66320 0.12826 1.45096 1.81321
0.83216 0.51472 -0.14683 1.38262
1.50543 0.55825 0.77521 2.40636
1.36852 0.21741 0.95983 1.56149
1.27587 0.07992 1.15565 1.39802
0.68939 0.67078 -0.57586 1.42709
0.03176 0.00620 0.02191 0.04004
2.54478 0.73456 1.23069 3.31818
2.71562 1.26702 0.71652 4.17691
2.05391 0.72536 0.86379 2.86100
