# avg	std	min	max
5.75671 0.00169 5.75468 5.75915
4.00660 0.00343 3.99984 4.00903
0.74522 0.00269 0.74269 0.74915
0.63241 0.04522 0.59733 0.71985
-0.00334 0.00149 -0.00554 -0.00131
2.49131 0.32040 2.09751 3.02753
9.94762 0.91254 8.72181 11.36910
22.01118 1.13472 20.29430 23.81200
6.41217 0.44109 6.08626 7.27604
5.28942 0.00155 5.28729 5.29135
3.46472 0.00113 3.46326 3.46630
3.07912 0.00130 3.07665 3.08021
16.98620 1.73056 13.58220 18.43780
3.28675 0.19920 3.05999 3.57327
3.34834 0.02352 3.31038 3.38225
4.56361 0.03615 4.49829 4.59449
4.92159 0.14362 4.71133 5.15767
6.46794 1.13680 4.88589 8.34247
11.50622 1.72457 9.90372 14.58980
7.05222 0.09665 6.94774 7.17906
10.56670 0.25551 10.16430 10.86640
30.81732 4.31091 25.38600 36.01700
8.85372 1.75175 6.52756 11.30120
