# avg	std	min	max
3.39472 0.01035 3.37431 3.40280
2.13062 0.00504 2.12085 2.13481
0.45398 0.01562 0.43827 0.48136
0.11043 0.26077 -0.17070 0.41617
-0.01392 0.01006 -0.02948 -0.00000
0.08832 0.04474 0.01061 0.13960
0.36709 0.05922 0.27488 0.45392
1.13504 0.88923 0.41698 2.46754
4.56127 0.41462 3.78020 4.91075
3.60672 0.13179 3.35918 3.72907
1.73211 0.06126 1.66665 1.82470
2.27110 0.00885 2.26362 2.28800
0.13127 0.46383 -0.34069 0.98766
3.15390 0.03723 3.10953 3.19164
1.31000 0.15718 1.11419 1.52757
4.58855 0.04224 4.51118 4.63062
3.00877 0.03301 2.98138 3.05997
0.35219 0.27539 0.09894 0.80957
-0.25768 0.33941 -0.77245 0.13318
2.26190 0.05389 2.17243 2.31871
5.62373 0.18168 5.30484 5.87142
0.73978 0.15653 0.46624 0.89582
4.75764 0.08683 4.62834 4.86708
