# avg	std	min	max
5.85815 0.03722 5.80849 5.90369
4.04047 0.02802 4.00282 4.07331
1.35468 0.00080 1.35334 1.35562
0.24270 0.00555 0.23860 0.25323
0.00094 0.00078 -0.00011 0.00211
0.19299 0.02007 0.17044 0.22715
3.57298 2.11356 1.53811 6.83054
11.01308 0.52225 10.49250 11.96620
7.35415 0.01483 7.32751 7.37073
5.77003 0.03516 5.72279 5.80258
3.68069 0.00230 3.67766 3.68319
4.08901 0.00053 4.08853 4.08977
4.87842 2.06046 2.49898 8.64628
3.60414 0.04058 3.52652 3.64052
3.83295 0.10452 3.74093 4.03625
4.69577 0.04155 4.65160 4.74939
3.98830 0.03738 3.93027 4.04797
4.48048 0.04313 4.42934 4.54528
5.95724 0.89909 4.57161 7.16709
6.11926 0.86770 4.84640 7.29234
6.95745 0.01515 6.94186 6.97769
19.59998 3.52761 15.52160 25.94590
5.02897 0.04336 4.98154 5.08988
