# avg	std	min	max
5.32885 0.00673 5.32195 5.34165
3.71982 0.00670 3.70847 3.72722
1.52825 0.01667 1.51691 1.56034
-0.21991 0.04428 -0.29951 -0.17910
-0.00726 0.01372 -0.03404 0.00382
0.04121 0.02682 0.01536 0.08268
4.85131 0.68384 3.82971 5.40458
8.75764 1.75194 6.69555 11.75530
6.48945 0.01898 6.46986 6.52410
5.17709 0.01340 5.15094 5.18760
3.50551 0.01322 3.49182 3.52796
3.56348 0.00298 3.55996 3.56784
7.85682 1.47233 6.30084 10.47820
3.78965 0.00715 3.77550 3.79468
3.50656 0.01662 3.47961 3.52916
4.44644 0.03310 4.41249 4.49117
3.67442 0.45187 2.97155 4.04722
4.04430 0.31717 3.77420 4.46510
6.65976 1.01640 5.88876 8.65748
4.01659 0.99564 2.85182 5.76764
7.41194 0.11669 7.21718 7.56665
19.50046 7.14731 11.37050 28.28730
7.50726 0.62265 6.97829 8.67433
