# avg	std	min	max
5.22196 0.00060 5.22078 5.22233
3.41533 0.00554 3.40426 3.41843
1.10257 0.00292 1.09949 1.10815
1.99016 0.01042 1.97784 2.00749
-0.00099 0.00045 -0.00174 -0.00050
0.41606 0.02307 0.39657 0.45646
14.02560 0.17856 13.79270 14.19550
13.39444 2.24532 11.35590 17.05130
7.32891 0.18705 7.03321 7.51106
4.84575 0.02794 4.79293 4.86841
3.46538 0.00149 3.46377 3.46805
3.54995 0.00158 3.54727 3.55163
17.59354 1.54164 15.43030 19.74560
5.00048 0.00447 4.99524 5.00715
3.05965 0.00857 3.04766 3.07158
4.92489 0.02694 4.89795 4.96337
4.41507 0.03196 4.38048 4.45883
3.70181 0.12814 3.48726 3.86672
4.74459 0.24058 4.42346 5.04326
9.93673 0.28999 9.49813 10.34880
7.30375 0.05134 7.27279 7.40585
24.86094 2.25690 21.76380 27.04240
5.34440 0.24705 5.05067 5.68146
