# avg	std	min	max
2.83819 0.03759 2.80930 2.91173
1.40521 0.03098 1.34470 1.43180
0.77023 0.01606 0.74001 0.78302
-0.06974 0.00585 -0.08085 -0.06453
-0.00030 0.00118 -0.00118 0.00204
0.82539 0.21831 0.63133 1.09272
0.70045 0.33509 0.20868 1.22615
2.12124 0.05055 2.07328 2.21285
5.79706 0.03463 5.73361 5.83385
1.85121 0.02616 1.79915 1.86807
0.92381 0.00099 0.92212 0.92524
1.84515 0.02108 1.82538 1.88096
1.44582 0.26757 0.93628 1.69128
0.69449 0.03700 0.62745 0.72758
1.35405 0.47772 0.67283 1.76999
2.78456 0.12845 2.61554 2.96522
2.47962 0.01256 2.46347 2.49587
1.78369 0.05131 1.72203 1.85533
1.58609 0.15336 1.41472 1.77586
2.04146 0.49713 1.25094 2.52968
3.72369 0.12167 3.49276 3.85437
1.10341 0.46600 0.79716 2.02351
4.38132 0.06931 4.27155 4.46957
