# avg	std	min	max
7.06360 0.00109 7.06219 7.06514
5.43346 0.00966 5.41731 5.44593
1.46699 0.01087 1.45199 1.47812
0.86403 0.26707 0.56603 1.26918
0.00005 0.00582 -0.00542 0.01091
0.36617 0.06429 0.31907 0.49312
2.57270 0.52738 1.85857 3.15126
6.38388 3.26945 3.67391 10.52750
6.73781 0.10527 6.63829 6.87671
6.29857 0.00271 6.29507 6.30165
4.08104 0.00230 4.07668 4.08340
4.37207 0.00436 4.36510 4.37769
3.60862 0.71790 2.87340 4.69168
4.89415 0.00575 4.88306 4.89957
4.58753 0.04436 4.54822 4.66681
6.36245 0.01040 6.35228 6.37837
5.95823 0.04543 5.88685 6.00088
4.41869 0.01090 4.40432 4.43489
4.92539 0.39021 4.43629 5.38638
4.03105 0.02811 3.99533 4.07752
9.43238 0.12463 9.21055 9.58131
9.93000 1.66710 8.68441 13.12500
7.80713 0.45825 7.33300 8.36896
