# avg	std	min	max
6.21029 0.01649 6.18901 6.23476
4.24609 0.01991 4.21349 4.26718
0.62049 0.00929 0.60715 0.63120
0.31096 0.05947 0.25830 0.42215
-0.00659 0.01996 -0.04267 0.01596
1.75251 0.49360 0.77510 2.07472
7.28135 1.74258 5.55664 9.97083
20.32824 1.91084 18.74070 23.89350
8.28152 0.14356 8.10532 8.41660
5.47043 0.02814 5.42181 5.49723
3.21522 0.01206 3.19291 3.22430
3.58413 0.01164 3.56716 3.60306
11.44490 0.81768 10.43680 12.77340
4.90883 0.01106 4.89076 4.92413
3.19149 0.41365 2.36493 3.41578
7.11182 0.01089 7.09723 7.13090
7.12951 0.18457 6.94428 7.47752
5.62122 0.51311 4.88422 6.16132
6.41262 1.38881 4.58522 8.25946
7.33868 0.47370 6.93967 8.23923
11.90756 0.11603 11.78040 12.11810
28.30166 2.68607 25.56000 33.07930
10.77334 0.16165 10.56820 10.96590
