# avg	std	min	max
3.73819 0.00000 3.73819 3.73819
3.06299 0.00239 3.06177 3.06777
1.51323 0.00298 1.50950 1.51615
-0.34312 0.01161 -0.35568 -0.32288
0.00252 0.00596 -0.00698 0.01006
-0.65582 0.01397 -0.68135 -0.64219
-1.04976 0.69996 -1.73759 0.20239
1.97084 2.83636 -1.29236 5.11553
2.61584 0.03449 2.54893 2.64609
3.78596 0.00613 3.77795 3.79488
2.65482 0.00276 2.65082 2.65826
2.40677 0.00758 2.40288 2.42194
1.88519 1.48430 -0.23873 3.48846
3.41221 0.00406 3.40648 3.41579
2.88149 0.12226 2.78061 3.12187
4.58209 0.00864 4.57423 4.59834
3.23544 0.10855 3.16129 3.44831
1.57682 0.04227 1.53439 1.65404
2.44190 0.02913 2.38737 2.46805
2.32354 0.15524 2.22614 2.63267
4.78821 0.02728 4.75190 4.81251
6.88291 0.36080 6.33139 7.45380
3.99122 0.03140 3.94876 4.03081
