# avg	std	min	max
5.19901 0.00000 5.19901 5.19901
3.48481 0.00000 3.48481 3.48481
1.46718 0.11684 1.23350 1.52592
-0.00607 0.14733 -0.16606 0.17346
-0.00000 0.00000 -0.00000 0.00000
-0.12629 0.22987 -0.35228 0.28439
3.19570 0.51781 2.60477 3.82527
4.27417 2.51676 -0.30815 7.19245
6.74327 0.03897 6.69764 6.79194
4.19846 0.00020 4.19810 4.19864
2.79183 0.00390 2.78414 2.79493
3.48493 0.02993 3.45979 3.52222
5.98052 0.97333 4.32507 6.96901
3.56980 0.16730 3.47830 3.90404
3.30103 0.14821 3.09440 3.49931
5.27466 0.01961 5.25344 5.30781
4.46731 0.06417 4.37238 4.57080
3.44038 0.09274 3.29215 3.56600
4.07135 0.78259 3.16648 5.47822
3.62661 0.61272 3.02895 4.38584
7.80034 0.01201 7.78149 7.81321
15.88204 3.14454 11.13030 20.30460
6.70026 0.34099 6.37040 7.31548
