# avg	std	min	max
3.61004 0.42188 2.84869 4.10347
2.35179 0.08840 2.17735 2.41154
0.70197 0.03943 0.66358 0.77199
0.45079 0.21005 0.16416 0.78534
-0.00978 0.01193 -0.02788 0.00603
-0.20366 0.17828 -0.49489 -0.01609
2.66214 0.81935 1.54455 3.94658
2.58643 0.56128 2.10078 3.57923
1.36749 0.06209 1.25660 1.44537
3.37848 0.43615 2.52754 3.69097
1.72039 0.30659 1.40033 2.27483
2.09782 0.12324 1.90513 2.25860
3.19139 0.25881 2.69128 3.39755
2.93959 0.18252 2.71970 3.21295
1.91844 0.16453 1.75708 2.16861
3.32203 0.40995 2.91379 3.82165
3.15577 0.16797 2.85658 3.31192
2.13083 0.29523 1.75575 2.61992
2.68780 0.33339 2.41476 3.34431
5.27903 0.86282 3.86466 6.56402
5.49235 0.98648 3.85897 6.77680
3.59169 0.32790 2.96539 3.91597
4.68870 2.23036 1.94491 8.00775
