# avg	std	min	max
0.88171 0.00130 0.88077 0.88425
0.25384 0.02938 0.22930 0.31167
0.07864 0.00637 0.06948 0.08907
-0.01955 0.08295 -0.06806 0.14559
-0.10400 0.12738 -0.26132 0.00000
-0.18186 0.08397 -0.29318 -0.03613
-0.03808 0.01646 -0.05214 -0.00736
0.28463 0.06413 0.23389 0.40935
2.48245 0.07873 2.33409 2.55988
0.50822 0.02490 0.48852 0.55716
0.50038 0.05386 0.43111 0.56711
0.53139 0.10149 0.36160 0.64519
0.24183 0.00703 0.23083 0.24928
0.44838 0.06004 0.39250 0.53237
0.32181 0.05548 0.23535 0.38097
0.72118 0.08104 0.66826 0.88266
0.34929 0.00954 0.33745 0.36041
0.09743 0.04462 0.02938 0.15356
0.03644 0.04168 -0.02296 0.09566
0.76954 0.02538 0.73848 0.80198
-0.03655 0.42910 -0.34704 0.81402
-0.05950 0.06629 -0.11228 0.06922
0.58000 0.10737 0.46343 0.75567
