# avg	std	min	max
0.71073 0.00533 0.70081 0.71634
0.44016 0.00219 0.43759 0.44354
0.08201 0.00189 0.07949 0.08397
-0.02219 0.02376 -0.05270 0.00164
-0.00439 0.00619 -0.01539 0.00344
-0.02168 0.01320 -0.04629 -0.00708
-0.17998 0.00993 -0.19422 -0.16629
-0.11095 0.02997 -0.14219 -0.06623
2.06466 0.00313 2.05938 2.06866
0.49945 0.00696 0.49354 0.51234
0.11116 0.00512 0.10375 0.11575
0.31080 0.00463 0.30493 0.31581
-0.11195 0.01563 -0.13307 -0.09363
0.33339 0.00767 0.31872 0.34093
0.07406 0.00906 0.06483 0.08507
0.35571 0.00555 0.34770 0.36180
0.09912 0.01110 0.08711 0.11988
-0.02954 0.02011 -0.06496 -0.00775
-0.06510 0.07112 -0.15089 0.05280
0.25887 0.01097 0.24415 0.27377
0.39789 0.00728 0.38793 0.40854
-0.50879 0.20671 -0.78830 -0.29012
-0.02858 0.04234 -0.08227 0.02703
