# avg	std	min	max
2.46060 0.11867 2.23150 2.54222
1.79550 0.02012 1.77226 1.83043
1.59133 0.21565 1.35037 1.84668
0.88858 0.34896 0.40007 1.41808
-0.00229 0.00130 -0.00450 -0.00096
0.69412 0.02314 0.66268 0.72662
1.77711 0.21946 1.52027 2.08751
2.74138 0.10675 2.59483 2.87678
6.62674 0.01249 6.60965 6.64863
1.65230 0.07738 1.54399 1.72284
1.36726 0.05853 1.28750 1.43949
1.57119 0.03591 1.53004 1.61883
1.46502 0.20545 1.08066 1.66019
1.46131 0.50243 0.68397 2.06273
1.39763 0.36226 1.05110 2.00622
2.56561 0.10531 2.44285 2.70467
2.55037 0.20431 2.23960 2.77752
1.37383 0.14236 1.18122 1.62433
1.62478 0.11151 1.45129 1.77197
2.66782 0.15311 2.38620 2.80442
3.76618 0.24394 3.42905 4.07854
2.72482 0.14485 2.50205 2.90689
4.30520 0.55204 3.45203 5.19179
