# avg	std	min	max
1.88913 0.13638 1.80506 2.16049
1.08519 0.05577 1.01148 1.16270
0.79531 0.10871 0.65274 0.91451
-0.86115 0.00716 -0.86780 -0.84813
0.00574 0.00380 0.00048 0.01002
-1.39709 0.13384 -1.47373 -1.13017
0.57863 0.03863 0.51661 0.61844
0.97370 0.16151 0.81063 1.26781
0.66923 0.26075 0.28134 0.92140
1.54921 0.11257 1.46346 1.77221
1.10790 0.14933 0.97752 1.39863
0.45943 0.01800 0.43871 0.49119
0.96235 0.11211 0.81881 1.12076
1.38683 0.07862 1.30332 1.53370
0.42216 0.02182 0.38691 0.44755
2.05815 0.11916 1.91006 2.21477
1.18286 0.07181 1.09459 1.30389
-0.04687 0.16385 -0.34134 0.08529
0.38788 0.36192 -0.12264 0.71209
1.71584 0.03656 1.64850 1.74666
2.30064 0.08194 2.22818 2.46054
1.04197 0.06807 0.94161 1.14582
1.96769 0.14516 1.77218 2.13819
