# avg	std	min	max
5.26930 0.02026 5.24202 5.29558
3.59295 0.02395 3.55237 3.62492
0.77352 0.01377 0.75763 0.79502
0.75811 0.00741 0.74678 0.76664
-0.00893 0.01256 -0.03274 0.00375
1.41069 0.27665 1.03785 1.77226
2.03753 0.26280 1.52734 2.27439
7.31246 0.61986 6.73673 8.43705
8.26047 0.07137 8.14866 8.34593
4.43033 0.01203 4.41585 4.44367
2.63812 0.02580 2.59317 2.67117
2.41770 0.00457 2.41097 2.42459
2.71668 0.17011 2.49159 2.87258
2.51097 0.57876 1.79403 3.09219
2.83906 0.06352 2.76024 2.90890
3.29878 0.18863 3.08617 3.57625
3.29558 0.04974 3.23790 3.36000
2.66897 0.04171 2.60215 2.71458
2.63151 0.02657 2.60100 2.67872
3.16522 0.39751 2.76716 3.67264
6.12506 0.63646 5.00363 6.85812
4.52648 1.66278 2.41500 6.98771
4.46815 0.60058 3.63820 5.48628
