# avg	std	min	max
2.88938 0.02249 2.85465 2.92446
2.24544 0.01720 2.21211 2.26081
0.38290 0.00274 0.37967 0.38617
0.19116 0.22110 -0.06128 0.59318
-0.00110 0.00022 -0.00153 -0.00094
-0.02983 0.08259 -0.11321 0.12121
1.46528 0.02709 1.43375 1.50249
1.54582 0.02427 1.51868 1.58856
6.86374 0.01484 6.84704 6.88358
2.56119 0.04206 2.51371 2.62886
1.92048 0.02154 1.89401 1.94570
1.62367 0.01247 1.61373 1.64420
1.65857 0.01891 1.63745 1.69303
2.43065 0.02856 2.38226 2.46143
2.05040 0.04836 1.98013 2.11715
2.53369 0.16647 2.35989 2.75674
2.37231 0.05045 2.32517 2.47001
1.46349 0.10538 1.33027 1.62062
1.42204 0.30940 0.84892 1.72316
3.03002 0.14532 2.74391 3.14491
2.86572 0.08037 2.79495 3.01930
1.34795 0.25470 1.07385 1.67930
2.33688 0.28966 2.03946 2.83850
