# avg	std	min	max
6.20181 0.03546 6.13195 6.23078
4.57856 0.03085 4.53350 4.62634
0.96753 0.01364 0.95179 0.99283
0.56717 0.06220 0.49016 0.65834
-0.02304 0.01281 -0.04613 -0.00828
0.74228 0.14125 0.60186 0.99314
7.31026 1.00613 6.35033 8.55294
18.07890 2.36084 15.98140 21.49560
8.22211 0.09686 8.05395 8.34925
4.77912 0.04899 4.69956 4.84635
2.55147 0.03198 2.49623 2.58245
3.46462 0.02641 3.42334 3.49348
11.14021 1.44173 9.91193 12.91900
3.53836 0.05962 3.46129 3.64052
4.64953 0.21833 4.43442 5.00493
5.64971 0.00850 5.64133 5.66578
5.82979 0.04156 5.77294 5.89824
5.33701 0.61768 4.47430 6.18830
10.06734 1.19574 8.75765 12.24710
5.09810 0.59163 4.73831 6.27913
9.20783 0.03865 9.16694 9.27564
21.37152 4.82888 16.70650 30.35780
8.37123 0.19113 8.15529 8.67742
