# avg	std	min	max
1.98434 0.00810 1.97376 1.99480
1.21627 0.00049 1.21548 1.21687
0.22045 0.00284 0.21618 0.22334
0.19988 0.00243 0.19561 0.20293
0.00003 0.00174 -0.00161 0.00323
0.18551 0.00963 0.17427 0.19717
0.45834 0.01175 0.43773 0.47008
0.38160 0.00329 0.37866 0.38780
1.11382 0.03412 1.05971 1.15886
1.58776 0.00117 1.58609 1.58912
0.78527 0.00321 0.78232 0.78990
1.14595 0.03896 1.12516 1.22385
0.55317 0.01917 0.52174 0.57163
1.35161 0.00323 1.34891 1.35569
0.43665 0.09847 0.32527 0.60702
1.64927 0.01664 1.62985 1.66871
1.03288 0.06821 0.92554 1.14026
0.25300 0.04786 0.18510 0.31701
0.63502 0.01152 0.61861 0.64688
1.22599 0.02004 1.20451 1.25715
1.51503 0.08993 1.44995 1.68938
0.38205 0.01967 0.34621 0.39975
1.33513 0.05566 1.26179 1.41834
