# avg	std	min	max
6.41254 0.00659 6.40685 6.42493
4.28046 0.01018 4.26705 4.29844
0.44173 0.02013 0.40951 0.46185
1.19259 0.40133 0.84190 1.83128
-0.01284 0.00880 -0.02775 -0.00165
1.96667 0.36189 1.66857 2.64106
8.01450 0.62324 7.17608 8.88204
18.39040 2.18782 14.41910 20.71020
7.81953 0.05421 7.72401 7.87696
4.93101 0.00769 4.91789 4.94153
2.79514 0.02486 2.74992 2.82114
3.19094 0.04924 3.12593 3.26491
11.66906 1.08192 10.44750 13.28610
4.64492 0.13742 4.46256 4.77150
4.82669 0.00942 4.81576 4.84304
5.63777 0.01475 5.61871 5.66164
6.26118 0.02672 6.23337 6.30287
7.54523 0.64180 6.48907 8.27370
11.08307 1.09808 9.91755 12.54290
8.24474 0.47540 7.58292 8.81366
12.12670 0.09490 12.02500 12.27360
30.35618 3.49178 26.40690 35.49350
9.50952 0.36509 9.02814 9.99634
