# avg	std	min	max
3.65899 0.02514 3.63417 3.70503
2.56427 0.05949 2.45507 2.62670
0.56924 0.06025 0.46197 0.63906
0.32683 0.04699 0.28570 0.41846
0.00842 0.01509 -0.01361 0.03159
0.53867 0.03531 0.49696 0.59210
0.37660 0.24557 0.10226 0.71893
1.66771 0.14120 1.49147 1.88064
5.16158 0.53640 4.80236 6.22987
3.65457 0.07137 3.56607 3.74491
2.67611 0.04741 2.60708 2.73734
2.51477 0.03580 2.46206 2.55296
1.07083 0.37575 0.71136 1.62083
3.01227 0.07349 2.89057 3.12207
1.71252 0.06144 1.63427 1.82120
3.24997 0.14781 3.13312 3.53811
2.16444 0.09572 2.03942 2.31528
1.54850 0.06990 1.46251 1.66015
1.95037 0.06364 1.87756 2.02858
2.43751 0.03521 2.38329 2.47628
4.42649 0.20254 4.22312 4.80947
1.05042 0.65380 0.30636 2.03504
4.85968 0.34573 4.17826 5.09592
