# avg	std	min	max
6.12000 0.03368 6.05635 6.15182
4.69223 0.01923 4.66282 4.71794
1.34431 0.00328 1.34045 1.34936
0.07034 0.04348 0.02060 0.12581
-0.00561 0.00388 -0.01034 -0.00000
1.63746 0.10869 1.54620 1.85118
6.70678 0.76819 5.80262 8.10693
8.43665 1.07596 6.54521 9.29857
8.97477 0.26265 8.59633 9.32376
5.56615 0.03071 5.50794 5.59874
3.75472 0.01266 3.73341 3.76841
3.76565 0.01449 3.74534 3.78293
10.16537 0.84407 8.86924 11.03010
5.03812 0.02241 5.00723 5.07096
4.13802 0.13334 4.01500 4.38393
6.69906 0.02924 6.65899 6.72682
5.23996 0.06911 5.19043 5.37729
2.43857 0.32119 2.06564 2.99505
7.10387 0.51182 6.41923 7.94476
4.41478 0.30332 4.21055 5.01421
9.98139 0.09602 9.86794 10.13060
26.95094 6.51884 19.70730 37.60940
8.91759 0.03872 8.87738 8.98127
