# avg	std	min	max
4.87671 0.08199 4.75959 5.01127
3.94108 0.08179 3.85071 4.05051
1.52589 0.00678 1.51735 1.53769
1.25405 0.06317 1.20867 1.37940
-0.01045 0.01162 -0.02909 0.00607
2.42790 0.02125 2.39492 2.45680
8.25123 0.70394 7.75388 9.63847
2.82089 0.81695 1.72340 3.86254
4.13232 0.18403 3.89046 4.31859
3.31674 0.07671 3.22729 3.43344
2.20108 0.07055 2.06768 2.27300
2.52636 0.07993 2.40155 2.60961
4.49225 2.41268 2.51470 8.83848
2.57800 0.03901 2.50972 2.63017
3.17092 0.79749 2.17680 4.10614
2.71484 0.06012 2.63248 2.81401
3.46399 0.15559 3.30918 3.71339
3.96566 0.42469 3.11740 4.19818
3.40749 0.19032 3.03346 3.56883
3.55942 0.94116 2.85945 5.39411
7.13764 0.63936 5.88603 7.67287
7.25426 2.97753 2.86138 12.01340
8.39182 0.38847 8.00735 9.12098
