# avg	std	min	max
6.56704 0.00255 6.56240 6.56938
4.57330 0.00356 4.56893 4.57709
0.91655 0.00274 0.91329 0.92082
0.86937 0.36164 0.59059 1.51804
-0.00474 0.00315 -0.00996 -0.00082
0.61450 0.28416 0.31762 0.99031
5.54174 1.77748 3.08934 8.01834
16.79758 2.30056 13.84720 20.24100
4.47826 0.09226 4.36866 4.63272
5.95200 0.00413 5.94753 5.95771
3.62501 0.00365 3.62109 3.63188
3.67730 0.04850 3.61405 3.73759
11.01580 0.50545 10.05620 11.53620
4.69166 0.00786 4.68469 4.70624
4.29216 0.02090 4.25322 4.31639
6.14579 0.02007 6.11368 6.17501
5.59565 0.11254 5.48379 5.80087
5.72656 0.43317 5.21301 6.45016
12.00462 0.87657 10.86840 13.36040
4.37929 0.18929 4.13925 4.61200
10.98256 0.67020 10.26220 12.09240
27.26446 4.39024 23.71010 35.73910
10.12808 0.46509 9.43984 10.68070
