# avg	std	min	max
6.11667 0.00295 6.11117 6.11965
4.53547 0.00074 4.53419 4.53648
1.51676 0.00394 1.50987 1.52119
0.36928 0.00351 0.36259 0.37248
-0.00145 0.00312 -0.00758 0.00093
0.66809 0.02997 0.63105 0.71966
5.90678 0.30121 5.31082 6.09482
15.85120 1.15083 13.65710 16.96280
6.05231 0.13316 5.96086 6.31658
5.47052 0.00276 5.46719 5.47418
3.68811 0.00440 3.67966 3.69172
3.67373 0.00677 3.66047 3.67949
14.39116 0.78564 13.50700 15.52290
4.82229 0.02662 4.79297 4.85725
3.16770 0.50518 2.43929 3.60022
5.64951 0.28419 5.08113 5.79346
4.16852 0.00459 4.16285 4.17343
3.84982 0.05001 3.78847 3.89374
4.67403 0.28062 4.26057 4.91149
4.19828 0.03578 4.15866 4.25618
7.81136 0.50765 7.06118 8.37420
39.53182 0.91578 38.16290 40.77470
5.52459 0.42154 5.03425 6.14559
