# avg	std	min	max
4.87303 0.02675 4.82560 4.90384
3.28356 0.02668 3.25805 3.33056
1.01315 0.02321 0.98858 1.05535
0.31286 0.30115 -0.12054 0.68382
-0.04878 0.03194 -0.08632 -0.00283
0.03683 0.10893 -0.10967 0.18600
4.86204 1.05448 3.95846 6.19528
9.04147 3.16091 4.71841 14.08430
4.96146 0.25571 4.68476 5.44060
4.42115 0.01734 4.40334 4.44813
2.61616 0.02497 2.59302 2.66076
3.08362 0.03306 3.03400 3.13543
8.07252 1.07715 5.93404 8.77046
3.65828 0.09094 3.57211 3.80611
3.38876 0.15301 3.26236 3.67146
5.28320 0.02457 5.23928 5.30929
4.96983 0.04418 4.91411 5.02793
2.43597 0.64536 1.47407 3.22321
4.91538 0.66220 4.05104 5.83546
5.53670 0.58729 4.60318 6.43389
9.76626 0.13546 9.59482 9.98090
17.17050 0.27383 16.68260 17.49590
8.72365 0.10022 8.56476 8.86786
