# avg	std	min	max
4.65849 0.01114 4.64498 4.67117
3.25244 0.00261 3.24842 3.25656
0.80016 0.00418 0.79516 0.80627
-0.11465 0.16199 -0.31466 0.02094
-0.00420 0.00420 -0.01095 0.00025
0.20502 0.04800 0.12987 0.25773
3.31719 1.52529 1.26554 5.02521
13.03360 3.25825 9.70171 19.27660
2.49861 0.02925 2.47141 2.55326
4.47266 0.00743 4.46166 4.48385
3.20033 0.00445 3.19370 3.20569
2.60253 0.00804 2.59239 2.61380
5.77818 0.73833 4.91641 7.00228
3.46633 0.01230 3.45651 3.49003
3.27400 0.06019 3.19790 3.34017
5.26470 0.02286 5.22638 5.29528
4.66303 0.15079 4.50605 4.86341
4.56642 0.61476 3.86034 5.32889
8.62929 4.90767 3.60661 15.33600
4.95349 0.72588 3.61255 5.67822
8.39634 0.83872 7.34564 9.30897
19.03468 1.99385 17.14700 22.42100
11.28438 0.05328 11.22480 11.38030
