# avg	std	min	max
4.01146 0.03789 3.96176 4.06336
2.58418 0.03284 2.54266 2.62787
0.48598 0.01900 0.45590 0.50518
0.15463 0.01158 0.13213 0.16397
-0.03064 0.01360 -0.05687 -0.02065
0.11742 0.10382 -0.00461 0.29104
-0.44222 0.07653 -0.49573 -0.29001
1.92595 0.91495 0.56124 2.89155
2.29912 0.02704 2.26873 2.33668
3.11341 0.03328 3.07238 3.17360
1.88932 0.04735 1.79751 1.92122
1.94482 0.02449 1.91595 1.97073
0.01929 0.06529 -0.03609 0.13420
2.30373 0.03178 2.25548 2.33429
2.02077 0.09688 1.95049 2.20719
3.40426 0.02864 3.37148 3.45741
3.10381 0.03722 3.06520 3.15886
1.06712 0.10368 0.89984 1.22451
1.06192 0.43339 0.63981 1.70161
2.24535 0.73770 1.44222 3.41559
4.89571 0.18413 4.69195 5.13008
0.26157 0.42647 -0.23644 1.04934
4.07356 0.21402 3.66434 4.24164
