# avg	std	min	max
5.80947 0.01952 5.77429 5.83294
4.00923 0.08564 3.89648 4.13445
0.92914 0.00917 0.91141 0.93674
-0.04584 0.07224 -0.16286 0.03880
-0.00126 0.00207 -0.00488 0.00080
0.53875 0.28806 0.29246 1.04778
3.17563 0.23620 2.86602 3.58257
12.16938 1.29190 10.48730 13.55710
6.19328 0.47039 5.55568 6.59191
5.28822 0.05631 5.19874 5.34981
3.61049 0.00111 3.60861 3.61178
3.52185 0.01395 3.51128 3.54932
6.71065 0.19452 6.44010 7.01212
4.04034 0.11376 3.91976 4.25705
3.40695 0.07607 3.27688 3.48789
5.79701 0.06281 5.71230 5.86253
5.89742 0.09573 5.74898 6.01273
4.64521 0.79058 3.53772 5.80612
11.16238 1.00660 10.06040 12.59730
5.08353 0.44302 4.60956 5.79595
9.88921 0.07524 9.77709 9.97574
17.39276 1.49201 15.96500 20.12880
9.21861 0.07408 9.14477 9.35286
