# avg	std	min	max
2.23476 0.00099 2.23278 2.23526
1.27594 0.00000 1.27594 1.27594
0.28683 0.00663 0.27357 0.29045
-0.51317 0.04840 -0.58630 -0.43368
0.00001 0.00062 -0.00040 0.00124
-0.67526 0.06048 -0.76217 -0.58484
-0.40312 0.49197 -0.84380 0.20008
0.33718 0.04779 0.26086 0.40682
1.05471 0.00343 1.05098 1.06044
1.75103 0.00017 1.75078 1.75131
0.60081 0.00565 0.59464 0.60854
1.29747 0.00037 1.29713 1.29813
-0.05778 0.02410 -0.07603 -0.01005
1.09208 0.00598 1.08313 1.10061
0.91531 0.04051 0.88150 0.98643
2.50348 0.11155 2.28041 2.56116
1.13146 0.04354 1.04465 1.15816
1.03763 0.08741 0.88365 1.12288
1.80280 0.20214 1.46253 2.01071
0.70508 0.09697 0.56903 0.83495
3.12871 0.13515 2.99399 3.30596
1.13384 0.49907 0.60754 1.86905
2.45850 0.03705 2.41493 2.51773
