# avg	std	min	max
3.16145 0.05262 3.08786 3.23724
1.91573 0.03791 1.84538 1.95580
0.73835 0.03229 0.68051 0.78036
0.92950 0.08761 0.82059 1.08865
-0.01676 0.01643 -0.04925 -0.00423
0.26526 0.08330 0.12129 0.34059
0.36337 0.08421 0.24716 0.47316
2.81485 0.70124 2.34997 4.19056
2.32278 0.11379 2.17469 2.50225
1.63047 0.04999 1.56342 1.70352
0.60956 0.01469 0.59232 0.63149
1.95014 0.01762 1.93341 1.97258
1.05227 0.21635 0.63533 1.21492
2.65083 0.00842 2.64414 2.66602
1.63825 0.47381 1.12264 2.53444
2.65307 0.03935 2.60463 2.69743
2.70607 0.13140 2.53818 2.89226
1.82733 0.40332 1.17059 2.25325
4.18097 0.76085 2.94998 5.15597
1.85560 0.04713 1.80356 1.91721
5.42920 0.20475 5.02761 5.59493
1.06188 0.10918 0.94939 1.24216
4.65772 0.54005 3.94370 5.34345
