# avg	std	min	max
4.59579 0.14275 4.37983 4.71085
2.99643 0.00457 2.98750 3.00052
0.79228 0.00854 0.77918 0.80438
0.34754 0.16272 0.20677 0.64481
-0.01520 0.02046 -0.05166 -0.00000
0.04729 0.03159 -0.01470 0.07235
1.65278 0.90439 0.83901 3.36669
6.63303 2.62283 2.92490 9.63096
7.32267 0.15295 7.01992 7.44050
3.66321 0.01462 3.63995 3.68182
2.67926 0.00937 2.66802 2.69023
2.90851 0.01156 2.88986 2.91780
4.15741 1.79628 2.50170 6.43546
3.19492 0.16625 3.04625 3.49445
3.02904 0.01020 3.01373 3.04527
5.39686 0.02479 5.36598 5.44068
4.62923 0.04863 4.56932 4.68157
3.05531 0.03283 3.01259 3.08842
3.57376 0.20489 3.24046 3.78072
2.93179 0.16423 2.61927 3.06905
7.98501 0.40084 7.47297 8.33474
20.97250 0.43786 20.36160 21.68670
6.16666 0.04723 6.08352 6.23037
