# avg	std	min	max
2.69489 0.02365 2.67193 2.72521
1.57624 0.03969 1.53447 1.64670
0.73378 0.03191 0.71655 0.79755
0.53315 0.07496 0.41272 0.62622
-0.00561 0.05752 -0.08174 0.08855
-0.62209 0.07887 -0.75188 -0.51304
4.66932 2.29811 1.19400 7.44236
3.86290 0.83912 3.03163 5.12428
4.38762 0.01159 4.37161 4.39758
2.42672 0.04885 2.39063 2.52193
1.13204 0.01447 1.10684 1.15155
1.78653 0.00728 1.77620 1.79532
3.63211 3.11010 0.99251 8.08378
2.80523 0.01986 2.78154 2.84094
1.99818 0.02480 1.96420 2.03611
2.16567 0.10123 2.06397 2.32076
1.56378 0.26654 1.06502 1.79313
1.48811 0.33700 1.23320 2.14719
2.81019 0.04161 2.75678 2.87009
4.71713 1.31482 2.26775 5.99247
1.41298 0.46844 0.96682 1.99260
6.57824 0.42814 5.98887 7.27164
0.19329 0.48957 -0.34303 0.80356
