# avg	std	min	max
3.20929 0.01731 3.19271 3.24258
1.95627 0.01464 1.93774 1.97477
0.98509 0.00588 0.97852 0.99357
-0.07621 0.02536 -0.12030 -0.05114
-0.00366 0.00990 -0.01590 0.01315
-0.44306 0.13191 -0.54610 -0.19167
0.04480 0.14227 -0.19710 0.18500
2.07976 0.34900 1.53323 2.55832
4.27838 0.08410 4.18640 4.39450
3.17307 0.00628 3.16528 3.18069
2.42590 0.01879 2.39721 2.44942
2.12593 0.00748 2.11103 2.13068
1.27694 0.51590 0.63012 1.84234
1.80953 0.01304 1.79363 1.83187
2.42884 0.01916 2.39481 2.45281
2.05904 0.02282 2.03508 2.10245
2.14511 0.00902 2.13208 2.15432
0.85488 0.00536 0.84766 0.86367
1.74886 0.24346 1.34297 2.05632
2.32031 0.04687 2.26746 2.40036
3.62711 0.02707 3.60520 3.67951
7.89674 0.85827 6.71776 9.05702
2.87099 0.02415 2.84675 2.91298
