# avg	std	min	max
3.79912 0.03818 3.74753 3.85350
2.33607 0.03929 2.29104 2.39063
1.31231 0.05483 1.24007 1.37542
-0.31103 0.11426 -0.39830 -0.09315
-0.00195 0.00726 -0.01326 0.00916
-0.02976 0.12102 -0.18824 0.16496
2.13905 1.00279 0.89467 3.09457
4.11191 1.17690 3.00425 5.57548
6.72620 0.03245 6.69224 6.77049
2.56135 0.05520 2.46006 2.62891
2.80276 0.12646 2.55501 2.88807
2.45059 0.05545 2.36624 2.51515
1.37628 0.27877 0.90959 1.74119
2.29890 0.08039 2.19216 2.44027
1.93983 0.04560 1.87089 2.00215
3.09894 0.18779 2.85817 3.41111
3.76554 0.05497 3.69452 3.84884
2.36237 0.37925 1.90498 2.86076
2.04172 0.30123 1.57702 2.37757
2.85753 0.03223 2.79506 2.88357
6.66351 0.23228 6.50915 7.12428
1.94252 0.43209 1.31504 2.65759
7.46650 0.10341 7.37988 7.66559
