# avg	std	min	max
5.63958 0.00632 5.63562 5.65219
3.66058 0.00434 3.65247 3.66517
1.13450 0.00611 1.12924 1.14614
0.71335 0.20382 0.43548 1.03904
0.00423 0.00557 -0.00305 0.01154
0.39711 0.04859 0.30938 0.45040
6.00864 0.70641 5.39943 7.35676
16.82710 2.68708 12.88300 20.00810
4.35307 0.04347 4.29663 4.40063
5.03356 0.01210 5.01193 5.04946
3.34062 0.00369 3.33455 3.34464
3.68948 0.01258 3.66433 3.69653
10.03995 1.64459 7.58882 12.72840
4.33318 0.01958 4.30405 4.35702
3.86109 0.03940 3.82178 3.93171
5.39779 0.00105 5.39635 5.39921
5.10066 0.02343 5.05938 5.12363
5.04981 1.05096 3.48358 6.46873
7.70418 1.03685 6.24607 9.24740
5.05194 0.36748 4.61617 5.72093
9.74418 0.51563 9.35809 10.76010
37.01816 0.62765 36.28290 37.88640
9.56693 0.37304 8.82632 9.83453
