# avg	std	min	max
4.31951 0.00365 4.31658 4.32626
2.81857 0.00000 2.81857 2.81857
0.95302 0.00102 0.95245 0.95507
0.59416 0.00419 0.58898 0.60101
0.00041 0.00098 -0.00029 0.00236
0.42500 0.02288 0.40506 0.46713
6.79698 0.63308 6.41524 8.06121
10.86213 2.47946 5.90555 12.24760
6.31662 0.27537 6.14493 6.86380
3.42088 0.00184 3.41948 3.42447
1.92952 0.00345 1.92665 1.93449
3.01175 0.00054 3.01126 3.01274
10.62345 2.10305 6.45956 11.93600
3.84059 0.00166 3.83887 3.84262
2.65513 0.19092 2.38838 2.81107
4.52811 0.00172 4.52630 4.53110
3.78341 0.01247 3.77293 3.80475
1.97944 0.13481 1.79385 2.15032
1.65425 0.78328 0.63958 2.31014
4.46935 0.66931 3.96824 5.76779
6.84582 0.13201 6.69147 7.09107
16.45406 2.73193 12.95550 21.27370
5.03921 0.05739 4.98240 5.12318
