# avg	std	min	max
4.85673 0.02890 4.81492 4.89818
2.95847 0.03021 2.92950 3.00754
1.26977 0.01984 1.23139 1.28821
-0.01596 0.04653 -0.06576 0.07041
-0.05481 0.05623 -0.15133 0.00972
0.07911 0.05136 -0.01415 0.14374
4.35917 0.31805 3.81057 4.78060
11.45348 0.66348 10.41810 12.06340
4.88468 0.06958 4.79770 5.00670
3.38022 0.04253 3.29588 3.41001
1.99200 0.03293 1.95333 2.04180
3.15838 0.03486 3.09684 3.19581
6.92284 0.69983 6.00587 7.73396
2.94075 0.06310 2.85350 3.01622
3.74394 0.08162 3.58809 3.80758
3.39984 0.06555 3.29455 3.47193
4.73518 0.05363 4.67349 4.80032
5.28045 0.13970 5.11280 5.45024
8.76890 1.53443 7.21497 11.26360
8.12560 1.13869 6.61191 9.17327
9.08926 0.55054 8.57297 9.87254
29.34664 0.36472 28.95370 30.00280
8.14591 0.04046 8.09689 8.19481
