# avg	std	min	max
1.39129 0.01455 1.37500 1.41731
0.60657 0.01489 0.58816 0.63004
1.22401 0.01080 1.20652 1.23663
-0.06359 0.01414 -0.08246 -0.04670
0.77984 0.00207 0.77658 0.78287
0.07111 0.02582 0.03439 0.11402
0.48610 0.06768 0.35084 0.52450
-0.21866 0.02299 -0.25162 -0.18084
2.43562 0.11442 2.21581 2.55192
1.36279 0.00931 1.34767 1.37151
1.18461 0.00785 1.17738 1.19893
1.35869 0.01578 1.34646 1.38947
0.53860 0.11455 0.40057 0.68879
1.00677 0.17814 0.90350 1.36250
0.16498 0.01530 0.15210 0.19498
0.85312 0.01414 0.84037 0.87991
0.28692 0.03586 0.25839 0.35764
-0.00914 0.00463 -0.01814 -0.00578
-0.32766 0.44448 -0.81937 0.31246
0.62543 0.07272 0.53899 0.70628
1.23973 0.01187 1.22460 1.25712
0.42964 0.14958 0.16201 0.60900
1.62578 0.01777 1.60207 1.65605
