# avg	std	min	max
2.53112 0.34411 2.05264 3.05124
1.95087 0.18624 1.57941 2.06462
1.81358 0.26771 1.30845 2.04701
-0.35564 0.14112 -0.57206 -0.18042
1.26617 0.14730 1.06088 1.39589
-0.24620 0.14103 -0.43970 -0.05169
0.28535 0.26228 0.13069 0.80539
0.94346 0.35885 0.40649 1.40997
5.26700 0.13206 5.16342 5.52267
2.10703 0.11983 1.99853 2.32098
1.74044 0.28745 1.39037 2.12085
1.44543 0.25091 1.02425 1.73049
0.62603 0.14610 0.42776 0.83137
1.68347 0.42032 0.90112 2.10976
0.59470 0.16603 0.36564 0.82124
2.27150 0.14765 2.09397 2.49580
1.51998 0.21326 1.18388 1.72344
-0.00610 0.00341 -0.01292 -0.00440
0.50843 0.06690 0.38315 0.57717
2.34171 0.74219 1.46898 3.62602
2.26290 0.18914 2.00559 2.53065
1.14414 0.79408 -0.02321 1.96717
2.46045 0.47500 2.08332 3.39283
