# avg	std	min	max
1.96166 0.02400 1.92310 1.99065
0.35479 0.00990 0.33841 0.36963
0.99262 0.00829 0.98651 1.00872
-0.75800 0.16443 -1.08452 -0.65125
0.91980 0.02207 0.89528 0.96064
-0.91835 0.02430 -0.94778 -0.87678
-0.06196 0.95337 -1.13610 1.08450
0.28969 0.22954 0.10739 0.73712
4.90687 0.02172 4.86645 4.92772
2.06101 0.01431 2.04579 2.08616
1.19862 0.01935 1.18885 1.23732
1.11893 0.00003 1.11891 1.11900
0.23795 0.62668 -0.32588 1.25566
2.02234 0.47065 1.19458 2.37980
0.89268 0.03249 0.86265 0.95344
1.77734 0.95795 0.87283 3.51938
1.52441 0.03183 1.48449 1.56714
-0.00840 0.01446 -0.03731 -0.00117
0.39659 0.02088 0.36743 0.41890
0.97132 0.35941 0.63369 1.53435
3.56958 0.03525 3.52349 3.61184
1.38671 0.80959 0.36301 2.52255
5.81045 0.22811 5.59838 6.10837
