# avg	std	min	max
0.47640 0.03836 0.42102 0.52844
0.80156 0.07637 0.71453 0.88699
1.49803 0.03210 1.44622 1.54460
0.06734 0.04423 -0.00574 0.10851
1.11400 0.05929 1.06788 1.22868
0.28763 0.05349 0.21998 0.34831
-0.13569 0.22360 -0.36499 0.18260
1.04766 0.06455 0.95259 1.10668
3.90484 0.31391 3.54333 4.28969
0.77864 0.03262 0.73778 0.83605
1.76718 0.02671 1.72778 1.80910
0.55042 0.01569 0.53768 0.57214
-0.57131 0.20187 -0.81257 -0.29054
0.61583 0.06461 0.49286 0.66975
0.31131 0.09568 0.16138 0.38752
0.87776 0.03274 0.84291 0.93953
1.05986 0.10553 0.91664 1.19045
0.00844 0.01687 -0.00000 0.04219
-0.02799 0.09137 -0.14578 0.08602
0.91453 0.06993 0.77490 0.95338
1.43857 0.10594 1.26307 1.57407
0.79026 0.10756 0.67406 0.95913
3.15608 0.10295 3.00713 3.24281
