# avg	std	min	max
0.02002 0.11880 -0.07561 0.19492
-0.53626 0.04035 -0.57734 -0.46907
0.38290 0.04072 0.30980 0.43260
0.17961 0.08981 0.08122 0.30308
0.14746 0.04606 0.08499 0.20311
0.19021 0.09461 0.09704 0.37130
0.30222 0.07115 0.19514 0.38264
0.30236 0.08282 0.19032 0.41500
-0.91469 0.04004 -0.94192 -0.83498
-0.02527 0.05238 -0.06403 0.06786
-0.15926 0.04328 -0.22497 -0.09943
0.09928 0.11404 -0.01519 0.30361
0.22959 0.07498 0.16098 0.35778
0.43682 0.06940 0.34963 0.53831
0.18966 0.07087 0.12048 0.31974
-0.40751 0.05647 -0.47467 -0.32451
-0.47963 0.03275 -0.50674 -0.43190
-0.03953 0.10252 -0.20062 0.09822
0.15795 0.08267 0.05106 0.27712
0.57364 0.08742 0.44667 0.70058
0.47617 0.03071 0.41750 0.50176
-0.01738 0.07139 -0.11739 0.09813
0.57921 0.09547 0.42323 0.72264
