# avg	std	min	max
0.68864 0.07676 0.58279 0.77436
0.15526 0.07020 0.06937 0.25224
0.26936 0.04170 0.22886 0.33676
-0.07399 0.04017 -0.14894 -0.03676
0.02709 0.08779 -0.08102 0.16900
-0.03403 0.12602 -0.25626 0.09640
0.01992 0.20513 -0.36484 0.24629
-0.09905 0.06809 -0.19927 -0.02033
-0.87800 0.09094 -0.98148 -0.73109
0.52041 0.05854 0.45184 0.59776
0.45315 0.08782 0.34471 0.57423
0.32663 0.04937 0.26036 0.40934
0.16864 0.15299 -0.05575 0.36032
0.43986 0.02235 0.41411 0.46910
-0.17416 0.15343 -0.35954 0.05288
-0.26691 0.21834 -0.55790 -0.01150
-0.56336 0.04501 -0.61027 -0.48319
-0.00843 0.14387 -0.12434 0.26711
0.09403 0.08949 0.00884 0.24784
0.60664 0.09631 0.45846 0.74962
0.02774 0.52995 -0.63065 0.61431
-0.03639 0.05193 -0.09079 0.04586
0.51393 0.18517 0.38599 0.87861
