# avg	std	min	max
0.82353 0.10447 0.64591 0.95798
0.61336 0.15593 0.34458 0.83291
0.31563 0.13637 0.08407 0.48844
-0.24144 0.17273 -0.47059 -0.00148
0.00044 0.07357 -0.09333 0.11603
0.14671 0.11240 0.01670 0.33907
0.58988 0.08470 0.45633 0.69408
0.54335 0.12669 0.31830 0.71100
-0.33464 0.10777 -0.51525 -0.21486
0.16167 0.08438 0.01493 0.24965
0.34184 0.07112 0.20608 0.41138
0.56324 0.05567 0.49325 0.63744
0.59553 0.15838 0.30089 0.74625
0.00763 0.04538 -0.06620 0.07413
-0.06910 0.15701 -0.22848 0.20614
-0.44608 0.32293 -1.04568 -0.07078
0.04351 0.10685 -0.15248 0.15461
-0.03206 0.05661 -0.12510 0.02464
-0.42756 0.15050 -0.60353 -0.17820
0.99668 0.39528 0.24763 1.29975
0.38870 0.27792 0.09211 0.86111
0.78862 0.17855 0.53801 1.03445
0.42831 0.18340 0.19388 0.60413
