# avg	std	min	max
1.21020 0.00000 1.21020 1.21020
0.29821 0.00128 0.29607 0.30009
0.52853 0.01040 0.51337 0.54186
-0.00817 0.00295 -0.01106 -0.00261
0.15105 0.00492 0.14531 0.15831
-0.19170 0.06276 -0.30404 -0.12703
0.30078 0.00038 0.30016 0.30137
0.60108 0.05269 0.52738 0.68041
2.10749 0.04124 2.03949 2.15622
0.59206 0.00188 0.58845 0.59393
1.14732 0.00800 1.13646 1.16109
1.13198 0.00035 1.13168 1.13253
0.32002 0.06881 0.22375 0.37791
1.05699 0.04020 0.98645 1.09976
0.23554 0.01190 0.22146 0.25150
0.99196 0.00799 0.98240 1.00602
0.45181 0.02147 0.42612 0.47727
-0.01375 0.00000 -0.01375 -0.01375
0.29609 0.20806 -0.11065 0.45615
1.00584 0.02490 0.98585 1.05288
0.63497 0.18005 0.50141 0.98731
0.20024 0.01766 0.17136 0.22094
0.95332 0.03703 0.91439 1.02060
