# avg	std	min	max
0.49180 0.01304 0.47441 0.51097
0.31102 0.00677 0.29801 0.31782
0.05137 0.01362 0.02877 0.07116
-0.09793 0.01909 -0.12260 -0.07340
-0.06067 0.00318 -0.06410 -0.05649
-0.09741 0.00926 -0.11569 -0.09148
-0.11958 0.01801 -0.15525 -0.10619
0.01123 0.01654 -0.01827 0.02961
-0.07983 0.00926 -0.09556 -0.06709
0.44237 0.01740 0.41724 0.46267
-0.01190 0.00986 -0.02134 0.00697
0.14853 0.01172 0.13836 0.17092
-0.10443 0.00457 -0.10797 -0.09601
0.00296 0.01596 -0.01654 0.01777
0.12043 0.05754 0.04569 0.19312
0.01057 0.00234 0.00619 0.01321
0.16179 0.02491 0.13307 0.19454
-0.00156 0.00173 -0.00503 -0.00069
-0.12439 0.02084 -0.14209 -0.08418
0.24576 0.00597 0.23838 0.25599
0.57254 0.01866 0.54775 0.59774
-0.23968 0.01898 -0.26759 -0.21322
0.14942 0.00949 0.13908 0.16662
