# avg	std	min	max
1.30373 0.19092 0.97352 1.50001
0.67626 0.13521 0.51360 0.83690
1.74558 0.20812 1.34186 1.89879
-0.21152 0.03267 -0.25392 -0.15901
1.66679 0.23308 1.20108 1.80012
-0.37051 0.04596 -0.45846 -0.33246
-1.01829 0.20573 -1.29635 -0.77097
1.08278 0.23180 0.83407 1.48978
4.28811 0.10428 4.10201 4.40469
0.10460 0.15272 -0.07232 0.31658
1.66023 0.22639 1.34481 1.98907
0.32523 0.20820 0.12912 0.61734
-0.53749 0.41397 -1.11610 0.11780
0.26159 0.03136 0.21793 0.29758
-0.17058 0.05606 -0.21670 -0.06437
3.01367 0.09073 2.88792 3.10158
1.71646 0.05022 1.64598 1.79584
0.00470 0.01449 -0.00255 0.03368
-0.70291 0.17441 -0.96357 -0.42026
-0.24461 0.02980 -0.28817 -0.20277
2.71333 0.42092 2.25899 3.24174
0.40729 0.42954 -0.15093 1.15604
6.51945 0.44072 6.19383 7.39268
