# avg	std	min	max
0.68585 0.00000 0.68585 0.68585
0.77674 0.00511 0.77418 0.78697
0.86433 0.00013 0.86411 0.86446
0.31733 0.00507 0.30720 0.31996
0.85583 0.00360 0.85273 0.86042
0.71757 0.00601 0.70632 0.72277
0.74671 0.00203 0.74550 0.75076
0.73931 0.00002 0.73929 0.73933
2.11571 0.00802 2.10538 2.12859
0.15435 0.00217 0.15279 0.15862
0.40319 0.00035 0.40265 0.40370
0.66127 0.00382 0.65875 0.66888
0.76492 0.01095 0.75916 0.78680
0.52226 0.20197 0.34778 0.76949
0.37295 0.04770 0.28008 0.40444
1.00630 0.00008 1.00622 1.00641
0.91985 0.01329 0.91022 0.94606
-0.00642 0.00348 -0.01170 -0.00364
-0.13258 0.11718 -0.36109 -0.02736
0.24218 0.09069 0.14411 0.35198
0.76420 0.00514 0.75502 0.77061
0.70003 0.00537 0.69464 0.70980
1.11540 0.00356 1.11112 1.12047
