# avg	std	min	max
2.24700 0.04359 2.18507 2.31021
1.87671 0.05352 1.77912 1.93940
0.60248 0.01785 0.57718 0.62602
-0.34986 0.01821 -0.37504 -0.32970
0.02213 0.01236 0.01129 0.03776
-0.21860 0.04578 -0.27023 -0.14811
0.61119 0.16428 0.45860 0.90793
0.46476 0.04858 0.40888 0.52950
0.71049 0.07256 0.59718 0.80537
1.93393 0.01284 1.91285 1.95158
0.95967 0.03029 0.93101 1.01439
1.09850 0.02554 1.07448 1.13095
0.65253 0.05073 0.59413 0.72807
0.54368 0.04264 0.49032 0.59837
0.88125 0.02777 0.85845 0.93432
1.59238 0.03224 1.54836 1.63989
0.84530 0.02188 0.82215 0.87462
-0.01477 0.00157 -0.01767 -0.01292
0.61387 0.02487 0.58938 0.64374
1.59149 0.03044 1.54919 1.63196
1.87520 0.03346 1.83401 1.91556
0.83680 0.23042 0.47898 1.12977
0.89411 0.04512 0.81752 0.93954
