# avg	std	min	max
0.25179 0.00341 0.24895 0.25597
0.01186 0.00583 0.00656 0.02207
0.38285 0.00300 0.37961 0.38722
0.04851 0.00478 0.04125 0.05609
0.25801 0.03316 0.21323 0.29303
0.13776 0.02000 0.11095 0.16003
-0.01883 0.00309 -0.02253 -0.01383
-0.01102 0.01009 -0.02756 0.00424
-0.24079 0.04275 -0.28880 -0.17949
0.47798 0.00826 0.47009 0.49398
0.27690 0.00253 0.27470 0.28003
0.47066 0.00534 0.46239 0.47859
0.02947 0.00917 0.01929 0.04520
0.32184 0.01780 0.29727 0.34084
0.06062 0.00979 0.05406 0.08004
0.23652 0.01544 0.22054 0.26602
0.25351 0.00448 0.24740 0.26094
-0.01332 0.01004 -0.02694 -0.00069
-0.00065 0.02937 -0.04225 0.03277
0.29545 0.00465 0.29090 0.30192
0.72763 0.08686 0.59545 0.83377
0.00143 0.02124 -0.02674 0.02986
0.74771 0.02326 0.71765 0.78473
