# avg	std	min	max
2.91552 0.06922 2.80496 3.00373
1.39576 0.01719 1.38129 1.42912
0.27260 0.11492 0.16082 0.41726
-0.99867 0.01899 -1.01901 -0.96535
0.09548 0.07305 0.00737 0.18499
-0.57269 0.05190 -0.60879 -0.47061
-0.66801 0.09557 -0.78001 -0.53107
0.73817 0.18431 0.43009 0.94516
2.62172 0.04210 2.55970 2.67810
2.38955 0.00955 2.38113 2.40733
1.97217 0.00641 1.96418 1.97939
1.00714 0.00868 0.99673 1.01881
-0.31118 0.12027 -0.51179 -0.14604
1.40652 0.02254 1.38184 1.44563
0.34431 0.00513 0.34107 0.35447
2.47417 0.04369 2.39019 2.51831
1.92435 0.03361 1.85865 1.95345
-0.00000 0.00000 -0.00000 -0.00000
-0.23912 0.13034 -0.37004 0.00569
0.96463 0.04887 0.88788 1.04037
4.23331 0.12680 4.02501 4.39346
1.78806 0.48277 1.26481 2.35465
3.53190 0.50109 2.99836 4.42894
