# avg	std	min	max
0.34814 0.01281 0.33160 0.36295
-0.11213 0.02537 -0.14944 -0.08272
1.13249 0.01182 1.11396 1.14740
0.15605 0.02626 0.11496 0.19328
0.80890 0.03580 0.77777 0.87587
0.32317 0.03409 0.27401 0.37212
0.19431 0.02007 0.15690 0.21734
0.42798 0.02030 0.40706 0.45515
4.10969 0.03550 4.06956 4.15687
0.56208 0.01901 0.52855 0.58763
0.96072 0.02729 0.90700 0.97974
0.86208 0.01349 0.84754 0.88614
0.25563 0.01632 0.23639 0.28094
0.59391 0.01523 0.56462 0.60664
-0.26095 0.01280 -0.28435 -0.24721
0.37626 0.00805 0.36794 0.39007
0.26157 0.01134 0.24110 0.27303
-0.00561 0.00000 -0.00561 -0.00561
0.12235 0.05954 0.01016 0.17439
0.65973 0.02717 0.62857 0.69459
1.25449 0.02827 1.21531 1.28470
-0.59066 0.03222 -0.63226 -0.55556
2.52836 0.07183 2.45913 2.61933
