# avg	std	min	max
1.14421 0.10766 0.95321 1.27242
0.16579 0.12950 0.05998 0.42099
-0.03795 0.31936 -0.32254 0.36980
-0.92080 0.04635 -0.97528 -0.84885
-0.54051 0.28575 -0.87971 -0.20660
-1.35744 0.34628 -2.02166 -1.01030
-0.17155 0.08783 -0.26625 -0.02088
0.00755 0.07295 -0.09875 0.10346
2.21604 0.09191 2.05688 2.33655
0.24114 0.03286 0.19824 0.29397
-0.10047 0.23269 -0.40409 0.29554
0.74070 0.26589 0.31343 0.98339
0.09447 0.03001 0.05201 0.14592
-0.59761 0.25190 -0.92708 -0.24614
0.19555 0.03406 0.15926 0.25213
0.99041 0.06686 0.86462 1.04467
0.63060 0.11441 0.48551 0.81386
-0.00769 0.02216 -0.04124 0.02806
-0.05522 0.12329 -0.26361 0.11274
0.20147 0.07057 0.13132 0.33399
1.56890 0.09566 1.42750 1.67586
0.59974 0.07286 0.47677 0.70223
1.80789 0.09187 1.66578 1.93059
