# avg	std	min	max
1.29750 0.05816 1.25218 1.40187
0.51238 0.04104 0.45865 0.58016
0.89860 0.06454 0.82167 0.98173
-0.04185 0.06750 -0.13046 0.04480
0.55769 0.05381 0.50615 0.63462
0.10253 0.11584 -0.12150 0.20804
-0.10674 0.01406 -0.12012 -0.08807
0.44048 0.60722 -0.39776 0.98034
0.08757 0.23226 -0.12534 0.52145
1.06561 0.01818 1.03150 1.08598
1.16220 0.10687 1.00551 1.32760
0.93398 0.03022 0.89558 0.98120
-0.19959 0.37375 -0.57986 0.28703
0.39145 0.01306 0.37217 0.40664
0.47663 0.07566 0.36836 0.57321
1.17005 0.04768 1.08726 1.23383
0.95269 0.03557 0.89974 1.00649
-0.00942 0.01432 -0.03611 0.00730
0.23717 0.06589 0.12392 0.31646
0.38614 0.08609 0.29548 0.52839
1.64602 0.07578 1.50940 1.71776
0.77917 0.05396 0.68035 0.83617
2.51539 0.15607 2.33434 2.77841
