# avg	std	min	max
2.13486 0.03571 2.08478 2.17730
1.18261 0.00771 1.16899 1.19140
1.33632 0.01143 1.31582 1.34734
0.62006 0.16287 0.43583 0.91058
0.65805 0.03803 0.60443 0.72320
0.54417 0.04265 0.49297 0.61305
1.70679 0.11258 1.60308 1.90435
1.95264 0.14654 1.84362 2.23808
3.51692 0.04441 3.43418 3.55666
1.72289 0.02227 1.69722 1.75487
2.47668 0.05627 2.42971 2.58551
2.12700 0.00631 2.11775 2.13626
1.88340 0.04908 1.82841 1.96254
2.41019 0.35645 1.74786 2.69157
1.15074 0.01167 1.13674 1.16573
3.72917 0.01995 3.71065 3.76634
1.90363 0.01112 1.89025 1.91510
-0.00247 0.00000 -0.00247 -0.00247
0.29132 0.07323 0.15259 0.35903
2.92042 0.12982 2.66187 2.99661
2.84893 0.24302 2.62010 3.30494
2.36264 0.74334 1.71322 3.81449
3.43441 0.04571 3.35046 3.48293
