# avg	std	min	max
1.47131 0.01011 1.45685 1.48612
1.23031 0.02125 1.18874 1.24892
1.13817 0.00360 1.13338 1.14241
-0.62264 0.02902 -0.66347 -0.58333
0.58542 0.01907 0.56764 0.61856
-0.27129 0.01630 -0.28834 -0.24171
0.33887 0.00472 0.33443 0.34793
0.97438 0.04988 0.88123 1.02879
3.17094 0.14048 3.04320 3.44245
1.19946 0.01506 1.17125 1.21417
0.98724 0.00593 0.97740 0.99403
0.67758 0.08789 0.62902 0.85308
0.41614 0.01865 0.39398 0.44060
0.07709 0.00247 0.07332 0.07917
0.53882 0.02028 0.50405 0.56651
1.55621 0.04487 1.47664 1.60629
1.35426 0.00569 1.34707 1.36459
-0.00000 0.00000 -0.00000 -0.00000
0.45667 0.09176 0.29909 0.55958
0.80015 0.01753 0.77343 0.81955
2.30727 0.03483 2.27168 2.37188
-0.81187 0.18578 -0.97230 -0.50929
3.54547 0.06276 3.44820 3.60530
