# avg	std	min	max
2.55248 0.13907 2.40805 2.80424
1.16153 0.14894 1.00260 1.37399
1.27933 0.20621 0.94061 1.45809
-0.47111 0.09578 -0.57787 -0.31279
0.61915 0.55140 -0.02222 1.43288
-0.04847 0.21390 -0.25949 0.28109
-0.21832 0.28270 -0.53746 0.19995
0.97753 0.25984 0.74637 1.44452
0.61457 0.31285 0.21588 0.87753
2.36563 0.07354 2.28937 2.49658
2.82379 0.49462 1.88551 3.24546
1.63654 0.21817 1.39026 1.99527
-1.29043 0.05149 -1.38197 -1.23399
1.87993 0.34658 1.36940 2.26222
1.03939 0.06371 0.95634 1.15150
2.63098 0.30727 2.14884 2.98818
0.72331 0.24369 0.30489 0.95586
0.00000 0.00000 0.00000 0.00000
1.40103 0.43972 0.58381 1.74930
0.93919 0.32770 0.57484 1.53787
3.87327 0.45940 3.23825 4.58804
-0.35643 0.28350 -0.66095 0.10658
6.19161 1.32514 4.34431 7.62052
