# avg	std	min	max
-1.24465 0.00546 -1.25549 -1.24111
0.52686 0.00000 0.52686 0.52686
0.80543 0.00832 0.79280 0.81464
0.39767 0.00045 0.39739 0.39856
2.37989 0.00749 2.36800 2.38767
0.41058 0.03042 0.37677 0.46014
-0.08417 0.01714 -0.10005 -0.05314
0.19961 0.02940 0.15835 0.23410
5.15201 0.05433 5.11044 5.25916
0.31415 0.01615 0.28459 0.33409
0.27938 0.00684 0.26755 0.28769
0.12107 0.00646 0.11784 0.13399
0.13399 0.01367 0.11017 0.14715
0.03248 0.06867 -0.10447 0.07213
0.07742 0.00493 0.07117 0.08366
-0.64048 0.26615 -0.90681 -0.13817
-0.05998 0.07309 -0.16742 0.02942
-0.00255 0.00246 -0.00745 -0.00117
0.01671 0.06430 -0.10498 0.07419
-0.09008 0.01932 -0.10734 -0.05259
0.07930 0.03147 0.02902 0.12537
-0.00301 0.15442 -0.30030 0.15083
1.74000 0.06341 1.67518 1.85172
