# avg	std	min	max
0.15747 0.00130 0.15619 0.15913
-0.00249 0.00000 -0.00249 -0.00249
0.09700 0.01376 0.08184 0.11457
-0.15154 0.01423 -0.16561 -0.12456
0.02611 0.00227 0.02242 0.02932
-0.30887 0.04179 -0.36344 -0.25033
-0.42884 0.02569 -0.47636 -0.40209
-0.19736 0.02664 -0.21580 -0.14538
-0.38394 0.00389 -0.38728 -0.37650
0.13226 0.00385 0.12877 0.13728
-0.00772 0.00299 -0.01089 -0.00204
0.15158 0.00637 0.14102 0.15824
-0.28834 0.02172 -0.32316 -0.25769
0.20750 0.01293 0.18165 0.21461
-0.25231 0.06808 -0.33493 -0.17287
-0.02772 0.00136 -0.03008 -0.02640
-0.67966 0.04256 -0.70739 -0.59545
-0.00255 0.00357 -0.00968 -0.00077
-0.02814 0.08419 -0.13762 0.10827
-0.09236 0.01786 -0.11692 -0.07124
-0.79830 0.06130 -0.88278 -0.70398
-0.26884 0.08694 -0.43758 -0.20225
0.07341 0.02267 0.04901 0.11104
