# avg	std	min	max
0.97784 0.00921 0.97323 0.99626
0.32274 0.00000 0.32274 0.32274
0.43394 0.08764 0.29592 0.53782
-0.22741 0.15456 -0.42322 -0.02222
-0.19187 0.18738 -0.41175 0.09758
-0.73861 0.12546 -0.90880 -0.57034
0.08843 0.06116 0.00488 0.19517
0.92326 0.11872 0.80119 1.15060
-0.70666 0.23896 -1.05682 -0.45916
0.66558 0.00056 0.66528 0.66670
1.16431 0.28239 0.94754 1.68489
0.35592 0.08703 0.18187 0.39957
0.07149 0.20178 -0.30535 0.28158
1.02050 0.27722 0.53806 1.37532
0.41888 0.03356 0.38713 0.47549
2.18861 0.14075 1.92224 2.33807
0.40388 0.04099 0.34751 0.44013
-0.00104 0.00000 -0.00104 -0.00104
0.29004 0.03082 0.25681 0.34478
1.32394 0.08954 1.23216 1.48379
0.72372 0.44621 0.27058 1.37655
-0.04785 0.75458 -1.08723 0.98479
1.03075 0.05790 0.94781 1.12582
