# avg	std	min	max
1.97762 0.00000 1.97762 1.97762
0.90762 0.00063 0.90689 0.90879
0.56124 0.03487 0.50126 0.59661
-0.13570 0.03092 -0.17047 -0.08745
-0.18892 0.04313 -0.24466 -0.11637
0.01085 0.05966 -0.05663 0.10031
0.49092 0.17215 0.16470 0.62693
0.46647 0.09914 0.34343 0.58587
3.86360 0.21386 3.46671 4.06353
1.91073 0.00524 1.90587 1.92030
1.22151 0.03149 1.16918 1.25829
1.58322 0.00081 1.58228 1.58437
0.62080 0.20419 0.25151 0.80536
1.49916 0.02127 1.48222 1.54117
0.49167 0.02560 0.45751 0.53696
1.63696 0.00810 1.62870 1.65071
0.85979 0.02322 0.82447 0.88219
-0.01943 0.00000 -0.01943 -0.01943
-0.05697 0.45551 -0.95459 0.24527
1.16625 0.02598 1.14915 1.21775
1.83094 0.02224 1.80513 1.86767
0.53580 0.14002 0.37610 0.72900
1.71212 0.11064 1.61327 1.91926
