# avg	std	min	max
2.40592 0.00934 2.39499 2.41946
1.10811 0.04427 1.05929 1.16524
0.18353 0.03844 0.14408 0.24408
-0.16316 0.02758 -0.20432 -0.12106
0.66230 0.02601 0.61970 0.69650
0.03422 0.04380 -0.00719 0.11668
1.88496 0.04351 1.81000 1.92498
1.96192 0.35585 1.45816 2.29755
7.01876 0.10933 6.86562 7.18783
1.70603 0.03816 1.65929 1.77372
1.63478 0.04109 1.59008 1.70231
1.29620 0.03458 1.26176 1.35391
2.81075 0.30765 2.27307 3.19188
2.21400 0.05645 2.12489 2.26440
0.80724 0.07899 0.71033 0.90285
2.43503 0.02383 2.40235 2.46296
1.15962 0.03313 1.12217 1.21509
-0.01815 0.04068 -0.08335 0.04138
0.36214 0.09234 0.23231 0.51354
2.00255 0.04311 1.96600 2.08543
2.69986 0.08768 2.60400 2.85325
2.58672 0.37139 2.06270 3.12591
5.41826 0.07817 5.30537 5.50431
