# avg	std	min	max
1.37404 0.12186 1.26146 1.58924
0.67783 0.16454 0.49254 0.97211
0.57280 0.16127 0.46180 0.89207
-0.16002 0.09339 -0.27398 -0.00806
0.52707 0.06140 0.46055 0.62894
0.21360 0.07445 0.10349 0.30366
1.98751 0.28342 1.69669 2.52064
3.21882 0.44565 2.39060 3.60907
5.12339 0.13452 4.86315 5.25206
0.82879 0.06857 0.77006 0.95999
0.84747 0.11222 0.74328 1.05605
0.82194 0.01257 0.80589 0.83996
2.97103 0.71553 2.19556 4.12716
1.54952 0.05693 1.51524 1.66245
0.75592 0.08400 0.66919 0.88762
2.85016 0.17449 2.56925 3.00533
1.33667 0.02847 1.28494 1.36350
-0.02033 0.00000 -0.02033 -0.02033
-0.54134 0.59165 -1.31421 0.01706
2.17972 0.26322 1.73637 2.46917
3.39058 0.11393 3.25103 3.52453
3.07468 0.50120 2.39482 3.86401
4.44550 0.04595 4.39374 4.51544
