# avg	std	min	max
-0.18625 0.02274 -0.21295 -0.15635
0.83776 0.00887 0.82303 0.85064
2.08374 0.01972 2.05521 2.10496
1.05456 0.01515 1.03642 1.07780
3.08248 0.02024 3.05829 3.11539
2.22812 0.10729 2.09443 2.38443
0.55026 0.01189 0.53730 0.57088
2.35394 0.12510 2.19450 2.49607
4.38958 0.01857 4.35773 4.41096
0.62121 0.01637 0.60227 0.64289
2.76212 0.02146 2.73383 2.78782
0.66837 0.01381 0.65321 0.69020
0.86288 0.01566 0.84452 0.88412
0.37968 0.02371 0.34390 0.40002
0.43816 0.02160 0.40213 0.46132
0.65691 0.01837 0.62873 0.68195
0.77008 0.01400 0.75419 0.79590
-0.01537 0.00598 -0.02452 -0.00702
-0.06295 0.06122 -0.15207 0.02348
0.60490 0.00831 0.59065 0.61471
1.25220 0.01497 1.22507 1.26516
0.83357 0.01579 0.80579 0.85095
3.69828 0.00765 3.68928 3.71229
