# avg	std	min	max
1.27231 0.02428 1.24929 1.31564
0.87014 0.01681 0.84476 0.89517
0.73464 0.02277 0.70689 0.76809
0.15045 0.01898 0.12303 0.18017
0.24266 0.04140 0.18704 0.31455
0.69213 0.01873 0.67372 0.72635
0.27139 0.02561 0.24683 0.31680
0.49493 0.02946 0.46697 0.55149
2.26084 0.19150 1.97722 2.50918
1.31013 0.02874 1.29146 1.36718
1.07204 0.03123 1.02751 1.10983
1.33217 0.01718 1.30935 1.35504
0.35614 0.02185 0.32831 0.39484
0.13683 0.02217 0.11420 0.17611
0.27153 0.06517 0.17225 0.33974
1.50971 0.00918 1.49590 1.51891
1.09262 0.02917 1.05532 1.13103
-0.00240 0.01318 -0.01485 0.02220
-0.91816 0.02308 -0.95093 -0.88639
0.38454 0.03390 0.34570 0.44144
1.92753 0.01543 1.91143 1.95568
0.37161 0.01598 0.35608 0.40244
1.99366 0.02360 1.94762 2.01497
