# avg	std	min	max
-0.16050 0.01151 -0.17196 -0.13985
0.52779 0.00824 0.51586 0.53699
1.10969 0.00823 1.09651 1.12075
-0.01534 0.00000 -0.01534 -0.01534
0.37332 0.00373 0.36680 0.37685
0.66613 0.08890 0.56851 0.81648
0.34234 0.05881 0.24201 0.41427
0.26305 0.19433 -0.07276 0.50512
2.20981 0.32653 1.90488 2.68885
0.58934 0.00607 0.58015 0.59643
1.12879 0.00916 1.11515 1.13889
0.67284 0.01067 0.65542 0.68583
0.31842 0.08653 0.25024 0.48279
0.25459 0.02085 0.23107 0.29251
0.50728 0.24739 0.04589 0.68922
0.20670 0.01209 0.18844 0.22062
0.40625 0.01384 0.38913 0.42946
0.25429 0.02370 0.22244 0.29222
0.03368 0.01184 0.01769 0.04870
0.96094 0.06155 0.85269 1.00888
0.66057 0.02095 0.62349 0.68175
0.38835 0.11192 0.23683 0.57942
1.93879 0.22870 1.48482 2.09900
