# avg	std	min	max
4.85563 0.02730 4.82601 4.90654
3.34343 0.01214 3.32057 3.35460
3.62735 0.08080 3.51969 3.72873
-0.02954 0.02115 -0.05154 0.00000
3.90643 0.23582 3.73587 4.36557
0.77358 0.04488 0.71197 0.83068
0.72076 0.02605 0.67281 0.74828
2.30415 0.09236 2.12386 2.38259
4.82619 0.29645 4.27367 5.14486
3.75138 0.01996 3.73253 3.77683
3.87461 0.02471 3.83759 3.91082
2.89504 0.04310 2.85817 2.97730
1.05974 0.11389 0.96744 1.27839
2.84236 0.15910 2.72667 3.15801
2.50905 0.02997 2.47687 2.56012
4.38818 0.05023 4.30903 4.44111
3.90649 0.03808 3.84650 3.94497
1.33308 0.25549 0.98059 1.68925
2.24461 0.74134 1.23263 2.88806
3.20454 0.02839 3.15625 3.24014
6.18598 0.03413 6.14242 6.23286
4.62057 0.55259 3.70252 5.21914
8.94657 0.27560 8.59366 9.26780
