# avg	std	min	max
5.45251 0.00493 5.44629 5.46133
3.78649 0.01427 3.76877 3.80603
2.00555 0.01270 1.98510 2.02115
-0.01292 0.01049 -0.02573 -0.00075
1.74150 0.53998 1.06648 2.29323
0.17681 0.04560 0.12244 0.26075
4.93476 0.43241 4.38736 5.48178
13.70768 0.42071 13.11720 14.12670
6.05125 1.14507 4.83618 7.41675
5.22141 0.01104 5.20438 5.23640
4.02349 0.00638 4.01325 4.02988
3.60138 0.01884 3.58594 3.63825
8.00834 1.31662 6.25602 9.94715
4.67024 0.02466 4.63189 4.69765
4.35101 0.08622 4.22294 4.47534
5.13328 0.02409 5.08936 5.15624
4.91212 0.02951 4.86195 4.95176
4.00848 0.62509 3.44383 4.82625
10.62220 2.63899 7.31270 15.06670
4.46907 0.56313 3.93585 5.25737
7.97171 0.03637 7.93381 8.03380
28.89968 1.78036 26.27060 31.06680
9.44543 0.10502 9.28106 9.57816
