# avg	std	min	max
3.71980 0.06093 3.68417 3.84106
2.90232 0.09784 2.76809 3.01430
2.25889 0.06377 2.19322 2.35570
-0.02655 0.05701 -0.13108 0.02716
0.66657 0.14518 0.53474 0.94014
-0.09424 0.39144 -0.58368 0.48392
1.06413 0.12634 0.87544 1.21682
2.26854 0.64069 1.45416 2.91585
2.06228 0.05522 2.01359 2.16223
3.59316 0.03692 3.54038 3.64940
2.27467 0.03540 2.22186 2.33259
3.08617 0.06040 2.98109 3.14436
3.09732 0.16667 2.87533 3.30105
2.23606 0.04613 2.18881 2.29513
1.79339 0.06169 1.68756 1.86329
3.09220 0.11670 2.92565 3.26451
2.39988 0.03129 2.34403 2.43147
1.42907 0.08434 1.31930 1.54881
1.84133 0.04422 1.78888 1.92013
0.65224 0.07050 0.58753 0.74579
4.19681 0.08431 4.07076 4.30171
5.34123 1.22945 4.04459 6.86259
3.29548 0.08439 3.16624 3.37846
