# avg	std	min	max
4.03239 0.02720 3.99131 4.06302
2.73712 0.03004 2.69303 2.78505
3.85035 0.09190 3.67179 3.91748
-0.01861 0.02661 -0.06282 0.01304
2.90215 0.03538 2.84312 2.95412
-0.14651 0.05311 -0.24815 -0.09138
0.04309 0.05647 -0.02799 0.11277
1.01877 0.17467 0.85732 1.33904
11.84584 0.07033 11.72170 11.91210
4.10487 0.02911 4.06645 4.13834
5.32478 0.13978 5.05075 5.41892
3.01284 0.04206 2.95250 3.06261
1.42733 0.04230 1.38210 1.49709
3.74747 0.02332 3.70871 3.76892
2.46129 0.04519 2.40959 2.52190
4.42008 0.02084 4.38800 4.45355
3.95370 0.24140 3.55524 4.18512
2.02617 0.37570 1.54556 2.50495
3.79337 0.46488 3.22504 4.28574
3.34519 0.18361 3.00253 3.55844
7.65157 0.10763 7.47505 7.76191
12.18423 1.56606 9.89706 13.93610
11.65200 1.15537 9.46311 12.83790
