# avg	std	min	max
0.93920 0.01790 0.91286 0.96004
0.42620 0.00000 0.42620 0.42620
0.65115 0.00170 0.64791 0.65285
0.00002 0.00042 -0.00072 0.00035
0.30896 0.00488 0.30329 0.31639
0.05293 0.01365 0.03140 0.06771
-0.02124 0.00215 -0.02262 -0.01698
0.34855 0.01047 0.33016 0.36245
2.82220 0.29711 2.38654 3.23932
0.16797 0.00243 0.16373 0.17017
0.10530 0.00417 0.09929 0.11078
0.77755 0.00025 0.77708 0.77781
0.04282 0.01449 0.03064 0.06085
0.19022 0.00129 0.18765 0.19095
0.00709 0.01083 -0.00988 0.02376
1.01431 0.00312 1.01030 1.01969
0.60954 0.00346 0.60443 0.61506
-0.15720 0.02001 -0.17655 -0.12849
-0.46039 0.13668 -0.68480 -0.28204
0.09048 0.00887 0.07381 0.10053
1.17209 0.00495 1.16870 1.18185
-0.37627 0.18917 -0.55019 -0.00754
1.31456 0.01328 1.30158 1.33429
