# avg	std	min	max
5.34207 0.09151 5.16093 5.40383
4.18932 0.04910 4.13459 4.26282
2.34572 0.25560 2.17374 2.85363
-0.09687 0.08069 -0.20995 0.02095
0.81246 0.04239 0.77489 0.88519
0.59139 0.21798 0.16641 0.78311
-0.38083 0.13782 -0.59929 -0.23026
3.53230 1.40683 1.52611 5.08563
7.44222 0.17804 7.21488 7.70691
5.27722 0.05751 5.20528 5.34150
5.81418 0.22929 5.40071 6.00253
3.73762 0.02696 3.70355 3.76878
0.82326 0.44291 0.23443 1.50506
3.75998 0.18918 3.52294 4.05218
3.30421 0.26536 2.90934 3.59414
5.78885 0.05056 5.70373 5.86230
4.44297 0.10309 4.26890 4.57775
3.55687 0.11414 3.41641 3.66173
2.63402 0.12444 2.39415 2.75648
2.28174 0.09621 2.14174 2.41240
7.01706 0.07764 6.93992 7.14846
14.91212 5.07795 7.18670 21.44380
6.35520 0.53191 5.88933 7.37206
