# avg	std	min	max
5.34092 0.00317 5.33531 5.34428
3.40230 0.00246 3.39753 3.40430
3.53305 0.40262 3.19181 4.02706
-0.00415 0.00257 -0.00796 -0.00045
2.51775 0.34819 2.24630 3.16448
0.91287 0.11674 0.77672 1.09597
4.02652 0.58878 3.40668 4.95204
12.05906 1.64267 9.91158 14.95720
7.81559 0.03810 7.75291 7.85589
4.03904 0.00339 4.03392 4.04384
5.05646 0.33831 4.38034 5.24968
3.44792 0.00377 3.44152 3.45284
8.43215 2.49905 5.83725 13.01420
2.70828 0.00694 2.69566 2.71365
4.88476 0.99973 3.49790 6.16772
5.41408 0.01281 5.40061 5.43631
4.65222 0.30737 4.25998 4.97944
7.03582 1.51509 4.26863 8.66765
10.12872 1.24287 8.00379 11.84470
7.94806 1.25218 6.68545 10.02800
9.91541 0.34399 9.54076 10.56620
19.17296 3.64526 13.01440 23.09040
11.43444 0.37639 10.91450 11.77850
