# avg	std	min	max
5.01552 0.01132 4.99955 5.02986
3.81695 0.01133 3.80051 3.83140
2.18898 0.02108 2.16061 2.22390
-0.02135 0.02385 -0.05534 0.01513
1.72217 0.01537 1.69916 1.73950
0.47992 0.06351 0.40337 0.57215
-0.26759 0.32362 -0.66473 0.18495
4.93884 1.04136 3.77622 6.15261
3.12132 0.03535 3.09149 3.18583
4.56518 0.02281 4.53021 4.59983
4.11992 0.00835 4.10975 4.12967
3.72485 0.01679 3.70321 3.74679
4.16583 0.34703 3.58562 4.54626
2.72800 0.02149 2.70795 2.76354
2.18598 0.03920 2.15013 2.26107
4.19123 0.01234 4.17217 4.20639
3.35151 0.01788 3.33457 3.37816
4.42389 0.15702 4.27588 4.65597
6.41098 0.76608 5.14427 7.30135
3.27169 0.24421 3.11277 3.75717
5.75928 0.10283 5.59110 5.87667
19.52902 0.67563 18.90100 20.78400
6.76991 0.10569 6.59164 6.89748
