# avg	std	min	max
5.22736 0.09092 5.05825 5.33409
3.53500 0.10617 3.35356 3.64296
3.02414 0.00437 3.01891 3.03073
-0.01264 0.01627 -0.04170 0.00000
2.62237 0.10992 2.55822 2.84101
-0.12001 0.11490 -0.25740 0.03474
3.78460 1.51071 1.05796 4.98000
5.80352 0.45983 5.22168 6.53578
1.49939 0.01455 1.47121 1.51095
4.75926 0.59422 3.57110 5.07106
3.91944 0.61760 2.68444 4.24418
3.52719 0.02823 3.49267 3.57891
4.31890 1.50716 2.70339 7.01349
4.19371 0.02007 4.16063 4.21906
2.87496 0.02075 2.83531 2.89259
5.26940 0.03848 5.21996 5.31937
4.74558 0.07818 4.60254 4.83909
3.60822 0.17625 3.38744 3.85823
3.65644 0.06632 3.53349 3.71555
3.19005 0.06368 3.08415 3.25296
7.90372 0.11427 7.78378 8.10130
8.50319 3.62445 4.19623 13.17130
7.08033 0.04941 7.01860 7.15508
