# avg	std	min	max
5.48946 0.04812 5.42678 5.57512
3.91640 0.02063 3.89157 3.95358
2.51651 0.04417 2.46435 2.59566
-0.04376 0.03977 -0.10494 -0.00293
2.16911 0.03320 2.12172 2.22140
0.04287 0.12692 -0.17536 0.21010
-0.01635 0.22849 -0.35767 0.18882
2.01660 0.28333 1.60625 2.48947
4.37163 0.23796 4.15030 4.75209
4.39442 0.10372 4.18973 4.47389
3.67408 0.01584 3.65871 3.69698
4.07367 0.03783 4.01722 4.13293
1.58023 0.85705 0.77763 3.12943
4.57449 0.03670 4.51963 4.61936
3.73870 0.18519 3.39523 3.93136
6.65594 0.03105 6.59544 6.67901
5.67624 0.10116 5.55087 5.83617
2.70874 0.06141 2.65235 2.82712
4.06081 0.41951 3.53118 4.82219
3.20061 1.09143 2.32692 5.32217
9.59734 0.87003 8.50201 10.66990
9.34636 4.63678 4.76579 15.27550
8.79763 0.39673 8.35501 9.49677
