# avg	std	min	max
5.52356 0.01255 5.50037 5.53456
3.90584 0.01242 3.89008 3.92239
2.92543 0.03008 2.86846 2.95507
-0.05952 0.02968 -0.09641 -0.01529
2.23838 0.55162 1.91751 3.34001
-0.30010 0.09636 -0.42740 -0.15249
0.44342 0.76715 -0.61144 1.13457
6.87710 1.36406 4.51996 8.48527
10.29765 0.29093 9.81727 10.57110
5.49249 0.03722 5.44777 5.53447
5.62317 0.02022 5.60082 5.65814
4.01548 0.00816 4.00470 4.02328
4.57752 1.14951 2.33286 5.38350
4.04182 0.04915 3.97501 4.09928
3.42343 0.03469 3.38937 3.49014
6.43983 0.02349 6.41019 6.46677
5.85597 0.05227 5.80620 5.94205
1.74298 0.48399 0.78774 2.06340
1.49571 0.38947 1.15168 2.20515
3.71889 0.13724 3.47568 3.85543
9.96414 0.03413 9.93313 10.02920
16.78444 6.35082 11.17680 28.46190
13.45256 0.77133 12.77080 14.85440
