# avg	std	min	max
4.54996 0.00851 4.54040 4.56368
3.24386 0.00718 3.23425 3.25653
2.24949 0.01617 2.22875 2.26514
-0.01494 0.01224 -0.03495 -0.00064
1.23130 0.00066 1.23021 1.23201
-0.42334 0.01398 -0.44914 -0.40775
2.07116 0.94657 0.17861 2.57026
2.91272 0.05121 2.86629 2.97864
5.02327 0.01049 5.00793 5.03622
3.92152 0.00776 3.91053 3.93327
2.76453 0.00725 2.75144 2.77158
2.41669 0.00892 2.40231 2.42447
2.58818 0.01183 2.57077 2.60398
3.45980 0.01560 3.43324 3.48225
2.51426 0.26988 1.99348 2.75615
4.05400 0.00497 4.04868 4.06020
3.19280 0.02842 3.13798 3.21645
1.98534 0.10720 1.89041 2.19089
2.03044 0.19607 1.90797 2.42024
2.20446 0.00552 2.19737 2.21108
4.41282 0.06783 4.29988 4.47903
2.01718 0.04413 1.95581 2.07808
5.51507 0.04183 5.44586 5.57648
