# avg	std	min	max
0.77408 0.00388 0.77063 0.78105
0.52721 0.00404 0.52176 0.53199
1.11978 0.00909 1.11387 1.13785
-0.02530 0.02750 -0.07899 -0.00321
1.84469 0.01410 1.83154 1.87184
-0.14636 0.07443 -0.22953 -0.01837
-0.96720 0.00635 -0.97530 -0.95706
-1.00055 0.04123 -1.03705 -0.92199
2.89764 0.01186 2.88338 2.91715
0.85086 0.09147 0.73327 0.95446
1.64471 0.13303 1.37922 1.72756
0.68448 0.01416 0.67407 0.71058
-1.33603 0.00538 -1.34296 -1.32930
1.80330 0.03268 1.76734 1.85357
1.17685 0.28708 0.61091 1.39953
2.66355 0.02867 2.63432 2.70065
2.28045 0.06340 2.19822 2.36951
0.12473 0.25675 -0.22044 0.45585
-0.66624 0.08581 -0.79233 -0.57836
0.58575 0.15774 0.50055 0.90116
3.77137 0.07796 3.68314 3.88720
-0.08655 0.07965 -0.16651 0.04956
10.89978 0.41939 10.29180 11.27280
