# avg	std	min	max
3.15176 0.02959 3.11584 3.18736
2.67615 0.01973 2.65206 2.70850
1.26101 0.03866 1.21921 1.33412
0.00083 0.00167 0.00000 0.00416
0.39147 0.04879 0.32701 0.44366
-0.73477 0.02260 -0.76847 -0.70584
1.93297 0.86135 0.55312 3.17572
2.86448 0.79662 2.22386 4.40321
6.98114 0.23438 6.67956 7.31903
2.23487 0.01467 2.21672 2.25340
2.09597 0.26988 1.78454 2.45527
2.49656 0.06277 2.41205 2.58274
2.11289 0.71030 0.92410 3.14863
2.08689 0.04624 2.03031 2.14683
2.05396 0.00972 2.04126 2.06825
3.46890 0.02269 3.43897 3.49810
1.75292 0.06224 1.68165 1.85971
1.22399 0.03526 1.15906 1.25186
1.58229 0.03437 1.52736 1.63081
2.73120 0.35966 2.43200 3.21980
3.18491 0.11331 3.08636 3.39536
1.78956 0.91453 0.66122 3.04615
4.73516 0.09238 4.59598 4.87669
