# avg	std	min	max
6.05363 0.02353 6.02249 6.07519
4.63492 0.03823 4.60448 4.70871
1.23502 0.02457 1.20727 1.26568
-0.04308 0.03176 -0.07549 0.00121
0.56096 0.05687 0.51616 0.66108
-0.07995 0.03867 -0.14565 -0.03884
5.07843 0.08287 4.96462 5.22158
8.41243 1.42400 6.03679 9.78363
8.57012 1.23955 7.50951 10.09400
5.52011 0.03375 5.47981 5.58034
3.55538 0.03239 3.52565 3.60815
3.68653 0.03311 3.62920 3.72844
7.78336 0.08279 7.70854 7.94349
3.45342 0.09431 3.36218 3.57524
3.71645 0.03367 3.65240 3.74358
5.77181 0.01985 5.74514 5.80040
5.26606 0.04746 5.20380 5.34515
3.75498 0.05826 3.68742 3.85000
4.05884 0.52047 3.43060 5.01537
6.69068 1.17536 4.42084 7.59340
9.13422 0.06080 9.04484 9.22714
32.50302 1.11058 30.73070 33.95700
12.09264 0.03315 12.03720 12.13580
