# avg	std	min	max
2.01683 0.03204 1.97423 2.05847
1.77638 0.01815 1.74405 1.79423
1.25101 0.02770 1.19966 1.27721
-0.02364 0.03722 -0.09074 0.00813
1.78648 0.19728 1.57382 2.09163
0.32960 0.03319 0.29579 0.39266
-0.39940 0.05481 -0.46518 -0.31033
1.77390 0.09920 1.68265 1.94235
8.18265 0.40978 7.62241 8.55107
1.40045 0.00531 1.39152 1.40809
0.82689 0.01729 0.80359 0.85520
2.52568 0.01443 2.49793 2.53969
-0.14763 0.01771 -0.16858 -0.11997
1.04399 0.05929 0.98045 1.13262
1.21883 0.04984 1.12287 1.26252
2.61511 0.02011 2.59523 2.64483
2.01479 0.04746 1.97177 2.10654
1.12627 0.01718 1.10930 1.15460
1.45629 0.05925 1.40925 1.57282
1.69557 0.03772 1.64083 1.73304
4.70381 0.10591 4.51034 4.82667
2.78330 0.55495 2.23660 3.55786
7.14301 0.07316 7.03443 7.22621
