# avg	std	min	max
4.96107 0.09648 4.81837 5.11293
3.41700 0.17456 3.08211 3.54074
0.83466 0.01720 0.80611 0.85534
-0.02107 0.01166 -0.03056 0.00154
-0.07962 0.02199 -0.11761 -0.05674
-0.28478 0.06213 -0.37454 -0.21002
11.94210 0.24129 11.50350 12.17750
8.24351 3.82069 2.10387 12.17580
7.92679 0.77953 6.62914 8.80535
4.48427 0.09073 4.38833 4.65256
2.74826 0.04527 2.65942 2.78027
2.72689 0.08557 2.64250 2.87897
12.40643 4.50643 7.98480 18.01770
4.26226 0.07444 4.15560 4.33152
2.07169 0.02572 2.02966 2.10793
3.88481 0.16874 3.59541 4.06165
2.54411 0.45875 2.25437 3.45705
3.40698 0.38018 2.76604 3.93396
4.22795 0.67965 3.33545 5.17068
7.93458 2.27779 4.35540 9.86588
5.57103 0.36124 5.19966 6.23884
24.25130 2.44338 20.12080 27.74100
4.83864 0.61196 3.70023 5.43595
