# avg	std	min	max
0.24604 0.01793 0.23048 0.26998
0.01251 0.01912 -0.00731 0.04548
0.13003 0.01659 0.10919 0.15294
-0.01713 0.01038 -0.02814 -0.00199
0.16403 0.00811 0.15579 0.17800
-0.00755 0.03607 -0.04540 0.05247
-0.12071 0.03658 -0.15087 -0.06649
-0.16448 0.02063 -0.19796 -0.14181
-0.51906 0.01447 -0.53981 -0.50142
0.13768 0.00961 0.12699 0.15282
0.05672 0.01538 0.03685 0.07672
0.14055 0.02486 0.10891 0.18532
-0.07841 0.02988 -0.13185 -0.04337
0.16562 0.02049 0.14786 0.19339
-0.19385 0.03299 -0.22926 -0.13724
0.02860 0.01198 0.01165 0.04512
-0.49541 0.02502 -0.52241 -0.44808
0.04278 0.01604 0.01585 0.06512
0.05386 0.01597 0.03114 0.07093
0.06954 0.02203 0.03801 0.10517
0.19994 0.02247 0.17202 0.23750
-0.28175 0.01899 -0.30576 -0.24753
0.17707 0.02241 0.13330 0.19475
