# avg	std	min	max
0.94056 0.09863 0.82027 1.02910
0.47005 0.03610 0.43172 0.52699
0.42840 0.05964 0.35243 0.50173
-0.04290 0.04482 -0.11973 0.00000
0.01855 0.02498 -0.01807 0.05715
-0.72544 0.09037 -0.88936 -0.64935
-0.21862 0.10535 -0.39381 -0.06240
0.11398 0.11013 -0.00205 0.29555
5.60121 0.13993 5.42951 5.83635
0.50934 0.12455 0.32184 0.61781
0.17438 0.05499 0.12497 0.25230
0.36766 0.05606 0.30693 0.46830
0.08771 0.05215 0.00341 0.16054
0.67711 0.23125 0.38661 0.95938
-0.12392 0.02267 -0.15742 -0.09126
1.03169 0.04522 0.97924 1.09585
0.40212 0.04542 0.34563 0.47481
0.05996 0.06395 0.00082 0.15401
0.24884 0.04138 0.19508 0.31258
0.44814 0.05133 0.36405 0.51910
0.35525 0.03854 0.31244 0.41737
0.10140 0.29791 -0.37722 0.34689
0.94252 0.09280 0.86035 1.10016
