# avg	std	min	max
2.61409 0.04090 2.56543 2.66419
1.87467 0.13656 1.68479 2.05971
0.92292 0.25144 0.63771 1.38435
0.01449 0.02734 -0.00000 0.06912
0.25951 0.24456 -0.04097 0.64023
-0.10568 0.29020 -0.65093 0.20911
1.65648 0.90798 0.98320 3.38596
3.33374 1.51231 1.96789 5.72266
4.94579 0.74306 4.03495 5.90623
3.05827 0.03928 2.99005 3.10418
2.52390 0.07361 2.44081 2.65442
2.42745 0.15184 2.12816 2.54691
2.83867 1.00064 1.57089 3.95927
2.77439 0.15011 2.55233 3.02504
1.76380 0.15074 1.49641 1.93679
2.59941 0.18755 2.39807 2.88292
1.51050 0.24364 1.14092 1.90341
1.11411 0.23091 0.65802 1.27032
2.60456 0.22086 2.31000 2.99402
2.18453 0.32276 1.79093 2.67966
4.04033 0.63852 3.40292 5.20421
1.19070 0.19945 0.98594 1.54356
4.32194 0.80814 3.85149 5.93062
