# avg	std	min	max
5.75305 0.02247 5.71802 5.78903
4.55012 0.01099 4.53283 4.56749
3.38565 0.10738 3.17970 3.49380
-0.02030 0.03018 -0.06261 0.02773
2.05549 0.03337 1.99148 2.08964
1.46084 0.08271 1.30438 1.54815
4.47992 0.20202 4.25869 4.80333
7.35558 1.07861 6.35569 9.45424
3.53907 0.01641 3.51507 3.56228
5.53362 0.17357 5.18891 5.64432
4.97054 0.18646 4.59905 5.07802
3.36242 0.02954 3.30403 3.38454
5.74325 2.70126 4.09115 11.13640
3.56927 0.11292 3.34389 3.63590
4.48690 0.50121 3.84842 4.90756
5.88901 0.00987 5.87679 5.90276
5.25339 0.04157 5.19425 5.31277
5.36065 0.64275 4.11748 5.98211
5.44575 0.30303 5.23149 6.04593
4.42725 0.06584 4.35298 4.53368
8.37392 0.03506 8.31225 8.41158
4.95691 0.28127 4.53516 5.25598
10.58249 0.83426 9.78357 11.92620
