# avg	std	min	max
1.57080 0.00000 1.57080 1.57080
0.96697 0.00000 0.96697 0.96697
1.23229 0.09031 1.05751 1.30644
0.00000 0.00000 0.00000 0.00000
1.09030 0.30546 0.68815 1.39880
0.21673 0.08863 0.09310 0.30266
0.37670 0.01700 0.36256 0.41001
0.61318 0.01359 0.58918 0.63143
0.74884 0.00772 0.73372 0.75519
1.59669 0.02738 1.54906 1.62429
2.19076 0.17762 2.02729 2.41124
1.08579 0.02567 1.05431 1.10687
0.48054 0.02189 0.45218 0.50645
1.30093 0.06079 1.23803 1.38487
0.86682 0.04710 0.79134 0.92719
1.40658 0.07515 1.25872 1.46441
0.53381 0.02356 0.51191 0.56444
0.33173 0.03501 0.28743 0.37940
0.63727 0.15723 0.32526 0.73433
1.08871 0.00905 1.07155 1.09771
1.34489 0.02694 1.30978 1.38950
-0.43340 0.12707 -0.58768 -0.20580
3.07536 0.06637 2.99281 3.16707
