# avg	std	min	max
2.38786 0.00269 2.38323 2.39166
1.83176 0.00959 1.82388 1.85060
1.64231 0.02017 1.62247 1.67605
-0.00490 0.01385 -0.02824 0.01454
0.82574 0.01680 0.80732 0.85618
-0.12050 0.01907 -0.14659 -0.09400
0.20886 0.01326 0.18787 0.22580
0.49230 0.03655 0.45784 0.55995
3.60361 0.00917 3.59014 3.61616
2.55051 0.01205 2.53615 2.56926
2.50393 0.10909 2.37489 2.65718
1.55695 0.01907 1.52807 1.58304
0.74619 0.01500 0.73103 0.76853
1.60232 0.00544 1.59606 1.61112
1.44351 0.01833 1.42488 1.46771
2.68496 0.00444 2.67802 2.69171
2.30121 0.02378 2.25904 2.32884
1.40137 0.03450 1.33859 1.43791
1.95547 0.16911 1.64982 2.11843
2.12434 0.06263 2.00077 2.17153
3.99358 0.12332 3.75925 4.11142
0.67754 0.24566 0.19519 0.88208
5.98360 0.44604 5.55444 6.77717
