# avg	std	min	max
5.98372 0.03163 5.92150 6.00329
4.19593 0.00601 4.19264 4.20795
3.13953 0.02575 3.09551 3.16427
-0.00294 0.00593 -0.01480 0.00010
4.04497 0.48650 3.39559 4.57273
-0.08247 0.02830 -0.11918 -0.04036
1.05330 0.38191 0.82207 1.81440
5.81753 1.02420 4.47367 7.27975
9.01988 0.06485 8.91384 9.10521
5.04378 0.00444 5.03688 5.04852
5.25491 0.02060 5.21530 5.27039
3.82450 0.04001 3.79498 3.90284
6.23591 0.38032 5.80171 6.84155
4.64706 0.01271 4.62468 4.65679
3.64319 0.01434 3.62825 3.67030
6.01512 0.00849 6.00456 6.02537
5.15456 0.07110 5.04965 5.25577
3.73845 0.05785 3.67704 3.82142
4.37023 0.40400 3.74496 4.86168
3.10005 0.00566 3.09121 3.10572
8.67322 0.02612 8.64931 8.72313
28.20574 4.11371 24.06120 35.91590
12.43418 0.79033 11.10000 13.48980
