# avg	std	min	max
2.56506 0.02560 2.51941 2.59133
1.40780 0.02059 1.37061 1.42553
1.48111 0.03716 1.42025 1.52418
-0.00503 0.03162 -0.05307 0.02182
0.85750 0.05693 0.78588 0.93745
0.24633 0.04516 0.19986 0.32812
-0.61564 0.32859 -0.87248 0.02470
1.43542 0.22321 1.06337 1.72913
5.85219 0.02854 5.81528 5.89321
2.68624 0.02121 2.66118 2.72096
1.65654 0.02253 1.62057 1.68727
2.07132 0.01205 2.04963 2.08473
-0.54389 0.06850 -0.61025 -0.41485
2.40274 0.05210 2.30042 2.43855
1.03136 0.02373 0.98440 1.04872
2.43147 0.42772 1.62045 2.72721
1.34967 0.12050 1.19806 1.51369
1.05142 0.06055 0.95455 1.11261
1.49004 0.10274 1.30041 1.57409
1.87563 0.02431 1.83784 1.90903
2.25817 0.07373 2.14378 2.35922
0.38548 0.36552 -0.25393 0.82798
3.76522 0.13503 3.55963 3.90076
