# avg	std	min	max
2.92152 0.02165 2.88879 2.95366
2.11983 0.01908 2.10610 2.15737
1.75682 0.01985 1.72491 1.78638
-0.00321 0.00347 -0.00832 0.00076
0.39308 0.06774 0.31194 0.51613
0.21578 0.08234 0.10709 0.33946
2.31055 0.35934 1.69968 2.70696
3.34350 0.97525 2.22427 5.03328
1.30402 0.04401 1.24663 1.38073
2.76431 0.02422 2.73993 2.80048
2.18974 0.01465 2.16824 2.20941
2.21174 0.01964 2.18351 2.24217
2.80351 0.30216 2.38386 3.11674
1.73984 0.01368 1.72588 1.76083
2.42972 0.16515 2.24606 2.65576
2.32341 0.59924 1.52174 3.38309
1.36334 0.18215 1.00123 1.48661
1.69290 0.09275 1.59344 1.86129
0.87383 0.50623 0.03022 1.28912
2.65500 0.60540 2.16917 3.80758
3.31972 0.38628 3.03646 4.07379
3.62953 1.30565 2.42535 5.56703
2.82178 0.47263 2.08333 3.57522
