# avg	std	min	max
4.94449 0.02252 4.90280 4.96457
3.05104 0.02444 3.01675 3.07237
2.17385 0.09376 2.05841 2.32371
-0.04434 0.03755 -0.09408 -0.00000
1.41022 0.21680 1.01970 1.68534
0.61718 0.02034 0.58210 0.64192
3.84930 1.78331 2.39969 6.81661
6.96766 1.61332 3.79233 8.15758
3.70519 0.04559 3.62753 3.74192
4.15695 0.02561 4.10582 4.17250
3.70044 0.02450 3.65755 3.73358
3.15978 0.02708 3.13165 3.19421
4.46258 1.04404 3.50447 6.26096
3.72870 0.02577 3.69517 3.76015
2.66982 0.03810 2.60884 2.71087
4.66273 0.07073 4.55185 4.77403
3.90513 0.04413 3.86136 3.98078
1.37207 0.11483 1.24208 1.57659
2.46214 0.40689 1.71573 2.88242
5.07910 0.76684 3.87200 6.22866
7.16405 0.15571 6.89922 7.30229
13.78110 1.15395 11.64320 14.84860
9.17081 0.41954 8.83423 9.98617
