# avg	std	min	max
5.79667 0.00727 5.78257 5.80355
3.84984 0.00926 3.83670 3.85868
5.57687 0.11267 5.45171 5.76105
-0.00714 0.00959 -0.02411 0.00157
6.10736 0.32200 5.53054 6.42936
0.48069 0.02259 0.44349 0.51009
0.30060 1.30715 -0.78811 2.12948
6.86159 1.74354 3.92988 9.10226
7.62286 0.12179 7.50649 7.85825
5.45541 0.01576 5.42720 5.47529
3.81349 0.03922 3.76718 3.86279
3.55617 0.01061 3.54434 3.57229
2.54940 1.98546 0.80282 5.56099
3.47199 0.01598 3.45299 3.48942
3.68475 0.28365 3.11918 3.85111
6.00293 0.13799 5.74330 6.13735
4.97172 0.03748 4.90459 5.00187
3.18421 0.24087 2.94393 3.58742
3.10255 0.91520 1.89600 4.44361
4.09638 0.01691 4.07694 4.12675
8.86707 0.44433 8.45261 9.46395
13.80855 3.29132 9.67933 17.01480
12.56988 0.98200 10.78690 13.58940
