# avg	std	min	max
5.52991 0.01159 5.51388 5.54744
4.12623 0.01166 4.10618 4.13747
3.72349 0.02313 3.70494 3.76630
-0.00427 0.01030 -0.01844 0.01223
2.35260 0.03418 2.29990 2.39471
0.23674 0.01712 0.21627 0.26101
5.25565 1.15381 3.59356 7.00797
10.22548 3.37348 6.37985 15.58780
8.40510 0.48861 7.63813 9.01202
4.45253 0.00991 4.43511 4.46546
3.31140 0.01632 3.28493 3.33332
3.87391 0.02220 3.84201 3.90539
9.91377 2.29439 7.71030 12.77740
4.29729 0.13918 4.20733 4.57393
2.82654 0.17593 2.60401 3.06199
5.29493 0.01748 5.27050 5.31287
3.87467 0.02485 3.84095 3.90957
3.97426 0.07912 3.82880 4.06968
5.41764 1.04899 4.51707 7.41527
5.03999 0.68271 4.15832 5.72841
7.87506 0.38158 7.33353 8.33380
28.40982 1.17775 26.22130 29.38700
9.16909 0.43455 8.30259 9.44394
