# avg	std	min	max
4.65038 0.01188 4.63595 4.66917
3.23958 0.02869 3.21643 3.29497
2.31678 0.03115 2.29389 2.37824
-0.02355 0.03268 -0.08442 0.00684
0.93295 0.03342 0.90548 0.98831
0.16568 0.04682 0.07716 0.21476
0.27089 0.70324 -0.47526 1.36232
9.55758 0.74527 8.68152 10.85940
6.41989 0.06752 6.32496 6.49921
4.68790 0.03417 4.64756 4.72890
4.02731 0.05459 3.91840 4.05884
3.32647 0.06104 3.21807 3.38658
3.72187 1.18670 2.51686 5.55668
3.71931 0.30557 3.26076 3.98143
2.90799 0.03396 2.85782 2.95639
5.09578 0.03215 5.05471 5.13997
3.85016 0.04703 3.77287 3.90069
3.27639 0.09535 3.18333 3.42650
4.03799 0.37327 3.59865 4.71199
2.52616 0.02721 2.49467 2.57588
7.07344 0.01703 7.04942 7.09742
18.43868 1.85958 16.50740 21.97710
6.59357 0.08094 6.47489 6.72715
