# avg	std	min	max
2.63182 0.02051 2.61409 2.67193
1.98672 0.04213 1.92224 2.02977
1.15096 0.06316 1.08091 1.26620
-0.02963 0.03583 -0.06774 0.03441
1.60564 0.03864 1.55585 1.66971
0.53301 0.05893 0.42443 0.60142
0.02872 0.05523 -0.05346 0.11031
0.02385 0.03213 -0.00457 0.07716
2.98170 0.03359 2.94320 3.03160
2.57946 0.03472 2.53555 2.62186
2.40085 0.02030 2.36098 2.41751
1.95552 0.01394 1.94132 1.97722
0.50399 0.03795 0.45470 0.56441
2.46778 0.02823 2.42823 2.49977
1.53700 0.02870 1.50022 1.58502
3.48514 0.02995 3.45539 3.52893
2.10033 0.01371 2.07982 2.12095
0.72295 0.03444 0.68812 0.76618
0.90086 0.15856 0.74728 1.11591
2.15687 0.04620 2.08955 2.22782
3.52403 0.06099 3.42025 3.60421
0.52569 0.19977 0.36729 0.91119
4.96214 0.43152 4.66321 5.79092
