# avg	std	min	max
1.45032 0.01671 1.42670 1.47234
0.64026 0.01225 0.62350 0.65936
0.10039 0.00587 0.09463 0.11001
-0.00347 0.01133 -0.02268 0.01198
-0.35591 0.01941 -0.37767 -0.31950
-0.37542 0.10653 -0.55261 -0.28270
0.16447 0.05198 0.09975 0.23232
-1.21895 0.08183 -1.30557 -1.06321
1.82813 0.02997 1.79629 1.86944
1.17122 0.02771 1.13732 1.21281
0.68789 0.06191 0.61693 0.77387
0.55805 0.02480 0.54007 0.60393
0.62340 0.43357 -0.10131 1.01938
0.49967 0.02008 0.46027 0.51434
-0.03634 0.03167 -0.08148 0.01618
1.25402 0.02923 1.22005 1.29876
0.92692 0.03267 0.89426 0.98371
0.08857 0.02893 0.04687 0.13536
-0.02424 0.09591 -0.19546 0.09277
0.77427 0.05557 0.66630 0.82336
1.93288 0.01920 1.90192 1.96203
4.11256 3.12472 0.73702 10.01600
1.68901 0.10864 1.57271 1.87906
