# avg	std	min	max
5.15060 0.03776 5.09651 5.20958
3.27095 0.11144 3.06141 3.39169
4.76290 0.83130 3.61996 5.61070
-0.05893 0.05571 -0.15703 0.00471
5.66761 0.13255 5.49717 5.79212
0.01854 0.06219 -0.10447 0.05910
5.34941 3.43137 3.48594 12.20530
8.47021 4.11029 2.77748 12.59370
0.68924 0.03473 0.65144 0.75506
4.57064 0.01419 4.54692 4.58647
5.04998 0.53209 4.59251 5.95944
3.02635 0.01624 2.99429 3.03718
7.02503 5.21292 1.12826 14.95570
2.98240 0.06142 2.92674 3.09871
2.84534 0.05673 2.75458 2.90971
4.19878 0.02651 4.15441 4.22277
3.07157 0.06447 3.00867 3.19611
3.80841 0.36936 3.27332 4.14021
3.63590 0.08926 3.51335 3.74003
5.90268 0.75184 4.64397 6.50661
5.37129 0.56742 4.87125 6.47284
11.92874 5.76364 7.79245 23.34110
11.68788 1.20127 10.43610 13.74850
