# avg	std	min	max
6.22478 0.01259 6.20444 6.23838
4.14888 0.00339 4.14438 4.15340
1.94651 0.01773 1.92488 1.96817
-0.01879 0.01217 -0.03654 -0.00268
3.03138 0.01944 2.99771 3.05298
0.25214 0.04187 0.17729 0.29472
2.27342 0.73867 1.35224 2.94950
7.84693 0.69428 6.65555 8.77791
3.02919 0.08122 2.95443 3.18223
5.00169 0.01191 4.99014 5.02409
4.10071 0.03274 4.04916 4.13911
4.00107 0.01923 3.98281 4.02726
5.35183 1.07292 3.38349 6.46749
4.53915 0.00980 4.52770 4.55665
3.18224 0.26405 3.00158 3.70770
5.90116 0.04176 5.85656 5.97749
5.37812 0.05011 5.31453 5.45714
4.78160 0.20803 4.55912 5.14771
5.94358 0.76666 4.95957 6.95886
3.36695 0.07011 3.25195 3.44731
9.02828 0.05649 8.97745 9.13379
17.64414 1.21398 15.95280 19.57980
11.60394 0.92445 9.94958 12.63720
