# avg	std	min	max
4.53663 0.01650 4.52077 4.56586
2.93055 0.03725 2.89055 2.99006
1.27453 0.03353 1.22411 1.31973
-0.00478 0.01565 -0.03389 0.01349
1.49948 0.01880 1.47490 1.52386
0.78311 0.09957 0.66395 0.92328
6.86706 0.75114 5.43965 7.63955
4.61229 1.24347 3.27994 6.68697
6.09998 0.38925 5.46261 6.43626
3.64613 0.10569 3.53980 3.84923
2.29438 0.03217 2.24892 2.33425
3.10361 0.02751 3.06038 3.13804
7.22628 4.99417 2.67119 16.11270
3.85286 0.03637 3.81033 3.91474
2.92394 0.21963 2.54782 3.15043
4.54045 0.29896 4.10507 4.80108
3.54870 0.15518 3.34526 3.78204
3.44521 0.27010 3.05005 3.89055
3.95015 0.21390 3.79224 4.35685
4.53410 0.26009 4.21244 4.95321
6.03267 0.25997 5.66944 6.37854
4.51101 0.71363 3.96402 5.91881
5.37000 0.22751 5.17736 5.81230
