# avg	std	min	max
3.43183 0.07255 3.34205 3.56372
2.91317 0.14169 2.65112 3.04278
2.10142 0.12883 1.87328 2.21725
-0.02322 0.01839 -0.04513 0.00000
0.95208 0.01523 0.92803 0.97197
0.47961 0.06814 0.42132 0.60619
0.37733 0.22491 0.06518 0.64653
2.09454 0.57996 1.52023 2.80674
9.44968 0.09666 9.36963 9.63290
3.55977 0.12899 3.37563 3.71538
2.85429 0.10263 2.69342 3.01467
2.49723 0.12690 2.37760 2.69678
0.86938 0.11525 0.67842 1.01133
2.55372 0.17811 2.37509 2.80805
2.23622 0.01727 2.21521 2.26784
3.81746 0.10558 3.70866 3.99008
2.89327 0.10037 2.76917 3.00657
1.93319 0.21023 1.77177 2.34591
2.55149 0.14554 2.41601 2.78114
3.13289 0.21772 2.95457 3.52947
4.35301 0.13550 4.21618 4.57808
1.07344 0.25308 0.73269 1.36891
8.18225 1.31325 6.28983 9.37108
