# avg	std	min	max
0.49713 0.00649 0.48968 0.50504
0.50838 0.00240 0.50718 0.51318
0.14394 0.00025 0.14370 0.14437
0.00143 0.00159 -0.00000 0.00398
-0.13845 0.00082 -0.13997 -0.13756
0.10472 0.11234 -0.07721 0.23768
0.17499 0.01476 0.15155 0.19660
0.86751 0.09250 0.74095 0.96446
3.90967 0.04058 3.84037 3.95932
0.79094 0.00002 0.79091 0.79096
0.16778 0.01454 0.13870 0.17509
0.63100 0.00234 0.62730 0.63465
0.46007 0.07845 0.35956 0.60169
0.60699 0.01301 0.58098 0.61355
0.37014 0.03623 0.31082 0.42268
0.65128 0.00007 0.65116 0.65137
0.33564 0.02268 0.31409 0.37134
-0.07107 0.02242 -0.10709 -0.04318
-0.32914 0.28033 -0.63371 0.01130
0.93790 0.00161 0.93496 0.93965
0.97909 0.01253 0.96714 0.99931
0.55617 0.03158 0.49607 0.58829
0.84034 0.14649 0.66052 1.05409
