# avg	std	min	max
5.85321 0.02355 5.81412 5.88474
4.06547 0.01542 4.04800 4.08583
2.39262 0.42109 1.94916 3.08661
-0.02540 0.04007 -0.08083 0.03629
0.96931 0.19010 0.67983 1.16803
-0.28857 0.04069 -0.33282 -0.21826
4.65590 0.98560 2.90851 5.93266
6.51376 0.70351 5.47586 7.63984
5.62418 0.01634 5.60116 5.64574
5.06127 0.02933 5.03919 5.11786
2.96997 0.04415 2.88477 3.01178
3.19792 0.01244 3.18547 3.22087
5.92219 2.08543 3.98274 9.88923
4.00734 0.01712 3.98798 4.03054
3.53128 0.03147 3.50765 3.59193
4.79188 0.01157 4.77094 4.80201
4.09859 0.04552 4.03045 4.14971
4.23636 0.73217 3.06059 5.02634
4.91359 0.10545 4.82991 5.10029
5.32554 0.75113 3.98084 6.04753
6.84817 0.04766 6.75606 6.88659
15.94558 2.85454 12.12490 19.12620
6.94573 0.06302 6.84335 7.01690
