# avg	std	min	max
2.95663 0.05891 2.85161 3.01559
1.77431 0.05481 1.69782 1.85310
1.77414 0.08185 1.69118 1.92245
0.55778 0.07413 0.44483 0.67025
1.37473 0.04355 1.32588 1.44246
-0.03989 0.07807 -0.15803 0.07946
1.25255 0.09064 1.09711 1.36138
0.89493 0.05562 0.79335 0.95113
4.75145 0.49750 4.17515 5.38554
1.87741 0.05102 1.79119 1.93987
1.59161 0.01879 1.55894 1.61449
2.02459 0.06556 1.93521 2.11559
1.08518 0.07012 0.98775 1.20428
1.89257 0.07226 1.76844 1.98629
1.46082 0.06035 1.36472 1.53753
2.46801 0.05003 2.38314 2.52605
1.59111 0.04303 1.52656 1.63967
1.30718 0.21897 1.03835 1.66701
0.83518 0.34900 0.51460 1.51445
1.91430 0.04469 1.87064 1.99311
2.82966 0.09671 2.67218 2.93546
1.46477 0.12324 1.25499 1.62740
3.74658 0.04616 3.65460 3.77284
