# avg	std	min	max
2.59145 0.09963 2.45719 2.75505
1.53446 0.03788 1.48370 1.58860
1.66524 0.02324 1.63019 1.70060
0.34889 0.03511 0.30679 0.40051
0.58290 0.02786 0.53500 0.61965
-0.00413 0.02872 -0.04875 0.02690
0.20515 0.02341 0.17343 0.24195
1.44366 0.12283 1.30361 1.63390
6.53177 0.08002 6.39454 6.61126
1.75703 0.03609 1.70725 1.80307
2.04431 0.01790 2.01997 2.07500
1.85801 0.01527 1.84086 1.88412
-0.33459 0.07329 -0.38888 -0.18961
1.55972 0.02356 1.53641 1.59532
1.40495 0.03337 1.36373 1.44356
2.66769 0.05521 2.59772 2.73683
2.12966 0.03448 2.08799 2.17211
0.69904 0.03688 0.64566 0.74036
1.23183 0.06005 1.14207 1.31139
1.35199 0.03507 1.31683 1.41923
3.10128 0.05482 3.00471 3.15102
1.63456 0.07166 1.50688 1.71567
3.31697 0.14732 3.12801 3.49298
