# avg	std	min	max
3.83123 0.02496 3.79742 3.86557
2.57005 0.04942 2.49080 2.64572
4.73366 0.03806 4.67613 4.79377
2.18952 1.56550 1.23221 5.30048
6.43848 0.01080 6.42363 6.45153
-0.10434 0.00000 -0.10434 -0.10434
7.87080 0.23931 7.53853 8.20352
14.28448 1.67602 12.38030 16.44230
8.06081 0.31326 7.65764 8.40394
3.25217 0.03589 3.19129 3.29621
5.15763 0.07533 5.09481 5.28329
2.51035 0.01388 2.49267 2.52750
10.19127 1.01680 8.29033 11.24890
6.01401 0.55308 4.94011 6.52470
3.65742 0.11389 3.46358 3.77893
5.49107 0.45075 4.85315 6.25835
3.16823 0.05042 3.11566 3.26258
5.59491 0.87234 4.56912 6.64621
8.84251 1.34312 6.21595 9.91040
5.93273 1.04059 5.14198 7.96978
5.99734 0.17719 5.83458 6.30355
24.19972 6.80079 17.57780 36.93370
11.77832 0.14131 11.63400 11.99260
