# avg	std	min	max
5.86288 0.04642 5.77649 5.91671
4.00412 0.02246 3.95931 4.01776
1.92674 0.01191 1.90603 1.94084
0.75036 0.25835 0.56139 1.25966
0.69799 0.02065 0.67677 0.73315
-0.01278 0.02242 -0.05761 -0.00157
6.59735 1.94518 3.72541 8.92862
4.93975 1.78044 3.30166 8.31923
6.50744 0.14961 6.30515 6.74512
4.30274 0.01457 4.28929 4.32270
3.17645 0.05403 3.08598 3.22928
3.25871 0.01221 3.24239 3.27640
9.10986 1.65528 6.46064 11.69350
3.57976 0.16068 3.38817 3.82467
2.55798 0.02521 2.52028 2.59770
5.22897 0.04064 5.15019 5.26270
4.30474 0.10612 4.16627 4.42302
3.91151 0.19204 3.66521 4.16028
4.39565 0.08291 4.30007 4.52733
7.26099 1.55361 4.64529 9.13942
7.12101 0.06431 7.03229 7.19402
13.51086 2.21431 11.41830 17.80200
6.11740 0.07823 6.05314 6.27026
