# avg	std	min	max
-0.01273 0.00018 -0.01282 -0.01237
0.04580 0.00075 0.04521 0.04702
0.06460 0.04128 0.03108 0.14598
0.04927 0.00738 0.04454 0.06391
0.06411 0.00309 0.06100 0.06976
-0.00687 0.00557 -0.01683 -0.00147
-0.23881 0.00752 -0.24508 -0.22664
-0.05480 0.01131 -0.07450 -0.04114
2.07346 0.01361 2.06041 2.09616
-0.44214 0.00226 -0.44449 -0.43845
-0.49310 0.01002 -0.50736 -0.48147
-0.01713 0.03939 -0.03780 0.06161
-0.20268 0.01440 -0.21968 -0.17833
-0.20083 0.10998 -0.42077 -0.14389
-0.44139 0.02092 -0.46375 -0.40194
-0.53963 0.00982 -0.54835 -0.52364
-0.55343 0.04159 -0.61269 -0.50095
-0.47321 0.10602 -0.58333 -0.31575
-0.60142 0.14393 -0.86444 -0.47281
-0.27120 0.12208 -0.44488 -0.17051
-0.11004 0.20391 -0.39988 0.09942
-0.37596 0.02392 -0.40468 -0.33798
0.01575 0.01785 -0.00927 0.03636
