# avg	std	min	max
0.84758 0.00900 0.84244 0.86556
0.26458 0.04144 0.23157 0.34042
0.64083 0.16619 0.54145 0.97198
-0.06608 0.03199 -0.12669 -0.03117
0.13110 0.00830 0.11672 0.14225
-0.01004 0.00942 -0.02714 0.00188
0.03970 0.07090 -0.06784 0.11996
0.12758 0.09816 0.01563 0.29337
-1.71814 0.01876 -1.72896 -1.68072
0.52883 0.00967 0.51782 0.54397
0.53799 0.01597 0.52087 0.56298
0.62228 0.00008 0.62219 0.62241
0.01548 0.02830 -0.02465 0.05786
0.49691 0.01030 0.49173 0.51751
0.20916 0.07676 0.13412 0.34540
0.28679 0.01994 0.26750 0.32213
-0.00103 0.06259 -0.06055 0.09400
0.00014 0.08405 -0.14097 0.09602
0.23642 0.09729 0.08818 0.32149
0.15448 0.07764 0.07617 0.28649
0.28801 0.05503 0.21883 0.37152
-0.30778 0.00950 -0.32069 -0.29603
0.39168 0.04176 0.33497 0.45111
