# avg	std	min	max
1.46590 0.05758 1.40545 1.55748
1.43881 0.07617 1.32828 1.53428
1.25820 0.15277 1.09601 1.52458
0.28342 0.06542 0.19450 0.35914
0.32683 0.28511 0.05733 0.73540
-0.01704 0.00000 -0.01704 -0.01704
-0.20109 0.07838 -0.29010 -0.09066
0.03062 0.07138 -0.03934 0.14258
1.35612 0.11897 1.20238 1.49415
1.92305 0.29191 1.41370 2.27288
1.78606 0.15524 1.58538 2.02877
1.81097 0.07467 1.71846 1.89924
0.19954 0.09314 0.05737 0.33810
1.06397 0.47333 0.41460 1.77498
0.81967 0.17635 0.61745 1.13261
1.17804 0.23122 0.80554 1.47485
1.24551 0.07844 1.16456 1.39204
0.80777 0.12632 0.64092 0.95647
0.84179 0.03583 0.79891 0.87844
0.87453 0.14846 0.58059 0.97882
1.93413 0.25079 1.47193 2.16177
0.18538 0.14660 0.04048 0.43789
1.75728 0.31290 1.50141 2.35241
