# avg	std	min	max
4.13999 0.01796 4.11669 4.16102
3.04555 0.01715 3.01540 3.06474
1.69792 0.05253 1.65091 1.79928
0.72831 0.46732 0.10351 1.15594
1.34461 0.09328 1.20958 1.48050
-0.02921 0.01600 -0.05140 -0.00326
2.83621 0.03820 2.77283 2.87138
2.29968 0.48871 1.34629 2.69638
6.94148 0.05072 6.85286 7.00942
2.33776 0.03137 2.27950 2.37353
2.16477 0.01747 2.13554 2.19025
2.43070 0.02415 2.40559 2.47530
5.45290 0.22848 5.07855 5.77190
3.58803 0.00776 3.57574 3.60001
2.61391 0.01519 2.59800 2.63243
5.16959 0.00875 5.15954 5.18588
3.26532 0.02347 3.23741 3.29520
1.70716 0.02360 1.67817 1.74233
1.84200 0.12472 1.73320 2.00740
4.20325 0.23780 3.73700 4.37898
5.74246 0.01338 5.72376 5.75876
9.83317 1.33014 8.84078 12.46330
5.61047 0.75030 4.24373 6.55076
