# avg	std	min	max
-1.20879 0.01083 -1.21781 -1.18749
-0.26587 0.00662 -0.27746 -0.26030
0.56409 0.00419 0.55890 0.56949
0.37042 0.07918 0.30662 0.52662
1.16572 0.00743 1.15594 1.17521
-0.01088 0.00868 -0.02667 -0.00394
0.24686 0.01653 0.23448 0.27883
1.39453 0.03941 1.34329 1.45261
-2.19386 0.01016 -2.20546 -2.17508
0.80200 0.00761 0.79025 0.81209
0.88315 0.01248 0.87199 0.90687
0.29541 0.03629 0.24832 0.33769
0.32288 0.02222 0.29668 0.36253
0.25745 0.02845 0.20059 0.27336
0.61502 0.14745 0.52119 0.90913
0.73438 0.03631 0.70957 0.80589
0.93233 0.02086 0.91319 0.97047
0.57585 0.09433 0.45510 0.72727
1.02224 0.09212 0.89948 1.12618
0.37775 0.01642 0.36693 0.41000
3.46909 0.10619 3.28893 3.58372
-0.41752 0.01183 -0.43313 -0.40101
7.44120 0.16248 7.14496 7.59715
