# avg	std	min	max
2.85928 0.09324 2.77492 3.03704
1.80937 0.18087 1.60785 2.13508
3.12638 0.16252 2.96100 3.43201
0.01222 0.06684 -0.08209 0.09270
3.07962 0.03535 3.01482 3.11472
-0.03460 0.05452 -0.11954 0.02913
-1.13158 0.11081 -1.25935 -0.92497
1.34697 0.41617 0.81270 1.99185
4.81018 0.19726 4.48323 5.02953
1.97026 0.10244 1.81073 2.10930
2.04193 0.17533 1.84497 2.33458
1.84380 0.25980 1.36850 2.05794
-0.27135 0.03847 -0.30615 -0.19826
2.37907 0.22091 1.99638 2.60151
1.99494 0.07704 1.90787 2.13370
2.71612 0.20840 2.45473 2.98098
3.30333 0.02755 3.25680 3.32575
1.93191 0.41369 1.32189 2.52122
3.13312 0.46092 2.83113 4.04771
2.16664 0.05164 2.10439 2.24545
5.82267 0.04119 5.75314 5.86401
2.39231 0.72608 1.54075 3.61334
7.70844 0.10151 7.55008 7.84622
