# avg	std	min	max
2.80457 0.12366 2.56710 2.91281
1.48190 0.08921 1.30851 1.56111
1.78144 0.13952 1.61688 1.96097
0.09499 0.16702 -0.08543 0.35048
1.31105 0.03378 1.26853 1.34503
-0.05440 0.03609 -0.09528 0.00383
5.03050 0.15356 4.93013 5.33498
7.63699 0.46289 7.00470 8.14841
3.93003 0.12924 3.81567 4.16155
1.90314 0.08804 1.81652 2.06300
1.25271 0.10911 1.13291 1.40309
2.20785 0.09811 2.03891 2.29934
5.17557 0.99345 4.20023 6.99493
2.08552 0.03478 2.04962 2.14799
1.15069 0.04310 1.10285 1.20622
4.49553 0.05582 4.44460 4.60437
2.99117 0.05561 2.90673 3.07006
0.63380 0.13632 0.41450 0.83812
2.90526 0.50264 2.43766 3.82999
3.11527 0.03838 3.04443 3.15250
6.26166 0.10409 6.10907 6.38422
19.26496 1.84396 17.41300 22.81010
7.97599 0.44722 7.28149 8.66131
