# avg	std	min	max
2.47381 0.00771 2.46476 2.48578
2.47068 0.01451 2.45300 2.49584
3.37157 0.33782 2.95122 3.65870
1.22436 0.08298 1.13150 1.37846
3.37093 0.25453 2.88477 3.59945
-0.01053 0.02080 -0.03528 0.01835
-0.30568 0.05754 -0.35121 -0.19473
1.86964 0.93913 0.88411 3.32846
6.30248 1.02056 5.42671 7.55480
2.84943 0.22739 2.65616 3.17513
3.01856 0.01325 2.99346 3.02902
1.94382 0.01119 1.93072 1.95722
1.41012 0.67176 0.07660 1.83952
0.91216 0.01754 0.89043 0.93805
1.67332 0.13525 1.40961 1.78050
4.18193 0.01869 4.15607 4.20236
3.03267 0.07723 2.93476 3.12542
0.81280 0.02715 0.78966 0.86458
1.06320 0.02597 1.04070 1.11002
2.53519 0.34101 2.18755 3.18615
6.81035 0.50477 6.10483 7.63946
3.07197 1.13824 2.00394 4.63549
9.00727 0.52889 8.06442 9.53235
