# avg	std	min	max
5.69141 0.03059 5.66216 5.73487
3.90836 0.03365 3.84937 3.94251
2.22574 0.01644 2.20050 2.24608
0.65953 0.53137 0.04778 1.37243
1.47986 0.05208 1.43241 1.55120
0.00330 0.02078 -0.02944 0.02902
6.63342 2.31599 2.69337 9.29419
9.62346 3.19650 6.04124 14.61380
7.83099 0.06426 7.74213 7.89318
4.52193 0.01459 4.49379 4.53396
4.37641 0.02062 4.33759 4.39624
4.05678 0.02239 4.01342 4.07488
11.41498 0.33525 10.87070 11.74710
3.73267 0.04503 3.66992 3.79370
3.99310 0.02973 3.95446 4.03589
5.51649 0.01052 5.50752 5.53343
4.86523 0.09071 4.70873 4.97799
4.47897 0.36764 3.74942 4.70444
5.78600 0.66245 4.73097 6.44803
6.60467 1.14978 5.13300 8.15999
8.11517 0.16129 7.84915 8.30151
27.98592 1.19504 26.53010 29.62770
8.10120 0.40870 7.40101 8.53370
