# avg	std	min	max
2.71436 0.03543 2.65468 2.74786
1.86057 0.02219 1.82007 1.88518
1.36719 0.01896 1.34969 1.40147
0.24335 0.08220 0.13953 0.38197
0.90261 0.09108 0.72510 0.98634
-0.01785 0.01284 -0.03306 0.00373
1.67619 0.07847 1.54055 1.75376
1.48563 0.02679 1.43565 1.51661
-0.26952 0.02292 -0.29369 -0.23235
2.00951 0.17996 1.65165 2.12805
1.24717 0.13378 0.98039 1.32925
1.26216 0.01592 1.23936 1.28757
1.62182 0.08709 1.51431 1.75709
1.81847 0.03583 1.78614 1.88651
0.94951 0.02206 0.92480 0.98996
1.68139 0.06228 1.60566 1.76244
0.90344 0.03039 0.86822 0.95796
0.41666 0.12833 0.23211 0.58315
0.12197 0.33950 -0.31421 0.68900
2.12451 0.03808 2.08565 2.18844
1.60316 0.03217 1.54128 1.62989
1.47295 0.05902 1.40449 1.54790
0.60987 0.03896 0.55466 0.65891
