# avg	std	min	max
5.15877 0.00826 5.14373 5.16512
3.30786 0.01209 3.29146 3.32865
1.80250 0.00970 1.78875 1.81108
0.40420 0.05035 0.34873 0.46637
0.51642 0.00237 0.51347 0.52034
-0.00367 0.00667 -0.01700 -0.00023
3.25902 1.70969 0.93216 5.14786
9.46271 1.53643 7.43988 12.03600
7.00605 0.03079 6.96497 7.04661
4.08438 0.00918 4.06748 4.09206
2.62334 0.00472 2.61701 2.62966
3.41799 0.05337 3.37067 3.51655
6.82023 1.13377 5.65028 8.55388
4.50941 0.01683 4.47580 4.51885
3.76721 0.15836 3.49799 3.98047
5.59413 0.01028 5.58575 5.61137
4.70386 0.21677 4.43233 4.89838
4.40622 0.03789 4.35835 4.45998
6.05635 0.38165 5.64594 6.63258
3.60441 0.44153 3.18996 4.16904
8.23704 0.03297 8.17723 8.27625
21.75906 1.19828 20.62790 23.93780
7.98410 0.05706 7.92948 8.09390
