# avg	std	min	max
0.10124 0.00221 0.10013 0.10567
-0.37834 0.00000 -0.37834 -0.37834
-0.06513 0.00013 -0.06532 -0.06495
-0.28303 0.03125 -0.34264 -0.25225
-0.20447 0.00065 -0.20526 -0.20337
-0.36993 0.02869 -0.40546 -0.33518
-0.32736 0.04391 -0.40854 -0.28965
-0.32275 0.00399 -0.32561 -0.31494
-0.83337 0.00991 -0.84645 -0.82262
-0.00739 0.04714 -0.10166 0.01639
-0.05631 0.00105 -0.05743 -0.05492
0.26811 0.00002 0.26806 0.26812
-0.29935 0.03000 -0.35919 -0.28038
-0.01975 0.01302 -0.04291 -0.00422
-0.45436 0.06760 -0.49590 -0.31990
0.12655 0.00858 0.11068 0.13605
-0.57764 0.02245 -0.59361 -0.53310
-0.45194 0.01854 -0.48541 -0.43372
-0.42528 0.01031 -0.44018 -0.41382
-0.14596 0.17879 -0.36572 0.04795
0.21353 0.01198 0.20382 0.23681
-0.35653 0.01623 -0.38053 -0.33443
0.18429 0.02333 0.15956 0.21882
