# avg	std	min	max
1.12276 0.00977 1.11694 1.14219
0.20792 0.00953 0.20197 0.22689
-0.26963 0.00251 -0.27120 -0.26465
-1.85388 0.06012 -1.92575 -1.74984
-0.92931 0.00501 -0.93648 -0.92376
-1.48664 0.17576 -1.72031 -1.27997
-1.74436 0.11209 -1.84559 -1.53348
-1.28110 0.30698 -1.74618 -0.91895
3.30877 0.27929 2.95611 3.64625
0.57468 0.00142 0.57330 0.57649
-0.26108 0.00105 -0.26237 -0.25916
0.63146 0.04542 0.59316 0.71349
-2.26098 0.38820 -2.57182 -1.49781
-0.00223 0.00357 -0.00496 0.00451
-0.20235 0.02873 -0.24733 -0.15787
0.87797 0.00375 0.87197 0.88239
-0.19066 0.00435 -0.19673 -0.18541
0.02381 0.01709 0.00048 0.04245
0.28130 0.14536 0.00803 0.42996
-0.49379 0.02514 -0.52214 -0.46469
1.24622 0.05356 1.14000 1.28313
0.06270 0.89606 -0.47478 1.85082
0.48564 0.04801 0.40303 0.52716
