# avg	std	min	max
0.22918 0.00332 0.22748 0.23582
0.06651 0.00376 0.06205 0.07039
0.16003 0.02187 0.11708 0.17399
-0.94442 0.08636 -1.03562 -0.83266
-0.57577 0.00921 -0.58863 -0.56301
-1.01107 0.08522 -1.13445 -0.90302
0.08929 0.01477 0.06086 0.10375
0.12965 0.05350 0.08120 0.23206
-0.18976 0.05724 -0.22292 -0.07539
-0.02964 0.00369 -0.03362 -0.02379
0.75191 0.03385 0.68760 0.78248
-0.28403 0.01656 -0.31673 -0.27071
0.12975 0.01013 0.12326 0.14992
-0.00014 0.00008 -0.00023 -0.00000
-0.68537 0.04722 -0.77852 -0.65426
-0.12033 0.00192 -0.12204 -0.11756
-1.05899 0.03480 -1.08866 -0.99118
-0.52589 0.00576 -0.53137 -0.51878
-0.17480 0.02304 -0.20637 -0.14806
0.38618 0.00702 0.37912 0.39958
-0.24579 0.00964 -0.25826 -0.23051
-0.22420 0.03544 -0.26083 -0.17558
0.52089 0.06949 0.38276 0.56497
