# avg	std	min	max
2.41080 0.02785 2.38637 2.46338
0.87412 0.00416 0.87196 0.88244
0.62125 0.28239 0.12682 0.88996
0.31595 0.29989 0.16170 0.91569
-0.02582 0.20108 -0.18366 0.36583
-0.37364 0.08054 -0.44366 -0.22212
3.13665 1.20193 1.99524 5.43345
6.67740 3.35423 2.52296 12.14290
1.56000 0.29242 1.01316 1.87952
2.75369 0.06514 2.62804 2.81846
2.08481 0.00552 2.08125 2.09563
1.22193 0.01802 1.21059 1.25742
1.40681 0.36786 0.78831 1.89310
0.00189 0.00172 -0.00052 0.00438
1.47166 0.51716 0.98438 2.11573
2.29400 0.00995 2.28654 2.31331
0.79992 0.47120 0.31618 1.66860
4.10998 0.13430 3.92892 4.28741
4.34209 0.89227 3.09928 5.80823
5.37094 1.01847 4.13930 6.99040
7.05989 0.58411 6.29734 7.98755
11.53622 0.73118 10.74690 12.85880
5.82833 0.42007 5.30654 6.57771
