# avg	std	min	max
0.27858 0.00151 0.27782 0.28160
0.28218 0.00150 0.28104 0.28475
0.07270 0.00060 0.07237 0.07391
-0.14974 0.00240 -0.15230 -0.14603
-0.10748 0.00379 -0.11120 -0.10231
-0.03766 0.00590 -0.04636 -0.02854
-0.34229 0.00986 -0.35599 -0.33188
-0.15611 0.00362 -0.15923 -0.14927
1.06949 0.05971 0.99905 1.17883
0.22202 0.00219 0.22044 0.22624
0.20973 0.00221 0.20700 0.21244
0.14570 0.00171 0.14370 0.14804
-0.27054 0.02013 -0.30040 -0.24594
0.00025 0.00269 -0.00185 0.00552
-0.01574 0.05315 -0.05479 0.08581
-0.22265 0.00184 -0.22548 -0.21998
-0.04848 0.01842 -0.07982 -0.02206
-0.05982 0.04206 -0.14161 -0.02833
-0.09566 0.02648 -0.12578 -0.06128
0.12647 0.04060 0.07524 0.16700
-0.00904 0.00615 -0.01737 -0.00062
-0.84480 0.01455 -0.85880 -0.81703
0.06215 0.08209 -0.01657 0.16462
