# avg	std	min	max
0.33309 0.00000 0.33309 0.33309
0.31770 0.00000 0.31770 0.31770
0.54815 0.00224 0.54534 0.55216
0.16975 0.03100 0.10897 0.19178
0.39846 0.00089 0.39757 0.39978
-0.18326 0.02320 -0.20274 -0.13908
0.07573 0.00372 0.06845 0.07882
0.07057 0.01702 0.05385 0.09257
1.35238 0.01560 1.32777 1.36803
0.27611 0.00115 0.27482 0.27814
0.49291 0.00090 0.49131 0.49378
0.33042 0.00017 0.33015 0.33063
0.12691 0.00229 0.12364 0.12891
-0.00043 0.00000 -0.00043 -0.00043
-0.10891 0.02171 -0.13597 -0.08742
0.43240 0.00311 0.42866 0.43760
0.30795 0.01297 0.29178 0.31918
-0.25883 0.02237 -0.28599 -0.22663
-0.41013 0.17055 -0.59528 -0.15930
0.00830 0.18608 -0.15662 0.31930
0.50332 0.00374 0.49599 0.50613
-0.05599 0.01994 -0.07830 -0.02079
0.71160 0.00764 0.70471 0.72599
