# avg	std	min	max
1.02340 0.04177 0.96143 1.05960
0.49890 0.18781 0.19005 0.78141
0.04893 0.15785 -0.18029 0.27751
-1.06546 0.17666 -1.27929 -0.80402
-0.14874 0.32855 -0.70487 0.25146
-0.83269 0.12051 -0.95212 -0.60461
0.84203 0.14656 0.66518 1.01248
0.93229 0.04074 0.87606 0.99912
-0.15133 0.13713 -0.29769 0.06382
1.27274 0.15636 1.07165 1.46406
0.93223 0.15278 0.79702 1.14306
0.45262 0.09474 0.37068 0.63836
0.74038 0.06570 0.63799 0.81458
0.02377 0.16528 -0.10688 0.34484
-0.21958 0.18282 -0.39000 0.12385
0.94278 0.11108 0.80371 1.14390
0.04426 0.12696 -0.05200 0.28771
0.18541 0.10207 0.08315 0.35580
0.12338 0.15415 -0.05109 0.40781
1.26361 0.19334 1.06530 1.62847
0.57502 0.18391 0.23283 0.73760
0.47488 0.18046 0.26097 0.72884
0.30968 0.12095 0.13780 0.50606
