# avg	std	min	max
0.28710 0.05443 0.21791 0.38497
0.46359 0.00201 0.46259 0.46760
0.47267 0.00217 0.46857 0.47471
-0.91252 0.03301 -0.95237 -0.85300
0.05412 0.04655 -0.02463 0.11957
-0.86070 0.09319 -0.99783 -0.72468
-0.83004 0.01909 -0.86517 -0.81171
-0.10605 0.16325 -0.21491 0.21671
1.83532 0.20821 1.67559 2.24667
0.69461 0.00208 0.69312 0.69843
0.52304 0.00812 0.50926 0.53141
0.45799 0.00336 0.45149 0.46088
-0.44817 0.00441 -0.45275 -0.44031
-0.00104 0.00286 -0.00401 0.00399
-0.22697 0.02512 -0.26951 -0.20275
0.21860 0.00747 0.20639 0.22953
0.13176 0.00884 0.12054 0.14154
-0.32318 0.13267 -0.53792 -0.19985
-0.50205 0.12479 -0.60952 -0.34581
0.19007 0.00868 0.17291 0.19663
0.51410 0.01983 0.49710 0.54911
-0.66095 0.08619 -0.78523 -0.51698
1.08970 0.04009 1.05163 1.16645
