# avg	std	min	max
0.36563 0.00231 0.36425 0.37020
-0.00940 0.02707 -0.02440 0.04454
-0.68622 0.01409 -0.70807 -0.66379
-0.85236 0.01391 -0.86960 -0.83232
-1.11659 0.01582 -1.12985 -1.08739
-1.20558 0.09181 -1.34184 -1.05448
-1.45922 0.03279 -1.49396 -1.41501
-1.35528 0.01094 -1.36543 -1.33579
1.04022 0.00665 1.03225 1.04864
0.11420 0.00828 0.10382 0.12177
-0.30158 0.01588 -0.31435 -0.27790
-0.22225 0.01432 -0.23715 -0.20324
-1.13996 0.00758 -1.14724 -1.12862
-0.03158 0.01200 -0.05256 -0.01642
-0.30225 0.03807 -0.33457 -0.22848
0.32417 0.04130 0.28530 0.39925
0.00733 0.02395 -0.01054 0.05464
-0.71291 0.02140 -0.73553 -0.68311
-0.51984 0.07044 -0.65492 -0.44901
0.03792 0.01576 0.01625 0.05968
0.97702 0.07009 0.88798 1.07125
-1.10395 0.03017 -1.15214 -1.05921
1.69089 0.33193 1.27458 2.11129
