# avg	std	min	max
-0.01777 0.07531 -0.12811 0.06184
0.52025 0.00558 0.51561 0.53103
2.79488 0.29731 2.33821 3.14506
0.48157 0.03459 0.43515 0.54144
2.33689 0.03730 2.28988 2.39100
0.27035 0.04891 0.20046 0.34021
0.53733 0.00007 0.53722 0.53743
1.40543 0.21348 0.98499 1.53473
-0.01249 0.04354 -0.05991 0.04934
0.48473 0.00332 0.48163 0.49088
2.96596 0.08631 2.79554 3.02803
0.66188 0.00214 0.65931 0.66508
0.53723 0.01766 0.50454 0.55606
-0.00357 0.00270 -0.00492 0.00183
0.33789 0.01550 0.31547 0.35850
0.10477 0.01344 0.09069 0.12168
0.51502 0.00937 0.50788 0.53198
0.32942 0.01937 0.29939 0.36002
0.37737 0.14793 0.08341 0.47774
0.74883 0.01621 0.71642 0.75719
0.47401 0.01369 0.46018 0.49762
0.39446 0.00814 0.37955 0.40234
5.67927 1.32294 3.08455 6.67767
