# avg	std	min	max
0.46516 0.01098 0.45164 0.47609
-0.41621 0.02333 -0.46288 -0.40454
-0.54674 0.02684 -0.58661 -0.51416
-0.56627 0.19596 -0.70864 -0.18152
-1.03103 0.06351 -1.13851 -0.94328
-0.95400 0.11519 -1.08872 -0.79651
-0.50317 0.06600 -0.61613 -0.43897
-0.44640 0.05672 -0.50591 -0.35107
-2.14905 0.02389 -2.16651 -2.10248
0.37627 0.05794 0.26581 0.43458
-0.08962 0.08206 -0.19027 -0.01401
-0.05803 0.00205 -0.06034 -0.05420
-0.42647 0.04187 -0.50980 -0.40005
-0.00054 0.00000 -0.00054 -0.00054
-0.58521 0.06623 -0.70997 -0.51475
-0.15467 0.04295 -0.23625 -0.10823
-1.37853 0.01823 -1.38825 -1.34208
-0.72922 0.04699 -0.79471 -0.66059
-0.18875 0.03991 -0.25453 -0.13161
-0.09091 0.01058 -0.11102 -0.08234
-0.13478 0.03360 -0.16631 -0.08048
-0.96393 0.05984 -1.01335 -0.85095
-0.41229 0.15434 -0.55419 -0.20940
