# avg	std	min	max
0.27840 0.00000 0.27840 0.27840
-0.28709 0.00000 -0.28709 -0.28709
-0.02133 0.13118 -0.14018 0.19902
-1.45273 0.22450 -1.57029 -1.00392
-0.76712 0.02158 -0.79056 -0.72641
-1.77230 0.07045 -1.84319 -1.66483
-1.38600 0.05782 -1.46523 -1.33041
-1.72629 0.00325 -1.72971 -1.72137
-2.06042 0.00244 -2.06396 -2.05667
-0.32280 0.14624 -0.52544 -0.12417
-0.48259 0.04513 -0.56399 -0.42944
0.16027 0.00607 0.15710 0.17241
-1.05746 0.01329 -1.07177 -1.03384
-0.00000 0.00000 -0.00000 -0.00000
-0.58205 0.03336 -0.60909 -0.51787
0.02203 0.00370 0.01728 0.02527
-0.85438 0.04588 -0.92734 -0.80963
-0.83846 0.04978 -0.89525 -0.76648
-0.85761 0.39715 -1.37642 -0.53115
-0.21011 0.00822 -0.21914 -0.19514
-0.17904 0.00477 -0.18517 -0.17062
-1.73215 0.07539 -1.85637 -1.66676
-0.14283 0.01585 -0.16547 -0.12555
