# avg	std	min	max
1.51110 0.00000 1.51110 1.51110
0.52795 0.00000 0.52795 0.52795
0.48574 0.63089 -0.08351 1.28827
-1.52734 0.20977 -1.70542 -1.13063
0.36996 0.01444 0.35821 0.39795
-2.18739 0.02266 -2.21966 -2.14906
-1.86393 0.08311 -1.99775 -1.77605
5.99274 8.59401 1.48472 23.17890
5.60556 0.34390 5.07840 5.89855
1.46374 0.06174 1.42011 1.58363
1.57887 0.02683 1.55668 1.62073
0.03272 0.33511 -0.13929 0.70290
5.58869 6.35497 2.36979 18.29850
0.00415 0.00391 0.00000 0.01109
-0.10606 0.02011 -0.12954 -0.07229
0.11812 0.00168 0.11635 0.12064
0.55031 0.11663 0.41463 0.71343
2.40929 0.41708 2.15258 3.23961
2.58769 2.67175 0.95495 7.87766
3.01415 3.92640 -0.20556 7.85727
3.86475 0.44653 2.99882 4.19547
9.82131 0.57075 8.99280 10.43050
5.53799 0.72153 4.67043 6.39968
