# avg	std	min	max
1.12271 0.08775 0.94758 1.17297
0.88265 0.12565 0.63137 0.94748
1.11477 0.11216 0.90885 1.21483
0.37425 0.17532 0.05768 0.58395
0.61167 0.06420 0.54298 0.72450
-0.72901 0.04326 -0.80986 -0.67920
-0.62133 0.04582 -0.68001 -0.54813
0.86336 0.05450 0.76631 0.93458
-0.49398 0.06321 -0.59012 -0.43878
1.16861 0.04271 1.10482 1.21197
1.09432 0.00877 1.08964 1.11184
1.52608 0.08445 1.35729 1.57190
-0.28709 0.06537 -0.35887 -0.17187
0.00002 0.00048 -0.00079 0.00069
0.75357 0.17943 0.58892 1.09335
-1.18232 0.15106 -1.46915 -1.02334
-0.56593 0.16206 -0.69402 -0.24736
0.93810 0.16610 0.64994 1.14637
1.60872 0.06161 1.53844 1.71559
1.29193 0.05260 1.20457 1.34810
-0.16429 0.13182 -0.41960 -0.03878
-0.89119 0.10047 -1.02113 -0.75247
0.03289 0.23371 -0.34780 0.29515
