# avg	std	min	max
0.32237 0.00641 0.31836 0.33507
-0.31654 0.00845 -0.32370 -0.30620
-0.22828 0.01684 -0.25980 -0.21521
-0.79119 0.05035 -0.84360 -0.70670
-0.41905 0.04280 -0.47084 -0.36248
-1.22119 0.01155 -1.24102 -1.20993
-0.30259 0.05098 -0.37344 -0.22050
-0.75739 0.00961 -0.77110 -0.74144
-1.13039 0.02047 -1.15564 -1.10337
0.04134 0.01069 0.02211 0.04974
0.10259 0.00673 0.09627 0.11198
0.21426 0.02394 0.17405 0.24900
-0.16367 0.02278 -0.20503 -0.13652
-0.00182 0.00822 -0.01666 0.00867
-0.67766 0.01429 -0.69305 -0.65414
-0.83930 0.00647 -0.84771 -0.83103
-1.40562 0.02938 -1.45630 -1.37422
-0.26500 0.02005 -0.28948 -0.24128
0.08694 0.01171 0.07195 0.10316
0.31990 0.01439 0.29761 0.33436
-0.90748 0.03569 -0.94746 -0.84136
-0.99059 0.33187 -1.65248 -0.78178
-0.87405 0.03423 -0.92990 -0.83216
