# avg	std	min	max
-0.32106 0.00303 -0.32265 -0.31500
0.83391 0.00529 0.83073 0.84445
1.67260 0.00219 1.66859 1.67530
0.31757 0.00489 0.31111 0.32489
2.96878 0.04742 2.91179 3.02116
0.23233 0.06740 0.14541 0.29617
0.10891 0.01555 0.08110 0.12752
0.12230 0.02297 0.07706 0.13863
4.90572 0.00453 4.90044 4.91104
0.15329 0.00426 0.14838 0.16048
1.38360 0.05168 1.35007 1.48632
0.50644 0.00562 0.50111 0.51687
0.08128 0.00438 0.07548 0.08883
-0.00565 0.00785 -0.01420 0.00911
0.62591 0.00902 0.61720 0.64206
0.39616 0.00198 0.39341 0.39846
0.39811 0.00936 0.38466 0.41249
0.02070 0.00851 0.00816 0.03333
0.28323 0.01832 0.26843 0.31526
0.37348 0.00380 0.36643 0.37749
0.62585 0.04284 0.58002 0.69589
-0.19108 0.01164 -0.20548 -0.17506
1.43772 0.00765 1.43006 1.45198
