# avg	std	min	max
2.09337 0.01128 2.07081 2.09944
1.81164 0.00099 1.81085 1.81313
2.51052 0.00310 2.50483 2.51374
1.77566 0.18167 1.44971 1.95303
1.89618 0.07577 1.79509 1.97767
1.30892 0.18921 1.01538 1.56586
1.69465 0.56345 0.60864 2.19073
1.79979 0.31239 1.47661 2.37288
-0.02174 0.01079 -0.02751 -0.00017
1.62061 0.30850 1.18959 1.97244
2.62566 0.00375 2.62190 2.63281
2.38847 0.07227 2.24406 2.43056
1.53795 0.42459 0.93463 2.13685
2.20530 0.01266 2.18826 2.22575
2.12906 0.16655 1.97024 2.39845
2.57069 0.04086 2.52810 2.62065
1.93649 0.11805 1.79526 2.10887
2.13912 0.02089 2.10980 2.17210
2.25772 0.03263 2.21140 2.30875
2.46520 0.07594 2.37048 2.57419
2.49376 0.25335 2.23797 2.80996
2.76052 0.28601 2.27942 3.15554
3.41230 0.46645 2.57399 3.90686
