# avg	std	min	max
2.98241 0.00189 2.97987 2.98458
2.01135 0.00200 2.00912 2.01423
2.47439 0.07607 2.32847 2.55194
2.38077 0.03890 2.32740 2.42308
2.05241 0.43406 1.75286 2.90524
1.91853 0.02625 1.88171 1.95916
3.02656 0.05437 2.97408 3.13168
2.97385 0.21148 2.79296 3.38318
0.00016 0.00595 -0.00505 0.01162
1.99765 0.00439 1.99100 2.00159
2.09523 0.39739 1.86513 2.88904
2.52037 0.00573 2.51324 2.52745
3.37057 0.01941 3.34257 3.39655
3.34108 0.00334 3.33482 3.34426
2.03413 0.05605 1.97535 2.11967
3.99528 0.00696 3.98574 4.00658
2.38192 0.01258 2.36080 2.40027
2.87315 0.10055 2.67855 2.96895
2.83285 0.11029 2.61960 2.93005
3.50900 0.03064 3.48235 3.56846
3.46097 0.00117 3.45890 3.46207
2.38283 0.06452 2.29259 2.45662
4.00410 0.07757 3.92527 4.10844
