# avg	std	min	max
1.75458 0.00258 1.75038 1.75701
1.89685 0.00000 1.89685 1.89685
1.24830 0.01762 1.21749 1.26619
1.26290 0.02429 1.23180 1.29559
0.64976 0.02755 0.61799 0.69695
0.42729 0.17546 0.26883 0.65136
1.21950 0.03417 1.15861 1.25051
1.01523 0.00118 1.01398 1.01722
0.00295 0.00591 -0.00000 0.01477
1.69620 0.00215 1.69255 1.69808
1.59098 0.01602 1.57957 1.62248
1.37254 0.00807 1.35658 1.37768
1.27812 0.01605 1.26418 1.30133
1.39318 0.20884 1.06228 1.56499
0.56991 0.05783 0.50969 0.67109
2.00866 0.00540 1.99860 2.01346
1.80313 0.02660 1.76141 1.83296
-0.92706 0.13297 -1.07711 -0.75266
-0.32152 0.35021 -0.87822 0.07432
1.42561 0.02513 1.40388 1.45646
2.21605 0.02956 2.16272 2.24120
1.23210 0.04200 1.18878 1.30133
2.65288 0.21944 2.33193 2.89567
