# avg	std	min	max
1.88104 0.01988 1.85473 1.90150
1.42509 0.00000 1.42509 1.42509
2.70007 0.00311 2.69701 2.70400
0.53377 0.00477 0.53050 0.54320
2.31111 0.04798 2.22513 2.35628
0.44808 0.04248 0.37514 0.49799
1.15421 0.02112 1.13713 1.19537
1.32182 0.01490 1.29723 1.33753
-0.00230 0.00000 -0.00230 -0.00230
1.93285 0.00014 1.93264 1.93300
2.77164 0.00048 2.77090 2.77217
1.56768 0.02375 1.55332 1.61503
1.14680 0.08207 0.98287 1.19573
1.43348 0.12877 1.28292 1.61124
1.52168 0.01854 1.50478 1.54653
2.55221 0.05558 2.45688 2.60995
1.39323 0.02412 1.35585 1.42180
1.02906 0.06865 0.94024 1.13621
1.31372 0.03402 1.27667 1.36913
2.26221 0.12566 2.11783 2.41859
2.56501 0.08480 2.47245 2.69547
1.51057 0.09960 1.37968 1.62058
3.55851 0.03766 3.51276 3.61727
