# avg	std	min	max
1.21702 0.01399 1.20754 1.24467
0.56309 0.00759 0.55616 0.57597
0.33031 0.51422 -0.20351 1.25959
-0.26818 0.66950 -0.78525 1.03482
-0.56600 0.02079 -0.59277 -0.53099
-0.80999 0.14826 -0.95481 -0.52875
1.26998 0.03359 1.22564 1.31491
1.46611 0.08508 1.39187 1.62608
-0.00107 0.00059 -0.00193 -0.00015
1.50986 0.00083 1.50908 1.51135
0.58979 0.05520 0.53705 0.69352
0.24837 0.00090 0.24710 0.24969
1.28719 0.01647 1.26660 1.30831
1.31229 0.28646 1.04484 1.66945
1.11185 0.10851 1.01203 1.27039
1.25250 0.17328 1.14500 1.59785
0.51386 0.26406 0.32750 1.03796
0.45710 0.32691 0.01180 0.77792
1.06951 0.33171 0.42469 1.32956
1.34975 0.09539 1.23012 1.52323
1.17097 0.04806 1.13199 1.26519
1.31546 0.05446 1.24474 1.38842
0.26560 0.02290 0.22789 0.28755
