# avg	std	min	max
1.96571 0.02416 1.92387 1.99219
1.59898 0.04599 1.54220 1.64228
1.99325 0.04412 1.93591 2.04080
1.68168 0.03964 1.60394 1.71500
1.97835 0.45195 1.38948 2.49023
1.41209 0.05673 1.35259 1.51921
1.48188 0.06408 1.36040 1.54446
1.78128 0.14876 1.50333 1.92237
0.00338 0.00892 -0.00210 0.02120
1.61499 0.00797 1.60500 1.62529
2.24515 0.01818 2.22302 2.26791
2.01241 0.05380 1.93537 2.08366
1.72804 0.05387 1.62776 1.77018
1.95271 0.03529 1.89334 2.00142
1.67706 0.04436 1.63432 1.75550
1.63147 0.06892 1.52809 1.72239
1.36123 0.04360 1.30002 1.40767
1.31627 0.31982 0.97597 1.72353
1.71318 0.02301 1.68946 1.75657
2.07927 0.02494 2.03768 2.10818
1.54290 0.02312 1.51091 1.57720
1.69292 0.13841 1.54390 1.93290
3.01484 0.28389 2.61783 3.38856
