# avg	std	min	max
1.14515 0.00278 1.13965 1.14717
0.86977 0.00514 0.86171 0.87426
1.32751 0.01982 1.29967 1.34401
0.68920 0.00856 0.67655 0.70016
0.99794 0.00888 0.98540 1.00903
0.50061 0.02428 0.46337 0.53291
0.92180 0.01432 0.89937 0.94253
1.09238 0.02465 1.05332 1.11575
-0.00103 0.00041 -0.00124 -0.00020
0.50690 0.00101 0.50514 0.50789
0.76673 0.01608 0.73987 0.78781
0.98913 0.00745 0.97650 0.99740
0.98009 0.00654 0.97555 0.99303
0.92606 0.04747 0.87825 0.98441
0.75495 0.05889 0.71848 0.87201
0.39099 0.01704 0.37174 0.41289
0.73481 0.07871 0.67321 0.88852
1.04180 0.04346 0.99021 1.11497
0.90327 0.12869 0.75016 1.05426
1.12691 0.00715 1.12057 1.13820
1.14391 0.00869 1.12666 1.15006
0.66446 0.01642 0.64065 0.67995
1.84968 0.18077 1.48911 1.95143
