# avg	std	min	max
1.11387 0.00744 1.11015 1.12876
0.93086 0.02185 0.88717 0.94179
1.27995 0.00782 1.26758 1.29215
1.10324 0.00610 1.09652 1.11114
1.25975 0.03709 1.21781 1.30667
1.06326 0.01841 1.03292 1.08962
0.87784 0.00686 0.86599 0.88733
1.01845 0.01297 1.00092 1.03862
0.00005 0.00039 -0.00038 0.00053
1.17917 0.00017 1.17888 1.17938
1.19896 0.01285 1.18310 1.22088
1.23318 0.00638 1.22988 1.24593
0.88672 0.01211 0.86802 0.90059
1.30531 0.04923 1.23721 1.36776
0.79774 0.03001 0.76319 0.85167
1.25872 0.04144 1.18358 1.29573
0.39466 0.06115 0.31689 0.47370
1.09028 0.01464 1.06139 1.10088
0.99575 0.01158 0.97420 1.00532
1.31617 0.00726 1.30671 1.32773
1.18690 0.01261 1.16381 1.19699
0.71370 0.08978 0.63670 0.82678
1.32082 0.02370 1.29053 1.36118
