# avg	std	min	max
-0.58032 0.01240 -0.59603 -0.56670
0.27981 0.02199 0.25493 0.31825
2.28948 0.00079 2.28864 2.29091
0.34273 0.00761 0.33318 0.35642
2.17001 0.00065 2.16937 2.17107
0.62343 0.22785 0.34093 0.82168
0.35332 0.00789 0.34253 0.36625
0.78660 0.00618 0.78321 0.79894
0.00000 0.00568 -0.00379 0.01111
-0.00053 0.01009 -0.01596 0.01586
1.82867 0.00010 1.82855 1.82879
0.28313 0.02135 0.25070 0.30851
0.62151 0.21696 0.33629 0.81553
-0.36230 0.00946 -0.36960 -0.34374
0.62746 0.01182 0.60692 0.63960
-0.46940 0.00136 -0.47158 -0.46763
0.31527 0.01854 0.29710 0.35085
-0.17578 0.07560 -0.27898 -0.05531
0.27717 0.16946 0.13055 0.60822
0.93674 0.00136 0.93521 0.93855
0.12522 0.01945 0.09325 0.14758
0.25786 0.17809 0.14655 0.61294
2.51840 0.02728 2.48157 2.56355
