# avg	std	min	max
1.16784 0.10402 1.00825 1.29576
1.00232 0.06059 0.89038 1.06080
1.84042 0.10048 1.69919 1.99021
1.33924 0.04586 1.26790 1.39106
1.58869 0.07873 1.49373 1.71381
1.32648 0.14262 1.06111 1.48303
1.17565 0.06622 1.09331 1.23627
1.46100 0.01517 1.43211 1.47544
-0.00043 0.00018 -0.00078 -0.00026
1.23887 0.27114 0.73680 1.48865
1.85846 0.02761 1.81704 1.90402
1.46971 0.00020 1.46935 1.46990
1.33624 0.18622 1.09229 1.64089
1.06301 0.51224 0.26845 1.67368
1.13264 0.07619 1.05521 1.25307
0.99165 0.08478 0.85000 1.11253
0.77446 0.22006 0.47466 1.12994
1.25699 0.07184 1.13938 1.34502
1.32827 0.00319 1.32483 1.33244
1.71159 0.16028 1.43212 1.91406
0.81862 0.44972 0.14421 1.50913
1.32689 0.08768 1.23602 1.48781
2.18914 0.24573 1.76008 2.43886
