# avg	std	min	max
2.16903 0.00251 2.16435 2.17118
1.38638 0.01842 1.36927 1.42025
2.17761 0.00771 2.16380 2.18730
1.13009 0.02539 1.09049 1.15216
1.85047 0.01204 1.82689 1.85975
1.67941 0.05385 1.57927 1.74109
1.63061 0.01326 1.61195 1.65105
1.84501 0.01029 1.82999 1.86051
-0.01314 0.01253 -0.03072 -0.00054
1.65355 0.01389 1.63032 1.67357
2.34664 0.03684 2.30328 2.39959
2.03061 0.01088 2.01633 2.04526
1.71296 0.01917 1.67776 1.72988
1.96023 0.00495 1.95077 1.96415
1.37673 0.02185 1.33463 1.39667
1.45959 0.00777 1.44479 1.46550
1.21696 0.01505 1.19322 1.24032
0.82731 0.04870 0.76633 0.88737
1.03704 0.28629 0.67465 1.29670
2.15289 0.01035 2.13898 2.16498
1.62446 0.03080 1.58124 1.66682
1.81053 0.06747 1.68595 1.86552
2.95277 0.18052 2.81916 3.30739
