# avg	std	min	max
1.64084 0.05292 1.58985 1.70500
2.41532 0.00000 2.41532 2.41532
2.26475 0.06773 2.13149 2.31702
2.25508 0.09907 2.05783 2.31601
2.07325 0.08651 1.97119 2.22030
2.35349 0.06655 2.27740 2.46821
2.65070 0.75857 2.20003 4.15548
2.57786 0.06916 2.51452 2.69710
0.00105 0.00262 -0.00086 0.00625
2.90765 0.00046 2.90712 2.90841
2.42579 0.12647 2.22016 2.54601
2.20022 0.00329 2.19665 2.20567
2.06175 0.12498 1.91973 2.25836
1.87256 0.45360 1.60819 2.77707
1.62630 0.07816 1.55544 1.76497
2.05496 0.33290 1.76127 2.46346
1.93704 0.12441 1.68926 2.01959
1.39090 0.09293 1.27788 1.51171
1.69158 0.37338 1.25280 2.08992
2.90590 0.52707 1.85231 3.19718
2.35130 0.15543 2.20186 2.60936
1.70526 0.44238 1.42577 2.57997
1.10312 0.10710 1.02805 1.31423
