# avg	std	min	max
2.41920 0.02105 2.38525 2.44133
1.58254 0.00762 1.56967 1.59306
1.51805 0.01839 1.49211 1.54453
0.80581 0.08509 0.64761 0.90059
0.93041 0.02593 0.88776 0.96952
-0.01504 0.02037 -0.04915 0.01469
1.84488 0.03829 1.80691 1.91493
1.61757 0.05768 1.56497 1.73011
-0.00385 0.00148 -0.00607 -0.00213
2.26675 0.00709 2.25301 2.27261
2.05784 0.01078 2.04607 2.07711
1.82777 0.00890 1.81730 1.83952
1.83650 0.02101 1.81149 1.86765
2.00982 0.03278 1.97203 2.05193
1.19676 0.02287 1.16383 1.22218
1.82763 0.03403 1.78873 1.87910
1.39656 0.09627 1.30609 1.58265
1.48339 0.06331 1.40621 1.59804
1.61308 0.07506 1.49172 1.70577
2.46187 0.01565 2.44368 2.48098
2.23502 0.09973 2.03920 2.31072
1.52226 0.05744 1.47061 1.60888
2.13863 0.12155 1.94808 2.27007
