# avg	std	min	max
1.85516 0.03101 1.82060 1.90672
1.10546 0.04127 1.05284 1.17015
1.95769 0.12835 1.85943 2.20719
0.60155 0.06771 0.52116 0.71735
2.66806 0.56643 1.79017 3.19874
0.21006 0.17467 -0.10967 0.41929
0.45224 0.05403 0.39414 0.54865
0.34685 0.21800 -0.02467 0.60294
-0.00111 0.00087 -0.00248 -0.00032
2.11683 0.05184 2.03200 2.17310
2.30868 0.06130 2.21548 2.40689
1.25473 0.05683 1.19870 1.35277
0.86732 0.05809 0.77399 0.94522
0.85295 0.12247 0.65183 1.01813
0.62043 0.22315 0.44287 1.05470
2.49673 0.07060 2.41601 2.59100
1.59986 0.14592 1.37114 1.80947
0.09856 0.21164 -0.05315 0.51893
0.49741 0.21196 0.32170 0.90603
1.03775 0.13790 0.88392 1.29283
4.32157 0.16303 4.05889 4.51097
0.97756 0.22106 0.61814 1.25736
8.04806 0.87257 6.86853 9.06264
