# avg	std	min	max
1.84611 0.00000 1.84611 1.84611
1.56593 0.00000 1.56593 1.56593
1.56430 0.00761 1.55455 1.57588
1.49978 0.03233 1.46153 1.53487
1.58962 0.00546 1.58223 1.59876
1.30112 0.04208 1.22570 1.35439
1.38023 0.00343 1.37731 1.38694
1.44566 0.00225 1.44280 1.44777
-0.00076 0.00210 -0.00285 0.00287
1.62270 0.00346 1.62078 1.62961
1.49419 0.00023 1.49396 1.49464
1.65859 0.00024 1.65835 1.65903
1.39807 0.00701 1.39017 1.40588
1.72943 0.00278 1.72704 1.73287
1.19347 0.06482 1.10911 1.30241
1.54917 0.00213 1.54497 1.55060
0.99045 0.03172 0.93018 1.02060
1.30394 0.03278 1.26600 1.36242
1.30682 0.03159 1.25625 1.33711
1.54634 0.00014 1.54614 1.54650
1.28462 0.13956 1.02210 1.42574
1.29749 0.01579 1.27073 1.31694
1.78812 0.00698 1.77948 1.79613
