# avg	std	min	max
1.84718 0.00000 1.84718 1.84718
1.64842 0.00000 1.64842 1.64842
2.35059 0.00042 2.35032 2.35141
1.14149 0.01514 1.13247 1.17168
1.89117 0.01311 1.87426 1.90726
0.91191 0.17456 0.64034 1.18149
1.34960 0.00066 1.34866 1.35056
1.70576 0.05321 1.63593 1.75300
-0.00669 0.00752 -0.01788 0.00065
1.62424 0.00507 1.62167 1.63437
2.26597 0.00741 2.25987 2.27539
1.73860 0.00074 1.73798 1.73958
1.68259 0.00227 1.67857 1.68444
1.91430 0.00166 1.91150 1.91602
1.26218 0.01837 1.23397 1.27989
1.22944 0.00957 1.22334 1.24845
0.88032 0.01939 0.85821 0.90550
1.33621 0.03490 1.26896 1.36611
0.68246 0.29753 0.46211 1.26908
1.97442 0.04481 1.89281 2.02183
1.71595 0.01025 1.70046 1.73278
0.56978 0.06134 0.52703 0.68941
2.59038 0.00894 2.58346 2.60671
