# avg	std	min	max
3.76013 0.00167 3.75745 3.76266
2.55082 0.00173 2.54887 2.55370
4.31137 0.38141 4.10434 5.07383
4.65551 0.28370 4.15259 4.87934
5.08214 0.17602 4.81746 5.37286
2.20859 0.53108 1.81079 3.26023
2.29705 0.18819 2.04395 2.51854
3.40348 0.29284 2.86628 3.70551
-0.00245 0.00261 -0.00715 -0.00012
3.18752 0.18017 2.94503 3.50623
4.54647 0.33447 3.95965 4.89878
3.08907 0.00074 3.08816 3.09005
2.45796 0.33696 2.17808 2.99859
4.28082 0.22531 3.94203 4.46744
3.51700 0.16271 3.20466 3.66543
4.62087 0.03552 4.55274 4.65124
3.71166 0.08648 3.55836 3.78244
3.09639 0.04034 3.02138 3.13251
3.41962 0.14097 3.25707 3.67343
4.76556 0.50357 4.10167 5.18540
3.62498 0.21244 3.40300 3.95223
2.84799 0.14782 2.66814 3.05640
6.40338 0.61616 5.56700 7.35238
