# avg	std	min	max
2.36368 0.09739 2.24160 2.47502
0.87228 0.12233 0.76312 1.10495
1.02965 0.20050 0.66230 1.22131
-1.42617 0.09871 -1.51805 -1.26315
-0.43623 0.16888 -0.64244 -0.16951
-1.30358 0.11303 -1.45020 -1.16175
1.87897 1.13881 0.37666 3.74741
-0.38544 1.21548 -2.03082 1.33271
4.95122 0.06615 4.84725 5.03736
1.86668 0.14297 1.72202 2.07371
2.48759 0.20181 2.27219 2.81623
1.57071 0.04156 1.53244 1.62508
1.80561 1.20055 -0.15112 3.63568
-0.10089 0.10468 -0.21348 0.06593
0.00000 0.00000 0.00000 0.00000
2.91897 0.04750 2.82894 2.95521
1.63483 0.10311 1.50165 1.76606
1.88804 0.77269 1.21937 3.40098
1.62497 0.38989 1.05923 2.04053
0.53602 0.74372 -0.19441 1.67711
3.82738 0.19486 3.56029 4.04434
6.49092 3.14772 4.01290 12.71140
6.43071 0.23760 5.96432 6.62199
