# avg	std	min	max
2.59251 0.31488 1.98516 2.90516
1.09047 0.03340 1.02592 1.11839
2.77279 0.31442 2.49393 3.36610
-1.13626 0.02450 -1.17546 -1.10133
2.10636 0.02967 2.06772 2.14925
-0.55494 0.04807 -0.59652 -0.49397
2.83380 0.72968 1.80250 3.71383
7.04645 2.48927 3.60537 9.27720
9.74228 0.02878 9.70353 9.78965
3.01334 0.25614 2.51234 3.24202
2.06205 0.01029 2.04251 2.07258
1.86207 0.00708 1.84964 1.87089
3.66440 0.48578 2.87517 4.39965
2.73450 0.04925 2.67317 2.82398
-0.02118 0.01693 -0.03741 0.00076
2.59412 0.17729 2.32600 2.79721
0.09969 0.00955 0.08413 0.11373
0.60290 0.11962 0.36995 0.71081
1.25669 0.45836 0.82809 2.13202
3.50853 0.72968 2.50966 4.48583
3.32272 0.28261 3.13434 3.88545
4.96246 0.75898 3.98766 6.28856
7.12361 0.36126 6.47582 7.57437
