# avg	std	min	max
0.30247 0.00898 0.29798 0.32042
0.15884 0.00000 0.15884 0.15884
0.20767 0.01034 0.19966 0.22492
0.15545 0.22021 -0.16185 0.42163
-0.25313 0.01803 -0.27103 -0.23121
-0.01766 0.07081 -0.14253 0.06350
0.08430 0.02941 0.05403 0.13897
0.27057 0.01609 0.25550 0.30108
2.92313 0.02468 2.88486 2.94970
0.08879 0.01532 0.07094 0.11695
0.30138 0.02097 0.28928 0.34328
0.03990 0.01182 0.02633 0.05928
0.13378 0.02023 0.12157 0.17410
0.17363 0.17166 -0.16899 0.27806
-0.03325 0.02391 -0.07921 -0.00910
0.50280 0.01864 0.48740 0.53193
0.71117 0.02220 0.68183 0.74959
-1.15387 0.04735 -1.23077 -1.09816
-1.49014 0.22795 -1.71454 -1.19980
-0.47224 0.02853 -0.51345 -0.43859
0.64660 0.01733 0.61920 0.67183
0.44602 0.02033 0.42475 0.48008
0.87923 0.02587 0.84570 0.90464
