# avg	std	min	max
1.48432 0.00927 1.46989 1.49482
0.26492 0.02567 0.21433 0.28039
-0.33504 0.00774 -0.34648 -0.32242
-0.51236 0.03284 -0.57516 -0.48713
-0.98378 0.00996 -0.99917 -0.96964
-0.66921 0.02426 -0.70061 -0.63060
-0.46580 0.04369 -0.50942 -0.39025
-0.08751 0.31194 -0.54089 0.36998
4.67478 0.03962 4.60287 4.71823
1.15432 0.01133 1.13329 1.16415
0.95232 0.00292 0.94649 0.95412
0.50855 0.00244 0.50702 0.51342
-0.28882 0.05999 -0.36233 -0.20856
1.01492 0.01006 1.00125 1.02682
-0.00149 0.00235 -0.00606 0.00000
1.35731 0.04927 1.26187 1.39876
0.98905 0.06311 0.90046 1.06410
-0.23217 0.21707 -0.65046 -0.04620
0.63315 0.20587 0.27262 0.91216
1.09283 0.06835 0.99960 1.20806
1.78375 0.05626 1.74239 1.89523
-0.74431 0.02055 -0.78191 -0.72267
3.73889 0.28361 3.39532 4.03755
