# avg	std	min	max
0.92067 0.00754 0.90852 0.93154
-0.08184 0.00447 -0.08656 -0.07519
0.64287 0.00032 0.64260 0.64345
-0.90970 0.03860 -0.94264 -0.85164
0.04095 0.27685 -0.11124 0.59423
-1.02722 0.00187 -1.02852 -1.02353
-0.06667 0.01785 -0.09252 -0.04536
-0.20098 0.01849 -0.22040 -0.17883
3.66606 0.27488 3.15820 3.90987
0.05599 0.00360 0.05254 0.06287
0.58503 0.00971 0.57751 0.60331
0.34305 0.02933 0.31512 0.38111
-0.11356 0.15460 -0.39749 0.01358
0.01744 0.01171 0.00778 0.03825
0.00092 0.00184 0.00000 0.00460
0.74916 0.02592 0.70057 0.77724
-0.01847 0.02900 -0.07545 0.00595
-0.30166 0.03327 -0.35942 -0.26263
0.07816 0.04870 0.00838 0.13374
0.69900 0.01355 0.67325 0.70998
0.62208 0.06808 0.56133 0.72215
-0.64178 0.10303 -0.76972 -0.52112
1.56628 0.07354 1.48795 1.68181
