# avg	std	min	max
0.66988 0.02195 0.65684 0.71366
0.25984 0.09231 0.18386 0.40040
-0.00712 0.17756 -0.09751 0.34799
-0.00780 0.05468 -0.06707 0.08025
-0.23702 0.07779 -0.30548 -0.12735
-1.05740 0.02798 -1.09467 -1.02108
0.14453 0.03668 0.11395 0.21662
0.20594 0.03050 0.17280 0.24283
-0.37953 0.12255 -0.48124 -0.14356
0.05478 0.03850 0.03526 0.13178
-0.00295 0.03976 -0.04022 0.06163
-0.27871 0.14957 -0.36044 0.02022
0.52880 0.07783 0.44807 0.66937
0.64129 0.06335 0.56795 0.72462
-0.02517 0.02876 -0.08268 -0.01078
0.29345 0.03303 0.26094 0.35653
-0.10461 0.06738 -0.19570 -0.01629
0.05411 0.26171 -0.41692 0.36947
0.37818 0.08355 0.24014 0.46423
0.98727 0.07421 0.93299 1.13355
0.47984 0.02723 0.45692 0.52972
0.05349 0.26224 -0.25209 0.39405
0.05889 0.11667 -0.04903 0.27645
