# avg	std	min	max
1.44400 0.05573 1.33280 1.47686
0.49067 0.00370 0.48698 0.49640
0.87093 0.54448 0.53684 1.94986
-0.44334 0.01085 -0.45413 -0.42393
1.70295 0.14732 1.60234 1.99351
-0.19830 0.04579 -0.27184 -0.14647
0.08640 0.02515 0.06280 0.13255
0.92699 0.02169 0.90840 0.95996
3.54953 0.20195 3.35401 3.90971
0.62700 0.00735 0.61756 0.63663
0.36013 0.00882 0.34823 0.37207
0.82727 0.08341 0.75570 0.93627
0.18280 0.01211 0.17197 0.20009
0.31283 0.03513 0.26932 0.34731
-0.01237 0.00822 -0.02641 -0.00416
0.57427 0.09424 0.38604 0.62514
0.03285 0.02453 0.00451 0.06334
-0.01256 0.02872 -0.04841 0.02496
0.21368 0.09717 0.11378 0.34630
0.29232 0.01892 0.26807 0.31672
0.22294 0.01532 0.20717 0.25078
0.06387 0.03861 0.01507 0.12224
4.51300 0.67645 3.75851 5.78395
