# avg	std	min	max
0.65074 0.29097 0.49109 1.23248
0.62572 0.00000 0.62572 0.62572
0.22295 0.00112 0.22233 0.22519
-0.48097 0.10739 -0.61968 -0.34695
-0.43325 0.03417 -0.48356 -0.38081
0.00226 0.02870 -0.02502 0.05751
-0.06514 0.01865 -0.08231 -0.02934
0.49409 0.03623 0.43125 0.52992
4.00768 0.34694 3.78153 4.69753
1.04375 0.00009 1.04362 1.04390
0.61156 0.00096 0.61042 0.61272
0.83809 0.06899 0.70016 0.87632
0.11765 0.11915 0.02360 0.35282
0.59639 0.00287 0.59426 0.60201
-0.01683 0.00000 -0.01683 -0.01683
0.60079 0.00041 0.60020 0.60128
0.08604 0.01821 0.05628 0.10840
-0.08550 0.02891 -0.12675 -0.04743
0.10314 0.00631 0.09067 0.10746
0.81548 0.11737 0.73324 1.04558
1.02961 0.01349 1.01447 1.04672
-0.20995 0.05691 -0.30511 -0.12815
0.64507 0.02723 0.62094 0.69292
