# avg	std	min	max
1.33756 0.00365 1.33315 1.34284
0.97566 0.00743 0.96973 0.99002
-0.00806 0.00609 -0.01450 0.00317
-0.61170 0.05137 -0.67800 -0.54900
-0.92229 0.01131 -0.93461 -0.90297
-0.97389 0.09490 -1.08648 -0.84609
-1.26349 0.02303 -1.28458 -1.21992
-0.78271 0.37640 -1.46177 -0.42425
3.84684 0.02508 3.81626 3.89009
1.31736 0.00995 1.30911 1.33516
0.99447 0.01096 0.97409 1.00616
0.38254 0.00551 0.37625 0.39003
-1.16267 0.00396 -1.16565 -1.15482
0.43995 0.10662 0.33823 0.63689
-0.03070 0.00110 -0.03124 -0.02850
0.29941 0.05626 0.19766 0.36566
0.24271 0.02566 0.20501 0.27616
-0.58142 0.04997 -0.65029 -0.52443
-0.10095 0.07924 -0.22133 0.00317
0.43852 0.13672 0.26686 0.61302
0.36661 0.05461 0.27084 0.41946
-1.14557 0.06397 -1.19425 -1.02158
0.47113 0.15954 0.24183 0.61988
