# avg	std	min	max
0.37177 0.00369 0.36515 0.37551
0.20293 0.00160 0.20138 0.20495
0.11361 0.00688 0.10546 0.12617
0.11071 0.05427 0.04115 0.20675
0.24602 0.03141 0.19735 0.27836
-0.09916 0.03194 -0.13290 -0.05224
-0.16809 0.04117 -0.22442 -0.10690
-0.04940 0.16859 -0.38567 0.05677
2.87036 0.03570 2.84092 2.92422
0.14975 0.00899 0.13685 0.16501
0.00081 0.00006 0.00074 0.00093
0.20759 0.02051 0.17049 0.22716
-0.37634 0.34712 -0.92347 -0.02246
0.62970 0.04766 0.57133 0.68522
-0.01959 0.02400 -0.04993 0.00000
0.71828 0.07995 0.60124 0.81494
-0.28052 0.00998 -0.28886 -0.26176
-0.23050 0.09767 -0.39089 -0.11735
-0.30222 0.10292 -0.50128 -0.22360
0.47108 0.00565 0.46569 0.48107
-0.44170 0.28121 -0.65152 0.06954
-0.16129 0.03454 -0.19644 -0.09495
-0.35583 0.06887 -0.44091 -0.25346
