# avg	std	min	max
-0.01953 0.11138 -0.11538 0.18060
0.12177 0.25298 -0.11512 0.53921
0.57117 0.06587 0.49973 0.68773
0.37130 0.25252 0.09319 0.83976
0.15605 0.08995 0.04582 0.29032
0.05897 0.09208 -0.05078 0.17914
-0.39397 0.02898 -0.44367 -0.36830
-0.14060 0.19433 -0.45001 0.07168
5.26662 0.05352 5.19142 5.32216
-0.52494 0.20098 -0.67171 -0.14083
0.12638 0.26192 -0.03650 0.64707
-0.24433 0.04769 -0.27397 -0.14976
-0.29216 0.12559 -0.44597 -0.13749
-0.58397 0.04710 -0.64307 -0.51845
-0.02418 0.01664 -0.04880 -0.00816
-0.68720 0.24126 -0.86121 -0.22488
-0.29935 0.10596 -0.41649 -0.11937
-0.11833 0.09196 -0.27330 -0.01602
-0.22608 0.02962 -0.27529 -0.20038
0.38198 0.48387 -0.19944 0.98571
-0.02708 0.18183 -0.23474 0.19660
-0.47649 0.23055 -0.70304 -0.04846
1.38632 0.00872 1.37391 1.39648
