# avg	std	min	max
-3.07521 0.00731 -3.08323 -3.06666
-1.11452 0.00000 -1.11452 -1.11452
0.61108 0.00123 0.60919 0.61232
0.35833 0.01138 0.35085 0.38077
0.49259 0.00132 0.49141 0.49499
-0.04300 0.09326 -0.19682 0.03754
-0.05668 0.01594 -0.07853 -0.03515
-1.07736 0.02880 -1.09782 -1.02306
1.76993 0.04250 1.73093 1.85170
-0.99397 0.06578 -1.12496 -0.94937
0.53020 0.10963 0.39181 0.62015
0.19601 0.00001 0.19601 0.19603
0.05301 0.03856 0.01381 0.10040
-0.19931 0.00199 -0.20323 -0.19783
-0.01269 0.00000 -0.01269 -0.01269
-1.84773 0.00072 -1.84842 -1.84656
-1.50668 0.02306 -1.54440 -1.48246
0.04088 0.05010 -0.05882 0.07531
0.03372 0.07622 -0.07868 0.12205
0.31071 0.19478 0.12251 0.55737
-1.03108 0.19487 -1.20377 -0.67429
0.28941 0.02652 0.24169 0.31397
0.44456 0.01964 0.41230 0.46139
