# avg	std	min	max
0.64049 0.03051 0.58707 0.67153
-0.25994 0.04348 -0.33111 -0.19380
0.32774 0.05350 0.25981 0.40687
-0.07445 0.03871 -0.12992 -0.01695
0.18618 0.08355 0.09685 0.31699
-0.06156 0.06708 -0.16578 0.03483
0.10676 0.03265 0.05787 0.16013
0.16416 0.06469 0.05440 0.24703
-1.57964 0.07781 -1.68341 -1.47363
-0.37780 0.04636 -0.43938 -0.32583
0.21815 0.40661 -0.13878 1.00689
0.53703 0.06200 0.41637 0.58474
0.06910 0.03328 0.02900 0.12743
-0.11117 0.04638 -0.15567 -0.02452
0.00000 0.00000 0.00000 0.00000
0.36043 0.04835 0.29832 0.42324
-0.21073 0.03319 -0.23363 -0.14777
0.01781 0.03905 -0.05656 0.04926
-0.07330 0.07542 -0.17634 0.02769
0.34520 0.04110 0.29422 0.40229
0.18188 0.12553 0.08128 0.42858
0.05772 0.07309 -0.06549 0.13294
0.25148 0.18611 0.13556 0.61894
