# avg	std	min	max
1.47872 0.01713 1.45796 1.49939
0.47268 0.00000 0.47268 0.47268
-0.42093 0.05791 -0.52127 -0.36157
-1.21903 0.01572 -1.24725 -1.19958
-0.53522 0.04029 -0.59939 -0.47355
-0.98994 0.10954 -1.18827 -0.88505
1.35285 1.02420 0.13041 3.23299
0.57523 0.52625 -0.05981 1.29789
2.29004 0.14620 2.00880 2.41337
0.87856 0.00239 0.87576 0.88284
-0.20875 0.07314 -0.26435 -0.06390
0.26740 0.00056 0.26663 0.26802
0.75861 1.17100 -0.52932 2.69066
1.24809 0.01869 1.22628 1.28233
-0.00069 0.00000 -0.00069 -0.00069
1.81618 0.00551 1.81267 1.82710
0.01009 0.04695 -0.03842 0.09849
-0.53641 0.00774 -0.54759 -0.52751
-0.01709 0.02168 -0.04562 0.01003
1.93889 0.39328 1.35929 2.45482
0.52166 0.05993 0.47644 0.62657
1.06565 0.55124 0.27294 1.94726
2.26678 0.51269 1.54706 2.97135
