# avg	std	min	max
1.34798 0.01218 1.33255 1.36804
0.64412 0.13591 0.46830 0.78448
1.30875 0.00575 1.30445 1.31940
0.13496 0.04161 0.08275 0.17243
0.61992 0.00735 0.61129 0.63258
-0.12543 0.07177 -0.25222 -0.03865
0.15000 0.34160 -0.48505 0.41409
0.15609 0.07614 0.03139 0.23473
2.10624 0.37945 1.58404 2.52846
-0.28708 0.14644 -0.57995 -0.21017
0.28420 0.07221 0.15350 0.34890
0.08875 0.01481 0.05966 0.09862
0.52737 0.08081 0.36660 0.57821
0.73239 0.01922 0.69847 0.75731
-0.00280 0.00000 -0.00280 -0.00280
1.00511 0.00225 1.00114 1.00735
0.64508 0.09044 0.47115 0.71804
0.30596 0.12369 0.08794 0.41607
0.40747 0.11512 0.25030 0.54210
0.68350 0.20081 0.28206 0.78978
0.91681 0.01697 0.89958 0.94784
0.18248 0.07066 0.04220 0.23358
2.50218 0.02132 2.46043 2.51664
