# avg	std	min	max
1.49328 0.03079 1.44083 1.51945
0.34827 0.00120 0.34586 0.34887
0.97905 0.00060 0.97853 0.98017
-0.28725 0.05959 -0.32367 -0.16952
0.31432 0.01356 0.29172 0.33102
-0.65715 0.15512 -0.79851 -0.35851
-0.07967 0.22392 -0.46815 0.14525
-0.49539 0.18423 -0.80986 -0.23478
4.72027 0.13383 4.54692 4.91863
0.32698 0.00078 0.32582 0.32799
0.05915 0.00190 0.05664 0.06210
0.60285 0.02355 0.57708 0.64690
-1.01019 0.06128 -1.09134 -0.91888
0.23235 0.05446 0.15193 0.30426
0.00000 0.00000 0.00000 0.00000
0.59130 0.02134 0.54881 0.60431
0.00442 0.04791 -0.07638 0.07321
0.09086 0.03023 0.06525 0.14930
0.01484 0.21910 -0.24245 0.42183
0.83597 0.12654 0.69500 1.01589
0.79622 0.03849 0.77100 0.87224
-1.48860 0.09383 -1.62791 -1.33613
2.41825 0.33323 2.01261 3.01156
