# avg	std	min	max
1.66112 0.01160 1.64693 1.67125
0.82363 0.01071 0.80245 0.83072
0.35247 0.10543 0.23667 0.51845
-0.01550 0.19583 -0.40592 0.10402
-0.08494 0.31315 -0.39515 0.47986
0.02598 0.24752 -0.46682 0.19440
0.49307 0.02352 0.46558 0.53576
0.90817 0.05610 0.85332 1.01550
3.74525 0.26430 3.41268 4.21484
0.95672 0.01450 0.93617 0.97423
1.54482 0.00450 1.53770 1.55086
0.47922 0.06918 0.37386 0.58938
0.91081 0.02131 0.88604 0.94671
0.05782 0.12928 -0.17536 0.20986
-0.01279 0.00745 -0.02354 -0.00515
2.26406 0.01609 2.23761 2.28591
1.14726 0.02417 1.12787 1.19211
0.10467 0.08092 -0.01147 0.19841
-0.16179 0.02163 -0.18450 -0.12420
1.36256 0.35372 0.90510 1.75038
2.07726 0.00987 2.06771 2.09536
0.12151 0.10822 -0.02482 0.29765
2.26831 0.40369 1.69429 2.74283
