# avg	std	min	max
2.05078 0.05161 1.98358 2.13939
0.61648 0.04659 0.54362 0.68101
3.43449 0.57141 2.64856 3.94159
-1.11406 0.01363 -1.13351 -1.09094
2.66621 0.32531 2.23365 3.05269
0.10866 0.04102 0.03776 0.15188
0.71140 1.16415 -0.91051 2.01500
4.62117 2.73362 0.75715 7.38761
5.53003 0.03898 5.45946 5.57692
2.21933 0.11671 2.08034 2.36727
2.45059 0.02456 2.41770 2.47582
1.15586 0.00515 1.14657 1.16141
-0.01111 0.53923 -0.56745 0.65354
2.35436 0.00548 2.34906 2.36141
-0.01078 0.00712 -0.02457 -0.00550
2.30943 0.00790 2.29841 2.32154
0.37143 0.07060 0.31015 0.49422
0.31863 0.23218 0.10616 0.75051
1.44023 0.09593 1.28097 1.57451
2.00788 0.33097 1.58223 2.58839
2.70653 0.58856 2.29866 3.87763
-0.47717 0.78652 -1.17632 0.99825
8.65437 0.38307 7.97196 9.03795
