# avg	std	min	max
0.82093 0.00100 0.81966 0.82211
0.60792 0.00079 0.60667 0.60854
0.60043 0.00070 0.59977 0.60171
0.05750 0.00777 0.04574 0.07009
0.45886 0.00247 0.45618 0.46273
0.01583 0.00698 0.00867 0.02478
0.05088 0.13992 -0.03735 0.32967
0.16336 0.18264 -0.03555 0.38460
-0.55705 0.00180 -0.55940 -0.55445
0.02798 0.00166 0.02580 0.02948
0.08762 0.00513 0.07839 0.09374
-0.10649 0.00113 -0.10866 -0.10558
0.43799 0.06770 0.37128 0.55960
0.08944 0.00234 0.08507 0.09150
-0.00389 0.00000 -0.00389 -0.00389
0.63342 0.00349 0.62970 0.63947
0.01979 0.02899 -0.02797 0.05413
0.18272 0.04248 0.12184 0.22627
0.15147 0.00461 0.14468 0.15759
0.61852 0.15493 0.40728 0.79764
-0.14939 0.03571 -0.18949 -0.09141
0.21643 0.07857 0.10761 0.35207
0.54435 0.10244 0.43954 0.73803
