# avg	std	min	max
1.52192 0.02870 1.49007 1.55871
0.29676 0.04021 0.25194 0.35812
0.20448 0.03091 0.17750 0.26228
-1.11589 0.09899 -1.23067 -0.94783
-0.30384 0.03121 -0.34679 -0.25562
-1.15648 0.06743 -1.28045 -1.07415
-1.06425 0.21458 -1.29408 -0.79996
-0.96442 0.12941 -1.13920 -0.73597
2.86681 0.11130 2.68420 3.01549
1.54428 0.07115 1.43600 1.62634
0.95771 0.03587 0.91973 1.01448
0.79186 0.01753 0.77530 0.81340
-0.90119 0.11791 -1.02934 -0.68226
0.27007 0.03190 0.23541 0.31935
-0.00107 0.02459 -0.02162 0.04662
0.94866 0.06803 0.82631 1.00862
-0.04642 0.02994 -0.08812 -0.01725
-0.66811 0.06931 -0.76704 -0.57017
-0.47707 0.48723 -1.42383 -0.12432
-0.00903 0.03549 -0.07838 0.01975
1.31142 0.19085 1.03305 1.50571
-0.80396 0.26702 -1.16164 -0.44998
0.90086 0.43818 0.36017 1.56419
