# avg	std	min	max
0.81775 0.13008 0.69160 1.04910
-0.09286 0.04680 -0.14868 -0.02955
1.09144 0.13292 0.94611 1.28987
-0.96779 0.04818 -1.04091 -0.91582
0.19598 0.13660 0.03459 0.35447
-0.80530 0.17567 -1.03962 -0.60092
-1.12789 0.09266 -1.23800 -0.96887
-1.84864 0.02696 -1.88330 -1.81247
5.63018 0.21074 5.37174 5.97616
0.58699 0.11566 0.45594 0.72897
1.90282 0.13479 1.76702 2.15253
0.50484 0.09714 0.37601 0.61036
-0.95017 0.10106 -1.06449 -0.80814
0.04927 0.13839 -0.08984 0.28682
-0.01120 0.01849 -0.03339 0.01880
0.73427 0.01330 0.72024 0.75140
0.07157 0.08116 -0.00049 0.22172
-0.43094 0.10546 -0.55633 -0.24734
-0.33433 0.06016 -0.41336 -0.25288
0.18178 0.05647 0.12480 0.27756
0.68167 0.07034 0.60876 0.81450
-1.42728 0.33599 -1.82274 -0.97801
1.82534 0.05705 1.76983 1.92461
