# avg	std	min	max
0.96063 0.49089 0.22129 1.49910
0.43530 0.48836 -0.24737 0.97590
0.17548 0.41545 -0.29014 0.89169
-1.40578 0.62007 -2.36639 -0.45802
-0.58471 0.18882 -0.85723 -0.33238
-1.37170 0.28763 -1.80974 -1.10746
-1.83709 0.44580 -2.31701 -1.12041
-0.68803 0.13580 -0.92222 -0.51742
4.24087 0.25710 3.97835 4.73053
0.39595 0.41146 -0.03440 1.17602
1.55607 0.33209 1.15974 1.95184
0.12052 0.19732 -0.15517 0.35845
-1.49729 0.13121 -1.71590 -1.34298
1.81822 0.21577 1.47370 2.03348
-0.10802 0.46047 -0.66883 0.68709
1.26020 0.18767 1.05629 1.50763
1.01118 0.27207 0.79410 1.51292
-0.44427 0.46041 -1.09349 0.33884
-0.24666 0.40866 -0.95310 0.08831
0.45310 0.24762 0.10673 0.80469
2.86054 0.50816 2.13975 3.51940
0.93960 0.92499 -0.66768 1.82626
3.21028 0.40725 2.56383 3.81212
