# avg	std	min	max
6.25040 0.05747 6.14573 6.29907
5.22154 0.06771 5.13261 5.31810
4.60744 0.48736 3.95515 5.13815
2.32794 0.32307 1.90534 2.77376
3.11641 0.34271 2.72150 3.73739
2.13356 0.08688 2.03555 2.24063
2.57382 1.38984 0.82305 4.33415
9.28556 5.19901 4.17329 19.00890
7.42437 0.02661 7.40090 7.47583
5.45151 0.34717 5.04389 5.96292
5.62906 0.15382 5.45729 5.85984
4.88253 0.13248 4.62297 4.98549
3.00773 2.28776 1.51553 7.53956
5.17329 0.28370 4.64070 5.45334
4.49640 0.49094 3.97139 5.11965
6.65303 0.42369 6.15823 7.41564
5.89327 0.21065 5.64218 6.22088
2.30085 0.33003 1.90596 2.89629
-0.06017 0.00000 -0.06017 -0.06017
5.72149 0.66965 4.44455 6.35209
8.93409 0.53693 8.23397 9.87323
9.66955 1.67988 7.50490 12.41740
10.46318 1.70042 9.24033 13.69990
