# avg	std	min	max
4.97799 0.43155 4.12966 5.29285
3.07761 0.38829 2.31331 3.34977
3.84157 0.30750 3.34273 4.20870
2.21299 0.23952 1.98710 2.54353
4.79058 0.11272 4.62303 4.97752
1.33696 0.30184 0.76466 1.58567
5.94115 0.44700 5.19472 6.57312
9.75028 0.90008 8.25103 10.99490
10.53068 0.26919 10.17480 10.85310
3.80076 0.40893 3.40581 4.51267
4.67172 0.14278 4.42709 4.80930
3.58764 0.45781 3.08898 4.36954
4.64246 0.58755 4.08737 5.75142
5.56001 0.52433 4.61111 6.10168
4.17960 0.22222 3.77540 4.42427
6.79309 0.23975 6.48346 7.08974
5.74878 0.37966 5.05021 6.06624
3.18026 0.32103 2.85450 3.57685
-0.01296 0.00000 -0.01296 -0.01296
6.33969 0.26098 5.96571 6.60739
9.39332 0.36225 8.97376 9.80751
9.33320 1.63648 7.03822 12.14690
13.84612 2.42048 10.49710 17.01330
