# avg	std	min	max
1.97454 0.37548 1.53765 2.55663
1.07824 0.40311 0.64331 1.75201
0.98284 0.51994 0.61362 1.98390
1.09568 0.66917 0.27098 1.69020
1.47868 0.67445 0.64746 2.24337
1.14096 0.33883 0.49346 1.45319
0.42588 0.55387 -0.66322 0.82961
1.00266 1.26492 -0.67136 2.28409
-0.46413 0.21711 -0.87515 -0.24985
1.45753 0.27886 1.13112 1.78240
0.62906 0.20407 0.45301 1.02896
1.14994 0.38500 0.72666 1.86597
0.46729 0.34687 0.04502 0.95781
0.37879 0.13659 0.19524 0.52552
1.80206 0.73650 0.65345 2.82997
-0.76665 0.26476 -1.01437 -0.25543
0.87381 0.39237 0.36145 1.44993
1.39345 0.44481 0.91946 2.15447
-0.01048 0.00000 -0.01048 -0.01048
1.63478 0.26197 1.39729 1.97557
1.01836 0.43684 0.63976 1.81316
0.92237 0.97744 -0.15359 2.75486
2.11974 0.20140 1.81093 2.39389
