# avg	std	min	max
2.00663 0.02783 1.95855 2.04089
0.97407 0.02827 0.93371 1.01374
0.94578 0.01882 0.91659 0.96617
0.23515 0.07279 0.15998 0.34918
0.72883 0.00951 0.71494 0.74004
0.01496 0.07880 -0.08220 0.08355
0.36914 0.04983 0.28367 0.41748
0.23618 0.24561 -0.04575 0.54127
2.54170 0.26682 2.08969 2.90323
1.13793 0.02496 1.10932 1.17090
1.05859 0.00870 1.05249 1.07585
1.07829 0.03537 1.03678 1.12682
0.60401 0.04805 0.53362 0.67134
-0.00124 0.02962 -0.03841 0.03083
0.31931 0.03443 0.28057 0.36474
1.43676 0.07557 1.35569 1.56794
0.91355 0.04616 0.82923 0.95592
0.04429 0.05661 -0.06208 0.10544
-0.04345 0.02922 -0.08031 -0.01844
1.19907 0.04588 1.13486 1.27711
1.61829 0.02104 1.58466 1.64770
0.71005 0.07826 0.60363 0.84280
2.37751 0.05554 2.29959 2.44652
