# avg	std	min	max
0.87953 0.04935 0.80580 0.95999
0.24704 0.07181 0.16004 0.37875
1.03334 0.10972 0.91607 1.21912
-1.23937 0.32395 -1.68490 -0.91355
0.44522 0.07986 0.34008 0.57575
-0.68528 0.02366 -0.72881 -0.66499
0.41673 0.57141 -0.11047 1.52633
0.25906 0.66356 -0.42873 1.51267
4.58855 0.08651 4.49092 4.73960
-0.01979 0.06343 -0.11000 0.05078
1.00994 0.19383 0.74240 1.31857
-0.38674 0.01391 -0.40555 -0.36264
-0.56160 0.26560 -1.05499 -0.26666
-0.21599 0.09064 -0.29618 -0.04418
0.68115 0.16374 0.39332 0.88084
1.19499 0.10519 1.06242 1.32782
0.84480 0.06422 0.78393 0.93774
-0.26444 0.01828 -0.29281 -0.23855
-0.00577 0.01304 -0.02998 0.00970
0.77217 0.20686 0.42599 1.05983
2.95454 0.06000 2.90853 3.07140
4.43839 1.88245 2.18741 7.45210
2.31759 0.12082 2.18591 2.52519
