# avg	std	min	max
0.30794 0.01932 0.28237 0.32773
0.34672 0.02294 0.31762 0.37076
1.02661 0.03149 0.97507 1.06646
0.40835 0.00769 0.39850 0.41756
1.04134 0.02660 0.99538 1.07369
0.44039 0.04870 0.38746 0.51344
0.29805 0.00966 0.28851 0.31477
1.27784 0.01305 1.26584 1.29657
6.01016 0.07895 5.90184 6.10937
0.33099 0.01577 0.30025 0.34271
0.44389 0.01108 0.42731 0.45805
0.76017 0.04344 0.70052 0.82405
0.41411 0.00758 0.40197 0.42274
1.44254 0.04680 1.38224 1.50099
1.16999 0.01372 1.15068 1.19074
0.51672 0.02924 0.48003 0.55045
0.43635 0.01710 0.40993 0.45915
0.31632 0.01683 0.28392 0.33246
-0.00694 0.00932 -0.01735 0.00908
1.45963 0.11291 1.31154 1.56725
0.70774 0.20054 0.43166 0.88228
0.43648 0.06532 0.36547 0.55194
1.68540 0.04063 1.64778 1.74742
