# avg	std	min	max
-0.45243 0.37548 -0.87742 0.24194
0.31210 0.23748 -0.07138 0.56878
-0.67890 0.29125 -0.93686 -0.23260
-0.71577 0.26405 -1.13890 -0.33239
-0.43972 0.24444 -0.73655 -0.00347
-0.71923 0.07521 -0.83408 -0.61487
2.87852 0.27359 2.42245 3.19607
4.56156 1.25609 2.66352 5.93296
4.41613 1.10033 3.47826 5.86367
0.60649 0.17788 0.35998 0.82791
0.24417 0.23615 -0.08254 0.45336
0.21634 0.15156 0.06236 0.42940
2.35479 1.52148 0.04837 4.42271
1.12327 0.23010 0.85507 1.52550
0.14559 0.15311 -0.08058 0.37114
4.46692 0.60547 3.79112 5.26492
2.42666 0.24130 2.20066 2.89534
0.12131 0.10595 -0.04745 0.26315
-0.09040 0.09853 -0.23395 0.06685
1.55452 0.44158 0.90494 2.27816
4.66942 0.25276 4.40102 5.13911
9.89762 1.35669 8.81911 12.52630
4.83731 0.46612 4.43384 5.73646
