# avg	std	min	max
0.79982 0.15579 0.57323 1.03634
0.97603 0.59907 0.51980 2.16137
0.70363 0.26954 0.36863 1.08052
0.66154 0.14546 0.47687 0.88409
0.20522 0.18781 0.00549 0.54104
0.28478 0.31832 -0.04087 0.78318
0.30537 0.26672 0.08696 0.81843
0.38662 0.25810 0.07591 0.77840
1.99373 0.18188 1.71050 2.18650
1.18392 0.32293 0.77998 1.57299
0.75208 0.37758 0.48973 1.49583
1.18248 0.34544 0.76212 1.71668
0.28364 0.19191 0.04161 0.58419
0.45326 0.10178 0.35803 0.62955
0.69814 0.30203 0.32301 1.12713
0.77624 0.24101 0.48850 1.20298
1.07007 0.23693 0.88552 1.53377
0.18685 0.33875 -0.12458 0.72494
-0.09802 0.16167 -0.40992 0.05844
1.15628 0.31996 0.72112 1.60428
2.01148 0.21296 1.68875 2.24881
1.47136 0.29232 1.11386 1.80306
1.38053 0.14964 1.19997 1.61652
