# avg	std	min	max
0.64392 0.10830 0.51959 0.80825
0.16971 0.07871 0.12508 0.32702
0.57957 0.03915 0.52216 0.62511
-0.02305 0.07349 -0.08681 0.11170
0.31308 0.04275 0.25072 0.36257
-0.18302 0.07209 -0.29638 -0.07390
-0.09664 0.05529 -0.15165 0.00874
0.06634 0.02407 0.04134 0.11180
4.49656 0.04365 4.44596 4.55454
0.13128 0.07984 0.05258 0.26884
0.54208 0.04308 0.48298 0.59045
0.48963 0.06150 0.37854 0.55838
-0.01618 0.07991 -0.10062 0.12752
0.16367 0.12459 0.05090 0.36633
-0.08517 0.10104 -0.20822 0.04459
0.02327 0.08431 -0.11036 0.15465
-0.27356 0.08439 -0.36798 -0.12487
0.15504 0.08716 -0.00977 0.23819
-0.00101 0.07540 -0.06416 0.13506
0.30106 0.09306 0.20570 0.41335
-0.01877 0.08374 -0.11751 0.12512
-0.40335 0.08863 -0.53905 -0.26076
0.77663 0.04591 0.72503 0.85579
