# avg	std	min	max
0.55039 0.09648 0.43220 0.67911
0.23031 0.08253 0.13004 0.36998
0.28259 0.14289 0.11667 0.51926
0.19283 0.06551 0.12282 0.30092
0.46140 0.16070 0.25571 0.60849
0.27550 0.19865 -0.12019 0.40099
0.05916 0.04298 -0.02660 0.08409
0.23026 0.09108 0.14383 0.40712
-0.36246 0.14000 -0.48754 -0.11750
0.26250 0.10440 0.09105 0.40517
0.18917 0.07555 0.10308 0.29685
0.33924 0.09074 0.18710 0.42988
0.18115 0.06747 0.09599 0.23751
0.31615 0.06307 0.26084 0.43968
-0.11238 0.11421 -0.28015 0.04362
0.19748 0.09687 0.06668 0.31507
-0.30965 0.05343 -0.39221 -0.26436
-0.14989 0.00102 -0.15107 -0.14823
-0.00492 0.00000 -0.00492 -0.00492
0.30867 0.07207 0.21016 0.36736
0.32209 0.06840 0.24878 0.44051
0.03128 0.15340 -0.12241 0.23575
0.09946 0.10968 -0.01281 0.29862
