# avg	std	min	max
2.02126 0.04065 1.97904 2.09300
1.17151 0.04904 1.11776 1.25520
1.64704 0.02287 1.61090 1.67626
-0.15853 0.08080 -0.27493 -0.03022
0.59752 0.03209 0.54242 0.63391
-0.51968 0.04855 -0.60249 -0.47616
1.17119 0.02685 1.12873 1.21036
1.46346 0.07028 1.37153 1.57384
-0.47497 0.04571 -0.55131 -0.43191
1.86309 0.08024 1.76364 1.97781
2.07164 0.05911 2.00807 2.17847
1.52136 0.21342 1.27408 1.81205
1.20245 0.02320 1.15785 1.21967
1.60416 0.05537 1.53942 1.67980
1.08744 0.04543 1.04562 1.17359
1.77262 0.09018 1.65385 1.93178
1.26897 0.23019 1.05269 1.59942
0.62750 0.21382 0.34230 0.80687
-0.01558 0.00000 -0.01558 -0.01558
2.03594 0.09862 1.90353 2.16172
1.80936 0.19317 1.61027 2.17368
1.18736 0.07419 1.13518 1.33352
1.67312 0.07023 1.58231 1.76061
