# avg	std	min	max
0.27616 0.00520 0.26980 0.28051
0.04871 0.00373 0.04487 0.05526
0.57697 0.00605 0.56920 0.58756
0.25643 0.00196 0.25381 0.25877
0.40871 0.01263 0.38453 0.41837
0.36472 0.01098 0.35491 0.38526
0.25436 0.01062 0.24172 0.27402
0.37039 0.00450 0.36500 0.37530
0.13117 0.00910 0.11994 0.13984
0.42584 0.00118 0.42416 0.42726
0.47805 0.00229 0.47569 0.48233
0.52669 0.00996 0.50681 0.53265
0.29212 0.01203 0.27605 0.30816
0.53308 0.00766 0.52617 0.54793
0.30494 0.00257 0.30299 0.30997
0.59145 0.00068 0.59074 0.59266
0.32224 0.01486 0.31009 0.35014
0.07722 0.01279 0.05344 0.09206
-0.00975 0.00536 -0.02044 -0.00628
0.61322 0.02014 0.58522 0.64090
0.63533 0.06121 0.55854 0.68817
0.23633 0.00379 0.23298 0.24367
1.02193 0.13593 0.77589 1.18883
