# avg	std	min	max
1.93422 0.06574 1.84840 1.99727
1.02026 0.21803 0.61407 1.25779
1.53864 0.06591 1.46316 1.62783
-0.57844 0.08563 -0.72233 -0.46786
2.89876 0.33409 2.47658 3.45675
-0.32687 0.10638 -0.51128 -0.19101
-0.35523 0.07960 -0.43616 -0.20827
0.22156 0.06123 0.12868 0.28601
1.89237 0.25881 1.60149 2.34331
0.92537 0.11208 0.82671 1.14439
0.79156 0.08009 0.70000 0.92845
1.00182 0.15272 0.71859 1.17206
-0.12234 0.09038 -0.21004 0.02489
0.15643 0.07915 0.02415 0.22881
0.46944 0.09255 0.31284 0.58695
2.26210 0.02445 2.22806 2.29451
2.01901 0.08490 1.88099 2.13903
0.38838 0.08699 0.26676 0.46273
-0.06338 0.08638 -0.16407 0.08525
0.41520 0.08432 0.26789 0.49512
2.27273 0.33003 1.89238 2.67124
-0.24642 0.12553 -0.40212 -0.07940
7.98338 0.92565 7.19094 9.66543
