# avg	std	min	max
1.63924 0.00070 1.63831 1.63986
1.52080 0.00000 1.52080 1.52080
1.88285 0.00074 1.88177 1.88352
1.10437 0.02646 1.08848 1.15690
1.54705 0.03207 1.52258 1.60548
1.27846 0.03810 1.23111 1.32447
1.72416 0.00320 1.71846 1.72774
2.06374 0.00811 2.05942 2.07995
0.32691 0.00471 0.32213 0.33341
1.48746 0.00008 1.48736 1.48755
2.01350 0.00010 2.01341 2.01368
1.60020 0.00003 1.60016 1.60026
1.75117 0.00156 1.74836 1.75290
1.66713 0.00037 1.66665 1.66770
1.14610 0.03945 1.11440 1.21570
1.17778 0.00091 1.17696 1.17950
0.81678 0.01607 0.80327 0.84450
1.29168 0.04511 1.24753 1.37621
-0.00000 0.00000 -0.00000 -0.00000
1.98605 0.00009 1.98596 1.98621
1.45219 0.12873 1.19565 1.53602
1.66260 0.00336 1.65894 1.66854
2.15704 0.01663 2.12791 2.17277
