# avg	std	min	max
1.37052 0.04677 1.31514 1.45675
0.81164 0.00050 0.81073 0.81212
-0.88922 0.04414 -0.95426 -0.84006
-1.13256 0.02624 -1.16137 -1.09404
-1.21348 0.03005 -1.24057 -1.15728
-0.90848 0.11310 -1.06391 -0.79742
-0.67674 0.04830 -0.73027 -0.59166
-0.26612 0.04655 -0.33132 -0.18816
-0.47849 0.06375 -0.57323 -0.38231
1.68560 0.18859 1.55740 2.05981
0.97757 0.03679 0.94135 1.03133
0.80966 0.06042 0.76086 0.92833
0.28624 0.04334 0.24097 0.35841
1.04306 0.00510 1.03748 1.04964
0.64977 0.24357 0.52323 1.13686
1.43978 0.04733 1.39397 1.51080
0.19115 0.23228 -0.00471 0.59641
-0.00780 0.25645 -0.19277 0.49879
-0.00000 0.00000 -0.00000 -0.00000
0.61876 0.02140 0.59150 0.64746
1.50787 0.11331 1.40419 1.72890
0.16058 0.21021 -0.01944 0.56643
2.91154 0.09728 2.82011 3.06275
