# avg	std	min	max
1.03951 0.01961 1.00135 1.05414
0.14893 0.01018 0.13217 0.15919
0.96901 0.27691 0.68940 1.30841
-0.81493 0.12459 -0.95096 -0.59462
0.64075 0.13676 0.38240 0.73862
-0.90913 0.06133 -0.98571 -0.79970
-0.53751 0.01196 -0.55111 -0.51742
-0.87124 0.01378 -0.89043 -0.85592
6.26590 0.06846 6.19746 6.39617
0.99092 0.33526 0.48042 1.29189
1.37979 0.16391 1.14525 1.64044
0.62451 0.25995 0.10529 0.77943
-0.29769 0.01572 -0.31285 -0.27341
0.46340 0.08669 0.40190 0.63397
-0.31468 0.03188 -0.37481 -0.27920
1.88717 0.03428 1.84970 1.93024
0.98419 0.14448 0.78612 1.23437
-0.38847 0.05066 -0.44324 -0.30544
-0.00767 0.01452 -0.02870 0.01064
0.71206 0.27335 0.28446 0.93973
2.50924 0.23456 2.28018 2.89216
0.07892 0.03253 0.03836 0.12149
4.13816 0.42275 3.58334 4.51233
