# avg	std	min	max
0.86424 0.10285 0.78449 1.06560
0.07787 0.07421 0.00371 0.20622
0.32180 0.32483 0.00426 0.90580
-0.00127 0.17209 -0.24131 0.17169
-0.04867 0.05105 -0.13503 0.01160
-0.16014 0.21480 -0.45185 0.20871
0.58543 0.17683 0.48779 0.93875
2.51790 0.08923 2.40156 2.65913
-0.09931 0.24427 -0.45649 0.24753
0.76216 0.06117 0.69730 0.86824
0.93830 0.27999 0.58381 1.35866
0.42854 0.01831 0.40651 0.45308
0.65115 0.39486 0.00060 1.24577
0.18015 0.18184 0.03903 0.53811
-0.17213 0.04063 -0.22002 -0.11851
1.79165 0.25150 1.47667 2.17359
0.93373 0.10202 0.86724 1.13682
0.14385 0.13513 -0.02833 0.28937
-0.02755 0.02104 -0.05996 -0.00406
2.63350 0.30938 2.32457 3.16481
2.82545 0.12974 2.62123 3.00092
2.81914 0.29811 2.54304 3.37002
2.89235 0.15021 2.66602 3.08110
