# avg	std	min	max
0.69900 0.01128 0.68558 0.71414
1.09817 0.04075 1.06939 1.17780
1.64157 0.01357 1.62010 1.65640
1.19378 0.05596 1.12865 1.29515
2.98747 0.05885 2.94109 3.09294
0.73514 0.02978 0.69926 0.77119
0.96321 0.04141 0.90583 1.02644
2.01820 0.14433 1.92605 2.30603
3.14675 0.03463 3.11855 3.21327
0.92650 0.04355 0.87567 1.00655
1.39894 0.08320 1.31804 1.54375
2.53534 0.01738 2.51722 2.56369
1.01163 0.01292 0.98818 1.02547
0.58642 0.09124 0.40554 0.65417
0.40978 0.06451 0.35261 0.53305
0.88796 0.07005 0.80250 0.99681
1.23629 0.09874 1.16612 1.43040
0.05663 0.04227 0.02898 0.14056
-0.01481 0.02248 -0.03287 0.02470
0.34384 0.01115 0.32860 0.36045
1.23693 0.01040 1.22041 1.24835
0.98156 0.08594 0.90571 1.14815
2.00783 0.03751 1.96512 2.07468
