# avg	std	min	max
0.19600 0.12939 0.05613 0.41544
2.03105 0.16359 1.90971 2.35326
2.37027 0.07425 2.23233 2.44359
-0.05282 0.10761 -0.19435 0.10836
1.95344 0.14380 1.84817 2.23823
-0.28817 0.07390 -0.38460 -0.18393
3.73077 0.29691 3.38523 4.28355
3.03863 0.60035 2.05953 3.72606
7.19391 0.42881 6.62001 7.71899
1.06762 0.07565 0.92742 1.15326
2.07834 0.06289 2.03138 2.20198
0.99510 0.12415 0.86454 1.20012
4.51563 0.30504 4.10386 4.89547
1.89773 0.29188 1.45644 2.26463
0.21542 0.15363 0.00902 0.48525
3.25630 0.38525 2.85501 3.77000
0.98496 0.18454 0.69773 1.20977
0.30667 0.19970 0.06449 0.54588
-0.05102 0.04465 -0.13622 -0.01153
2.43660 0.25898 2.13980 2.81606
1.87757 0.07527 1.78956 1.99475
4.47292 0.62667 3.59926 5.09414
3.41826 0.21951 3.17641 3.77618
