# avg	std	min	max
1.13550 0.02253 1.09904 1.17022
0.64753 0.01438 0.64034 0.67629
0.78965 0.17809 0.56203 1.00439
0.13368 0.39795 -0.44562 0.78546
0.69866 0.14318 0.53108 0.91275
-0.28356 0.18364 -0.50335 0.02334
1.18477 0.03624 1.14614 1.22916
1.08581 0.03358 1.03730 1.13158
-0.01185 0.23968 -0.36575 0.37241
1.10822 0.22868 0.96862 1.56372
1.14674 0.15481 1.02193 1.42229
1.11115 0.13535 1.00588 1.35406
0.82245 0.63088 -0.05475 1.52363
1.17281 0.01316 1.16408 1.19886
0.30315 0.03542 0.24489 0.35431
1.26284 0.10837 1.10552 1.38434
0.39362 0.25850 -0.06409 0.67873
-0.06670 0.06143 -0.14599 0.02880
-0.00088 0.00910 -0.00544 0.01732
1.26416 0.21246 0.84060 1.39946
0.46717 0.19512 0.26496 0.78255
1.29069 0.37555 0.62332 1.66674
1.67811 0.49935 0.84416 2.34557
