# avg	std	min	max
0.68617 0.02452 0.65790 0.72021
0.38490 0.02182 0.35762 0.41035
0.19688 0.05303 0.14382 0.27829
0.03813 0.09624 -0.15429 0.08907
0.13824 0.23520 -0.23373 0.38989
-0.19120 0.04198 -0.22462 -0.10979
0.42716 0.02869 0.38011 0.45947
0.58758 0.08559 0.45995 0.69063
-0.24158 0.26157 -0.55497 0.08634
0.83735 0.03660 0.79756 0.89721
1.36668 0.05828 1.28422 1.45300
0.05596 0.03011 -0.00012 0.09012
0.50963 0.04709 0.42650 0.56339
0.40526 0.04329 0.32814 0.45792
0.45622 0.02501 0.41539 0.48316
0.98506 0.02558 0.93671 1.00844
0.40600 0.01043 0.39481 0.42018
0.01395 0.01928 -0.01263 0.03739
-0.01228 0.00084 -0.01270 -0.01061
0.32254 0.04584 0.26382 0.38296
1.24752 0.01936 1.21818 1.27222
0.02350 0.43758 -0.84671 0.28262
2.63500 0.06879 2.50868 2.70508
