# avg	std	min	max
2.76187 0.05889 2.66693 2.82036
0.93743 0.01580 0.91547 0.95681
-0.27627 0.14671 -0.47472 -0.05269
-0.22075 0.25160 -0.43843 0.16441
-0.96682 0.05156 -1.05642 -0.91473
-0.48966 0.04708 -0.57388 -0.43454
0.14183 0.19393 -0.22613 0.28752
0.29020 0.02898 0.24162 0.32087
2.90338 0.18449 2.65942 3.14866
1.38189 0.10751 1.20908 1.51326
1.03024 0.01433 1.01216 1.05274
0.47606 0.06099 0.41330 0.58106
0.49958 0.05585 0.45808 0.60979
0.07701 0.03420 0.02599 0.12769
-0.04104 0.05808 -0.14227 0.02542
-0.22144 0.02787 -0.26308 -0.18895
-0.13168 0.06272 -0.24484 -0.05715
-0.23165 0.04546 -0.29337 -0.17123
-0.01896 0.01142 -0.03815 -0.00518
-0.02587 0.02263 -0.04960 0.00780
0.20957 0.14977 -0.01786 0.35774
0.35633 0.06788 0.26585 0.43866
2.13520 0.59022 1.13664 2.90655
