# avg	std	min	max
-0.14565 0.02670 -0.18862 -0.10960
1.28253 0.01889 1.26284 1.31097
2.25104 0.02480 2.20917 2.27499
0.64501 0.02980 0.58761 0.67393
3.01320 0.02121 2.97079 3.02395
0.65192 0.04580 0.59320 0.70422
0.35498 0.07171 0.25377 0.47359
-0.54165 0.01449 -0.56563 -0.52639
4.26929 0.06025 4.21194 4.38460
0.84897 0.03703 0.81426 0.91588
1.68790 0.07990 1.59874 1.79652
1.13884 0.00783 1.12624 1.14989
0.77769 0.10838 0.59078 0.91679
0.71009 0.01742 0.68729 0.73728
0.68124 0.04657 0.61698 0.76075
0.91471 0.05024 0.82027 0.96686
1.05800 0.02740 1.01285 1.08623
0.79331 0.06880 0.66897 0.87797
0.00000 0.00000 0.00000 0.00000
1.12851 0.09367 1.03965 1.26307
2.01689 0.13770 1.77805 2.18295
3.20739 0.30057 2.93361 3.68453
3.05004 0.09842 2.89014 3.16209
