# avg	std	min	max
1.39144 0.26627 1.20364 1.92007
0.26735 0.05028 0.22310 0.35265
1.11923 0.26981 0.96541 1.65707
-0.46688 0.31839 -0.62794 0.16989
0.40591 0.25831 0.24752 0.91382
-0.76540 0.30591 -0.97353 -0.16252
-0.26472 0.07561 -0.34488 -0.16863
-0.85591 0.11671 -0.99927 -0.73547
1.39348 0.18565 1.23729 1.74783
1.43466 0.25361 1.25358 1.93571
3.12170 0.25330 2.96407 3.62684
1.23668 0.03692 1.19042 1.30251
0.00880 0.40256 -0.75175 0.37739
1.16819 0.23792 0.69351 1.31879
0.16527 0.23298 -0.06935 0.60416
1.46481 0.05484 1.39155 1.53933
0.79385 0.26007 0.57915 1.22620
-0.60856 0.03259 -0.64876 -0.55716
-0.00824 0.00674 -0.02135 -0.00393
0.74299 0.21422 0.56691 1.15943
2.36748 0.09102 2.26120 2.52801
0.31958 0.34860 0.09617 1.01336
3.53555 0.09011 3.43916 3.64516
