# avg	std	min	max
4.74357 0.30589 4.18407 5.02189
3.97401 0.13368 3.79505 4.14071
3.22613 0.09639 3.06346 3.34377
2.68632 0.14121 2.43719 2.81771
2.64491 0.22196 2.32428 2.95228
1.98975 0.38199 1.23852 2.28834
2.50270 0.17173 2.24004 2.77408
1.92698 0.15696 1.72839 2.16249
5.79064 0.17255 5.49646 6.00814
4.11222 0.12680 3.98801 4.31231
3.69592 0.13622 3.49327 3.83933
3.43471 0.56037 2.38269 3.86394
1.93303 0.25098 1.53636 2.21409
3.30235 0.54321 2.28067 3.90495
3.51543 0.03183 3.47675 3.55597
4.81116 0.16878 4.50674 4.99880
4.07267 0.14630 3.87108 4.26660
2.38114 0.21624 2.02100 2.58270
-0.21572 0.43027 -0.80869 0.51403
1.90944 0.45222 1.08202 2.41934
5.03641 0.10041 4.89804 5.18985
1.48852 0.24651 1.20284 1.93452
5.08466 0.14039 4.95140 5.34422
