# avg	std	min	max
-1.06019 0.24815 -1.27021 -0.59296
-0.11864 0.47792 -0.92528 0.43301
0.66973 0.75971 -0.15670 2.01157
0.14433 0.08046 0.02477 0.25132
0.68423 0.46604 -0.04237 1.39096
-0.15851 0.22202 -0.46468 0.16411
-0.37419 0.19609 -0.61588 -0.14064
0.25325 0.31329 -0.18258 0.59735
-1.56373 0.51126 -2.11091 -0.72727
-2.57956 0.62516 -3.09252 -1.41563
-0.35098 0.30514 -0.95557 -0.14675
-0.06518 0.44588 -0.46012 0.50563
-0.47725 0.07182 -0.57350 -0.35383
-1.28338 0.25988 -1.57401 -0.82543
-0.18621 0.21035 -0.40616 0.08072
-0.34805 0.21458 -0.66094 -0.05059
1.08875 0.23460 0.81107 1.44059
0.22190 0.19045 -0.04118 0.51166
-0.10987 0.04857 -0.20059 -0.06791
0.03883 0.32513 -0.33309 0.46716
0.05398 0.10840 -0.11453 0.22302
-0.62944 0.39726 -1.05706 -0.10658
1.31567 0.24794 1.09602 1.79719
