# avg	std	min	max
6.94513 0.02711 6.89801 6.96710
5.26124 0.17218 4.97039 5.39784
4.62547 0.22243 4.33032 4.84614
5.36874 0.22736 5.10259 5.72396
4.43654 0.14948 4.15697 4.56410
4.30385 0.18967 4.01641 4.55736
16.46908 0.29189 16.09870 16.80460
19.16122 0.66311 18.34100 20.16920
7.55899 0.47293 6.97691 8.06140
5.71509 0.06607 5.58590 5.77427
4.61548 0.17581 4.26715 4.73636
5.18416 0.11568 4.97747 5.32979
19.99298 0.21750 19.73400 20.27000
7.61527 0.09814 7.50425 7.74729
6.39545 0.21448 6.06563 6.74223
8.59002 0.13475 8.43829 8.83402
9.66473 0.05581 9.60515 9.75864
6.32817 0.17946 6.04661 6.55946
-0.03743 0.00000 -0.03743 -0.03743
13.95166 0.67685 12.70590 14.57300
15.58592 0.21363 15.23590 15.90830
18.64150 0.59567 17.92780 19.34310
17.34840 0.42121 16.80400 17.81450
