# avg	std	min	max
0.34410 0.27413 -0.08052 0.69599
0.35674 0.09061 0.24491 0.48382
0.95918 0.05688 0.86853 1.02421
0.25819 0.09453 0.11870 0.36420
0.57215 0.06258 0.49114 0.67616
0.29585 0.07415 0.21984 0.41254
0.17334 0.02777 0.13997 0.21705
0.19771 0.06237 0.12357 0.28018
-0.22236 0.25560 -0.40684 0.28255
0.48600 0.18213 0.25288 0.73422
1.14239 0.18227 0.97594 1.49698
0.55572 0.09050 0.46837 0.72558
0.21356 0.07792 0.07737 0.29131
0.74523 0.08325 0.61041 0.84560
0.41126 0.13058 0.17441 0.56017
0.70374 0.05645 0.64423 0.81131
0.62701 0.04254 0.57673 0.69456
-0.09518 0.10861 -0.23393 0.06431
-0.03028 0.01243 -0.03650 -0.00542
0.72700 0.04249 0.67095 0.77823
0.90427 0.06512 0.82526 0.98082
0.46029 0.05817 0.39396 0.55163
1.71745 0.08597 1.57742 1.82382
