# avg	std	min	max
-0.36799 0.00391 -0.37562 -0.36471
-1.14292 0.00545 -1.15190 -1.13572
-0.16791 0.05633 -0.19855 -0.05544
-1.72257 0.10928 -1.89206 -1.58390
-0.81357 0.02313 -0.85886 -0.79400
-0.95691 0.12987 -1.13268 -0.73621
-1.09261 0.48670 -1.82550 -0.30181
-0.90029 0.36570 -1.43744 -0.33697
-0.83480 0.00586 -0.84126 -0.82405
-0.00925 0.00287 -0.01297 -0.00520
-0.17737 0.07174 -0.26595 -0.10086
-1.02134 0.04864 -1.08562 -0.95315
-1.47551 0.34472 -1.80800 -1.04092
-0.13132 0.06153 -0.18511 -0.01549
-0.07855 0.02857 -0.10974 -0.02451
0.36055 0.02279 0.33136 0.38780
-0.31381 0.04651 -0.36905 -0.26029
-0.63397 0.03159 -0.66264 -0.57912
-0.26678 0.02095 -0.29632 -0.23374
-0.10434 0.05284 -0.16622 -0.04549
0.33402 0.02861 0.30290 0.38313
-1.32054 0.40524 -1.80958 -0.62620
1.14306 0.20263 0.92057 1.42059
