# avg	std	min	max
0.82652 0.00000 0.82652 0.82652
-0.33651 0.00020 -0.33661 -0.33610
-0.34246 0.03112 -0.38416 -0.30227
-1.50741 0.02375 -1.55033 -1.48676
-1.07371 0.02277 -1.10984 -1.04665
-1.85645 0.13796 -2.02751 -1.71223
-1.26431 0.00937 -1.27498 -1.24873
-1.02522 0.03428 -1.07467 -0.96903
3.61174 0.02861 3.57880 3.65024
0.00011 0.00027 -0.00013 0.00063
0.37312 0.01772 0.34737 0.39353
0.21853 0.00040 0.21826 0.21933
-0.81931 0.03340 -0.86032 -0.78913
-0.61233 0.00376 -0.61564 -0.60617
-0.78404 0.02114 -0.80492 -0.74472
0.26203 0.37266 -0.48269 0.47517
-0.26820 0.02103 -0.30185 -0.24037
-0.70271 0.02614 -0.73257 -0.67029
-0.68818 0.01456 -0.71270 -0.66869
-0.86871 0.03437 -0.90326 -0.82583
0.76138 0.02245 0.72724 0.79580
-1.25833 0.41484 -1.75352 -0.69354
1.48406 0.02851 1.43759 1.51530
