# avg	std	min	max
-0.41736 0.00085 -0.41809 -0.41588
-1.36862 0.00014 -1.36877 -1.36843
-1.35002 0.00384 -1.35602 -1.34589
-0.02489 1.36189 -0.92519 2.65885
-1.08660 0.12675 -1.25293 -0.88646
-3.02583 0.40210 -3.56772 -2.61142
1.08693 1.53209 -0.36130 3.49447
-0.16424 0.85471 -1.31475 0.70358
-2.92511 0.05666 -2.97553 -2.84376
-0.00016 0.00013 -0.00037 -0.00006
-0.53372 0.03301 -0.59972 -0.51641
-1.33171 0.00471 -1.33620 -1.32290
1.86956 1.04478 0.33818 2.97768
-0.39497 0.01177 -0.40846 -0.38083
-1.53254 0.36453 -2.01576 -1.06906
0.17514 0.03238 0.11424 0.21127
-1.86650 0.08275 -1.96580 -1.75030
-0.54295 0.82434 -1.44833 0.87720
0.30603 0.78593 -0.79587 1.45164
2.64472 1.40112 1.41902 5.38516
3.03394 0.20335 2.67445 3.20537
1.23305 0.63250 0.71604 2.40451
5.39642 0.09627 5.27128 5.51076
