# avg	std	min	max
0.48744 0.32953 0.08683 0.88567
-0.31004 0.00195 -0.31379 -0.30846
0.84607 0.40906 0.13852 1.16167
0.18096 0.43673 -0.41591 0.60462
1.06310 0.18902 0.87271 1.31212
0.06358 0.43406 -0.47031 0.45475
-0.41299 0.04160 -0.44112 -0.33050
-1.28084 0.03004 -1.30682 -1.22379
0.74514 0.67069 -0.56090 1.27569
-0.00018 0.00036 -0.00090 0.00000
-0.07735 0.04619 -0.13846 -0.02177
0.72167 0.00116 0.71936 0.72247
-0.34417 0.06884 -0.41250 -0.21396
0.11438 0.08309 0.02196 0.26439
-0.21973 0.66359 -1.04420 0.41987
1.54740 0.22404 1.11461 1.74409
0.94805 0.35118 0.42955 1.26293
-0.54936 0.25228 -0.85723 -0.14944
-0.79389 0.60772 -1.51399 0.03190
-0.81490 0.86206 -1.30797 0.90504
2.26588 0.02621 2.23523 2.30629
-0.22940 0.13702 -0.34924 0.00874
1.74168 0.54894 1.25921 2.41711
