# avg	std	min	max
-0.35773 0.06850 -0.47228 -0.30305
-0.01998 0.07070 -0.11693 0.07068
0.52457 0.22571 0.09790 0.70790
-0.20528 0.22629 -0.53085 0.17788
0.22617 0.11566 0.10894 0.37185
-1.01383 0.35832 -1.65176 -0.68879
-0.22443 0.21456 -0.57680 -0.00095
-0.04181 0.07118 -0.10723 0.08481
3.22636 0.09121 3.16973 3.40775
-0.00775 0.06979 -0.07288 0.12373
0.32904 0.04800 0.23361 0.36074
-0.69234 0.12813 -0.92196 -0.57199
-0.14206 0.02302 -0.18565 -0.12461
-0.04508 0.07975 -0.16594 0.05685
0.07314 0.05085 -0.00149 0.12341
0.47544 0.09084 0.38085 0.61833
0.41227 0.07453 0.31772 0.48788
-0.92776 0.06292 -0.99470 -0.83039
-0.37282 0.12738 -0.52821 -0.21330
-0.43856 0.07055 -0.55232 -0.35746
0.70606 0.08988 0.57350 0.81984
-0.00274 0.05422 -0.05144 0.09328
2.05248 0.26992 1.72919 2.44482
