# avg	std	min	max
-0.31167 0.07253 -0.37809 -0.19113
-0.53579 0.13539 -0.70068 -0.35707
-0.01862 0.09478 -0.10687 0.15680
-1.20172 0.28316 -1.46418 -0.78359
-0.34656 0.29503 -0.91454 -0.05605
-1.20488 0.16454 -1.46218 -0.99729
-0.53587 0.30240 -1.01871 -0.06317
0.83993 0.95538 -0.71249 2.07547
5.35169 0.20720 5.14105 5.71344
-0.00146 0.00317 -0.00768 0.00084
2.14882 0.17698 1.85981 2.39250
-0.31356 0.19239 -0.52958 -0.09401
-0.52866 0.12811 -0.68658 -0.30834
-0.93556 0.43773 -1.54057 -0.23893
-1.00242 0.00122 -1.00458 -1.00115
1.45131 0.04556 1.38405 1.52636
0.28526 0.11676 0.16152 0.43005
-1.43699 0.03137 -1.47557 -1.38416
-1.45468 0.26205 -1.84498 -1.21496
-0.70127 0.45317 -1.14529 0.06173
1.47661 0.04919 1.40761 1.52696
-0.05298 0.22768 -0.44507 0.26430
2.69717 0.38667 2.14182 3.10132
