# avg	std	min	max
-1.22323 0.00000 -1.22323 -1.22323
0.61707 0.00000 0.61707 0.61707
1.00699 0.00212 1.00462 1.01036
0.33730 0.05287 0.26913 0.43002
0.60047 0.01037 0.57984 0.60664
-0.02804 0.01674 -0.04997 -0.00205
-0.39068 0.00255 -0.39455 -0.38813
0.24697 0.00892 0.23537 0.25619
-0.14233 0.02424 -0.17235 -0.11625
0.00224 0.00163 0.00060 0.00523
0.44530 0.00425 0.44149 0.45105
0.63015 0.00003 0.63010 0.63019
0.51048 0.00005 0.51042 0.51054
-0.53494 0.01867 -0.55489 -0.51017
0.27060 0.04483 0.24234 0.35947
0.82604 0.00018 0.82570 0.82622
0.13337 0.05306 0.07485 0.21445
0.38895 0.03772 0.32849 0.43264
0.29057 0.04911 0.24680 0.36392
0.66645 0.16087 0.45854 0.80174
0.95163 0.10425 0.86359 1.14714
0.51503 0.10713 0.41328 0.71054
1.46706 0.08226 1.33056 1.55260
