# avg	std	min	max
0.68054 0.02653 0.64374 0.71737
0.28502 0.01396 0.27017 0.30856
-0.70445 0.06771 -0.78068 -0.59657
-1.92594 0.12974 -2.04189 -1.68551
-0.20609 0.08804 -0.30473 -0.04335
-1.60512 0.04400 -1.65953 -1.53760
-0.25933 1.08155 -1.34373 1.81537
1.35113 0.76150 0.09658 2.47789
3.09680 0.13449 2.92160 3.29196
-0.01209 0.01503 -0.03617 0.00222
0.00485 0.03567 -0.06149 0.03825
0.00160 0.08552 -0.09462 0.13157
-0.37042 0.15957 -0.54368 -0.07661
0.54588 0.13369 0.39369 0.73132
0.19412 0.13605 0.03542 0.38117
2.49774 0.05292 2.41201 2.57388
1.68120 0.03480 1.64538 1.74045
-0.64292 0.08865 -0.76244 -0.54457
-0.46563 0.02768 -0.50104 -0.42247
1.40283 0.25943 1.11205 1.88851
4.05663 0.19301 3.83015 4.34761
1.40386 0.19771 1.14135 1.73997
3.41555 0.74253 2.72896 4.44694
