# avg	std	min	max
0.53160 0.00034 0.53143 0.53228
0.41160 0.00022 0.41148 0.41204
0.85602 0.08548 0.69577 0.93888
0.00882 0.13428 -0.14244 0.21226
0.26662 0.03381 0.23554 0.32897
0.41235 0.19497 0.08623 0.61312
0.38331 0.10606 0.23873 0.52953
0.99138 0.10119 0.86042 1.10726
0.14143 0.04848 0.08306 0.22979
-0.00168 0.00256 -0.00655 0.00087
0.80264 0.23069 0.56552 1.08132
0.48760 0.00945 0.48126 0.50640
0.65373 0.14355 0.51375 0.92855
0.60307 0.16633 0.45826 0.92914
0.41133 0.11158 0.21234 0.52010
-0.25622 0.47006 -0.94640 0.28671
0.23641 0.14220 0.07924 0.44676
0.33553 0.01813 0.31007 0.35186
0.30626 0.06871 0.19782 0.39699
0.90149 0.03202 0.85434 0.93828
-0.01476 0.48760 -0.48982 0.87758
0.25398 0.02569 0.22944 0.28786
1.53840 0.32286 1.14720 2.06932
