# avg	std	min	max
0.20674 0.00495 0.20277 0.21412
0.30997 0.00440 0.30500 0.31617
0.59858 0.21349 0.37414 0.97598
0.63905 0.34711 0.07942 1.06900
0.48557 0.10904 0.35368 0.64907
0.25832 0.16016 0.07756 0.55950
0.03583 0.25778 -0.39955 0.37237
-0.10131 0.09629 -0.22932 0.05305
2.18466 0.01557 2.17025 2.20457
-0.00345 0.00375 -0.01025 -0.00000
0.26430 0.16757 -0.02193 0.47549
0.27729 0.16659 0.06949 0.48245
0.13507 0.17301 -0.13500 0.37984
0.37787 0.56322 -0.59939 0.95268
0.36303 0.14239 0.17711 0.52068
1.07530 0.02372 1.03761 1.10379
1.07121 0.13839 0.90543 1.22849
0.41697 0.07110 0.35216 0.54521
0.48496 0.17995 0.29356 0.78645
1.01322 0.19536 0.75112 1.35870
1.58669 0.16561 1.35748 1.76973
-0.19617 0.48796 -0.78808 0.39881
2.07535 0.37053 1.64990 2.72842
