# avg	std	min	max
-3.01827 0.00030 -3.01842 -3.01767
0.16430 0.00040 0.16404 0.16506
1.12082 0.02215 1.08926 1.14022
-0.02117 0.07997 -0.09022 0.12849
0.99296 0.02188 0.97202 1.01970
-0.74295 0.10740 -0.84243 -0.56398
-0.04280 0.23378 -0.38709 0.22409
0.51318 0.02701 0.48275 0.54390
3.27962 0.18871 3.12457 3.63803
0.00080 0.00111 -0.00000 0.00293
0.24646 0.03588 0.18393 0.28907
0.13383 0.01255 0.12693 0.15892
0.36020 0.16803 0.03936 0.51226
0.08277 0.02114 0.04071 0.09579
-0.18372 0.06707 -0.24165 -0.05950
-0.58895 0.01372 -0.59841 -0.56283
0.12977 0.05391 0.04229 0.21255
-0.12257 0.16799 -0.41854 0.03972
-0.37630 0.05498 -0.46053 -0.28799
-0.16141 0.04988 -0.24894 -0.10084
0.04668 0.28789 -0.19737 0.61120
0.32132 0.03122 0.28093 0.35372
1.09947 0.02125 1.05801 1.11407
