# avg	std	min	max
0.08859 0.00000 0.08859 0.08859
-0.00299 0.00000 -0.00299 -0.00299
-0.09982 0.00004 -0.09987 -0.09975
-0.18904 0.00889 -0.20062 -0.17666
0.03806 0.00077 0.03755 0.03957
-0.13586 0.01543 -0.16416 -0.12041
-0.47561 0.01956 -0.49562 -0.44863
-0.41703 0.01438 -0.43466 -0.40362
0.15806 0.00016 0.15784 0.15826
0.00012 0.00010 -0.00000 0.00024
-0.20475 0.00013 -0.20485 -0.20451
-0.05818 0.00043 -0.05849 -0.05734
-0.38709 0.00413 -0.39531 -0.38436
0.05320 0.02514 0.01913 0.08577
-0.53059 0.03515 -0.57292 -0.48855
0.34440 0.00302 0.34127 0.34963
-0.31280 0.10375 -0.44116 -0.16789
-0.46773 0.02348 -0.51170 -0.44333
-0.69813 0.03306 -0.74417 -0.64742
-0.35220 0.01844 -0.38665 -0.33093
0.21409 0.00286 0.21194 0.21970
-0.61804 0.04027 -0.67908 -0.55370
0.18157 0.00831 0.16876 0.19478
