# avg	std	min	max
-0.00237 0.03934 -0.07465 0.03114
-0.75456 0.00160 -0.75727 -0.75272
0.30326 0.12926 0.06387 0.40297
-1.55034 0.06167 -1.66418 -1.47952
-0.03794 0.32495 -0.38522 0.55436
-1.32357 0.10368 -1.45461 -1.19554
-1.54641 0.04859 -1.61195 -1.49146
-0.81765 0.05569 -0.87284 -0.73477
-1.65850 0.04511 -1.72835 -1.61932
-0.01360 0.02491 -0.06338 -0.00000
-0.34793 0.34458 -0.94444 -0.01196
-0.89710 0.05157 -0.92872 -0.79496
-1.43609 0.33672 -2.09978 -1.22700
-0.30363 0.15132 -0.60380 -0.19167
-1.31370 0.03905 -1.37324 -1.27056
-1.00204 0.00844 -1.01038 -0.98814
-0.65590 0.04935 -0.70976 -0.57407
-1.84789 0.05179 -1.91360 -1.78135
-1.48118 0.15396 -1.67207 -1.20339
-0.48771 0.04501 -0.54329 -0.40881
-1.39639 0.49438 -2.28744 -0.86018
-0.98181 0.19132 -1.13166 -0.61144
0.71405 0.95967 -0.52489 1.87867
