# avg	std	min	max
0.49120 0.00006 0.49112 0.49130
-0.02286 0.00000 -0.02286 -0.02286
0.06066 0.04652 -0.02440 0.10908
-0.86980 0.09711 -0.98954 -0.71944
-0.49786 0.01263 -0.51155 -0.47391
-0.88367 0.07037 -0.98029 -0.77514
-0.70866 0.17613 -0.95447 -0.45539
-0.22637 0.25842 -0.51688 0.16637
0.71827 0.00429 0.71221 0.72555
-0.00017 0.00000 -0.00017 -0.00017
0.27235 0.00337 0.26663 0.27718
0.42504 0.00005 0.42499 0.42513
-1.39081 0.44099 -1.86155 -0.66527
0.01807 0.01190 0.00061 0.03533
0.09939 0.11769 -0.09142 0.24496
0.98608 0.28424 0.52730 1.30500
0.88812 0.12475 0.64855 0.99482
-0.49067 0.27151 -0.76994 -0.07400
-0.04541 0.40630 -0.85533 0.19813
0.45533 0.01712 0.43845 0.47699
1.69982 0.19630 1.45061 2.03552
0.86359 0.03914 0.79318 0.91060
2.09768 0.12526 1.95149 2.32632
