# avg	std	min	max
0.24915 0.00000 0.24915 0.24915
0.62789 0.00000 0.62789 0.62789
1.10807 0.34310 0.72510 1.61987
-0.14782 0.11945 -0.31024 0.03301
0.80962 0.03506 0.76353 0.86868
0.00291 0.05769 -0.05385 0.09309
0.35884 0.00560 0.35517 0.36996
0.95918 0.01984 0.92644 0.97743
1.40942 0.30007 1.04302 1.76342
0.07252 0.11156 0.00000 0.29027
0.96301 0.16062 0.79306 1.26625
0.94446 0.21597 0.52567 1.08407
0.62986 0.24738 0.32996 0.91953
0.12062 0.32921 -0.27726 0.68360
-0.10650 0.18943 -0.43537 0.09994
0.49208 0.10116 0.41594 0.68886
0.45738 0.19549 0.23691 0.79800
-0.07532 0.18669 -0.29740 0.22446
-0.61105 0.46375 -1.33369 0.09482
1.19427 0.00503 1.18738 1.20060
0.42330 0.43487 -0.35821 0.98774
1.52580 0.32345 0.97485 1.83409
1.28928 0.10268 1.16976 1.44151
