# avg	std	min	max
0.63685 0.00008 0.63681 0.63701
-0.04702 0.00006 -0.04705 -0.04689
0.38607 0.00097 0.38485 0.38762
-0.07183 0.02781 -0.10609 -0.03338
-0.11491 0.00583 -0.12343 -0.10847
-0.52175 0.03677 -0.55819 -0.45571
-0.14010 0.01090 -0.16128 -0.13194
-0.64954 0.05784 -0.68065 -0.53390
-1.29504 0.02735 -1.33759 -1.26199
0.00017 0.00018 -0.00012 0.00039
0.06940 0.00269 0.06666 0.07453
0.67525 0.00130 0.67303 0.67655
-0.09365 0.01472 -0.10814 -0.06655
0.53542 0.00657 0.52738 0.54217
-0.19018 0.09960 -0.25932 0.00656
0.57478 0.00527 0.56488 0.58076
0.27583 0.00545 0.26629 0.28328
-0.23426 0.01021 -0.24943 -0.21969
-0.07912 0.07715 -0.21487 0.01357
0.55288 0.00548 0.54719 0.55983
0.69050 0.00651 0.68490 0.70134
-0.35181 0.03417 -0.40125 -0.31540
0.99523 0.05395 0.90607 1.04771
