# avg	std	min	max
1.46078 0.03204 1.43320 1.52105
0.46449 0.24951 0.06565 0.78822
0.74631 0.35858 0.24077 1.31421
-0.23146 0.19484 -0.54027 -0.01031
0.11108 0.16923 -0.09303 0.34064
0.44669 0.07998 0.37066 0.57479
0.40353 0.20961 0.09467 0.66560
1.20618 0.12012 1.06358 1.36673
3.27351 0.08614 3.18083 3.41146
0.00000 0.00000 0.00000 0.00000
0.78072 0.21116 0.55856 1.13202
0.45592 0.09955 0.31645 0.55552
0.19205 0.10987 0.07687 0.33110
0.37829 0.04515 0.28802 0.40287
-0.11943 0.26634 -0.46993 0.20423
0.80183 0.02304 0.75587 0.81541
-0.06996 0.11835 -0.19626 0.12625
-0.32904 0.26471 -0.68807 -0.01412
-0.41691 0.15743 -0.58198 -0.12509
0.63282 0.05825 0.51918 0.67999
-0.00113 0.12448 -0.14942 0.15429
-0.64993 0.43872 -1.17856 -0.00179
1.75675 0.28856 1.43411 2.24935
