# avg	std	min	max
0.43727 0.40242 -0.23983 0.99651
-0.79922 0.47010 -1.57085 -0.24433
-0.96087 0.31008 -1.23151 -0.41503
-2.55463 0.02750 -2.58913 -2.51424
-0.57459 0.25383 -0.93138 -0.27678
-1.98638 0.46635 -2.47143 -1.37105
-1.98047 0.69693 -2.81033 -0.97352
-1.13228 0.53986 -1.65699 -0.09088
-1.47700 0.79534 -2.12415 -0.25216
-0.00064 0.00275 -0.00291 0.00438
-0.77723 0.38170 -1.11154 -0.03499
-0.30399 0.56238 -0.76492 0.53526
-3.51098 0.27309 -3.71089 -2.97556
-0.26952 0.38522 -0.55562 0.42534
-1.03462 0.52333 -1.47161 -0.01125
-0.14249 0.49068 -0.40283 0.83830
-0.98447 0.63337 -1.63609 0.22140
-1.68720 0.00636 -1.69739 -1.67955
-0.98668 0.49877 -1.48995 -0.10028
-1.29329 0.29933 -1.69280 -0.95181
0.94965 0.45490 0.63270 1.82455
-1.62783 0.28778 -1.90531 -1.26475
1.63431 0.63745 0.62453 2.41412
