# avg	std	min	max
1.04191 0.00432 1.03449 1.04597
0.87872 0.11264 0.65497 0.95161
2.46079 0.02964 2.41023 2.50300
1.07044 0.06929 0.98396 1.15035
2.11411 0.05457 2.02643 2.17738
0.96642 0.07092 0.87465 1.08448
1.07334 0.04338 1.00091 1.12029
0.41323 0.03024 0.36125 0.44463
4.48248 0.06966 4.41230 4.58018
-0.00333 0.00316 -0.00722 0.00000
2.20008 0.04143 2.14722 2.27002
1.99362 0.06910 1.89208 2.08158
0.34969 0.11364 0.15815 0.51484
1.10557 0.01279 1.08177 1.12032
1.42481 0.01708 1.39980 1.44989
2.30077 0.00319 2.29561 2.30432
1.62056 0.09464 1.48572 1.71880
0.33699 0.31175 0.00456 0.76250
0.60169 0.28633 0.10437 0.98696
0.42555 0.07187 0.31710 0.51899
2.26118 0.08073 2.16666 2.40873
1.05529 0.05270 1.00697 1.12713
3.36955 0.09873 3.28717 3.55625
