# avg	std	min	max
0.98525 0.02325 0.96227 1.02321
-0.94862 0.01095 -0.96317 -0.93516
0.16490 0.01463 0.14458 0.18263
2.79365 0.65087 1.94644 3.96106
0.60195 0.08132 0.49634 0.67895
4.91018 1.65649 3.97502 8.22024
16.65238 8.45980 8.99765 28.12590
29.56568 10.69809 20.90390 47.28400
6.12034 0.10449 5.92141 6.22390
-0.00328 0.00458 -0.01002 0.00149
0.95475 0.07107 0.85195 1.04021
0.83034 0.00740 0.82171 0.83983
9.94666 1.69019 7.75190 12.35890
3.06818 0.06120 2.96843 3.13928
6.54643 0.59992 5.65358 7.20950
3.63660 0.18205 3.38733 3.80743
6.86567 0.90155 5.71795 8.38011
9.98246 0.63500 8.84340 10.64510
14.80996 3.48309 11.68190 21.36630
19.79688 0.41277 19.08390 20.24900
14.45528 1.04114 12.62040 15.60080
24.52864 4.33215 19.82510 32.00780
16.01656 0.97323 14.53540 17.60390
