# avg	std	min	max
-0.41632 0.00023 -0.41661 -0.41606
0.71052 0.00000 0.71052 0.71052
3.42200 0.18586 3.17029 3.63386
1.52086 0.00539 1.51310 1.52960
2.92604 0.16973 2.80906 3.26377
0.47502 0.02384 0.45892 0.52149
1.13485 0.11734 0.90501 1.22483
1.25704 0.02759 1.20894 1.28201
5.31231 0.27962 5.09847 5.86269
0.00145 0.00134 0.00001 0.00364
2.10682 0.18314 1.86223 2.26650
0.59896 0.04033 0.56575 0.65502
1.15026 0.02432 1.12496 1.19070
0.17835 0.01009 0.16450 0.18721
1.21880 0.01668 1.20609 1.24809
-0.10510 0.00338 -0.10955 -0.10001
1.02751 0.06466 0.90008 1.07019
1.39763 0.13898 1.17192 1.54646
0.82787 0.01374 0.80920 0.84487
1.31786 0.01187 1.30192 1.33204
0.45672 0.15411 0.16180 0.60483
1.04411 0.07740 0.89938 1.12104
4.40761 0.30487 4.06763 4.84865
