# avg	std	min	max
-0.32982 0.00143 -0.33053 -0.32696
0.08960 0.00144 0.08888 0.09247
0.08950 0.00092 0.08774 0.09035
-0.36291 0.00436 -0.36778 -0.35471
-0.29142 0.00633 -0.29795 -0.28298
-0.55238 0.02060 -0.57561 -0.52262
-0.48116 0.00462 -0.49029 -0.47794
-0.74474 0.04734 -0.80753 -0.70406
0.98532 0.06048 0.88213 1.06801
-0.00145 0.00175 -0.00361 0.00000
-0.05654 0.00217 -0.05864 -0.05361
-0.11255 0.00612 -0.12004 -0.10623
-0.93604 0.02300 -0.95806 -0.89259
-0.48942 0.00398 -0.49425 -0.48217
-0.69998 0.03217 -0.73269 -0.64060
0.05886 0.01494 0.02928 0.07014
0.09093 0.01836 0.06897 0.11245
-0.61930 0.03806 -0.68529 -0.57265
-0.90766 0.12387 -1.04657 -0.67494
-0.67718 0.01885 -0.71128 -0.65519
0.67051 0.01108 0.65468 0.68742
0.42674 0.14863 0.26180 0.70500
1.17674 0.09037 1.03411 1.27243
