# avg	std	min	max
-1.96891 0.02403 -2.00124 -1.92755
0.54364 0.01614 0.52248 0.56986
3.54299 0.04960 3.45290 3.58754
0.98563 0.29165 0.78775 1.55769
3.16407 0.12624 3.00907 3.27503
0.62182 0.11559 0.44197 0.78600
0.31669 0.23348 0.12486 0.76439
1.98181 0.22571 1.62775 2.24295
8.19946 0.04805 8.13624 8.26977
-0.00093 0.00109 -0.00274 -0.00000
2.10153 0.00220 2.09958 2.10563
1.13760 0.00345 1.13352 1.14178
-0.27532 1.50957 -1.60118 2.08869
1.52108 0.03736 1.47046 1.56091
1.82247 0.04522 1.78019 1.89955
-0.09687 0.17694 -0.34044 0.16491
1.42868 0.18460 1.18643 1.64237
2.65963 0.37621 2.29324 3.33296
4.12576 0.49144 3.52017 4.94272
2.01949 0.11549 1.88354 2.22016
2.70904 0.31106 2.25558 3.12084
4.77797 1.21645 3.09969 5.99522
7.04400 0.16730 6.78286 7.22724
