# avg	std	min	max
-0.02723 0.12979 -0.10790 0.23073
-0.93973 0.11706 -1.10957 -0.80087
-0.94801 0.04018 -0.98937 -0.89387
-2.25542 0.40755 -2.72727 -1.70335
-1.90000 0.32276 -2.25387 -1.46996
-2.24128 0.32233 -2.66396 -1.85839
-1.64824 0.27290 -2.03451 -1.32322
-0.79076 0.34179 -1.36411 -0.50045
-2.15672 0.19680 -2.48723 -1.92466
0.00099 0.00065 0.00010 0.00168
-0.34341 0.14255 -0.58531 -0.14302
-0.28677 0.46224 -0.87479 0.50198
-0.21810 0.40039 -0.72584 0.25802
0.33948 0.32439 -0.20842 0.81074
-1.24207 0.15467 -1.35295 -0.93886
-0.14301 0.24987 -0.53857 0.23626
-1.48925 0.36720 -1.97244 -0.90178
-1.12371 0.34202 -1.70590 -0.76228
-0.37102 0.45589 -1.08396 0.14208
0.35451 0.50825 -0.42450 1.17658
0.04479 0.25257 -0.37492 0.36489
-0.80276 0.19832 -1.10644 -0.49457
-0.84302 0.31741 -1.23254 -0.35456
