# avg	std	min	max
0.63009 0.00217 0.62658 0.63301
-0.19808 0.24724 -0.50655 0.00744
0.70980 0.01104 0.69467 0.72689
-0.40934 0.00399 -0.41554 -0.40460
0.23555 0.01460 0.20726 0.24811
-0.81593 0.07570 -0.94200 -0.74174
-0.30808 0.02576 -0.35180 -0.27947
-0.86728 0.05037 -0.96435 -0.82129
3.44090 0.26631 2.96407 3.74428
-0.15079 0.20336 -0.52072 0.00000
0.39738 0.21795 0.06265 0.57508
0.67459 0.02994 0.63732 0.70474
-0.22611 0.04144 -0.30676 -0.19556
0.12011 0.22675 -0.18056 0.49519
0.04335 0.09443 -0.13572 0.12370
-0.04554 0.18709 -0.41922 0.06309
-0.38496 0.20004 -0.77636 -0.23034
-0.06214 0.09571 -0.16787 0.07182
-0.45046 0.15261 -0.63849 -0.26950
0.25629 0.19199 -0.12670 0.37524
-0.00173 0.20148 -0.40232 0.13797
-0.53105 0.09804 -0.65600 -0.40297
0.36402 0.19617 -0.02779 0.47668
