# avg	std	min	max
0.04471 0.03233 0.01367 0.10202
-1.19378 0.00042 -1.19447 -1.19331
-0.22971 0.12220 -0.36888 -0.04966
-2.06877 0.04425 -2.13502 -2.01358
-0.95890 0.35139 -1.24913 -0.29525
-2.28979 0.02060 -2.32342 -2.25857
-1.51814 0.00659 -1.52295 -1.50524
-1.90196 0.04904 -1.96454 -1.83608
5.73460 1.00869 4.61079 7.06966
-0.00029 0.00048 -0.00096 0.00037
-0.10337 0.03556 -0.13870 -0.03580
-0.33106 0.00020 -0.33130 -0.33081
-1.94055 0.44569 -2.34098 -1.39173
-0.89406 0.27087 -1.18818 -0.42534
-2.08191 0.08052 -2.21005 -1.99141
-0.66386 0.01559 -0.69142 -0.64312
-1.85206 0.07744 -1.94485 -1.71175
-1.85150 0.15020 -1.95816 -1.55529
-1.61316 0.26323 -1.90322 -1.13991
-0.96141 0.18163 -1.15557 -0.73684
-0.91127 0.48801 -1.45945 -0.13697
-1.94470 0.56182 -2.82198 -1.43048
1.51564 1.26336 -0.39632 3.43563
