# avg	std	min	max
1.00285 0.00022 1.00261 1.00314
0.28945 0.00572 0.27802 0.29280
1.06766 0.01153 1.04785 1.08116
-0.31663 0.23885 -0.75817 -0.03685
1.15874 0.00923 1.14810 1.17323
-0.54268 0.15345 -0.72700 -0.33712
-0.78493 0.02027 -0.81025 -0.76342
-0.77676 0.10942 -0.89971 -0.58112
1.22812 0.13956 1.05902 1.45247
-0.00039 0.00036 -0.00084 0.00004
0.60920 0.03577 0.55921 0.66302
0.29041 0.00079 0.28943 0.29153
-0.55130 0.00861 -0.56489 -0.53872
-0.41163 0.00847 -0.42307 -0.39680
0.06725 0.09694 -0.00867 0.25644
0.84840 0.01192 0.83268 0.86734
0.36845 0.06899 0.28378 0.44234
-0.17674 0.03907 -0.24403 -0.12598
0.30075 0.06201 0.21799 0.40083
0.37820 0.00822 0.37147 0.39106
1.26243 0.08309 1.15494 1.40162
-0.81499 0.20232 -1.17613 -0.63601
3.45253 0.07731 3.35535 3.58139
