# avg	std	min	max
0.08883 0.00716 0.07685 0.09647
-0.01638 0.00260 -0.02018 -0.01339
-0.09208 0.01459 -0.10832 -0.07339
-1.10419 0.04094 -1.16271 -1.03898
-0.42045 0.04617 -0.51143 -0.38920
-1.09185 0.15769 -1.21137 -0.78833
-1.04804 0.04709 -1.13479 -0.99367
-0.37782 0.18470 -0.66745 -0.20743
2.79889 1.23736 1.68691 4.44889
-0.00213 0.00235 -0.00581 0.00000
0.29918 0.00661 0.28979 0.30755
-0.18881 0.02071 -0.22015 -0.17130
-0.99869 0.02547 -1.02315 -0.95849
0.03792 0.01253 0.01824 0.05702
-0.40869 0.06710 -0.45469 -0.27794
0.02627 0.01261 0.01018 0.04531
0.02466 0.00744 0.01299 0.03289
-1.31507 0.04189 -1.37110 -1.24531
-0.87665 0.02077 -0.90895 -0.84693
-0.04319 0.08005 -0.11952 0.08094
0.52844 0.02089 0.49103 0.55572
-0.96508 0.17567 -1.18851 -0.75656
0.74083 0.04192 0.67162 0.80220
