# avg	std	min	max
0.28653 0.01601 0.25501 0.29940
-0.67154 0.00024 -0.67173 -0.67120
-0.66161 0.00253 -0.66472 -0.65815
-2.16182 0.00417 -2.16630 -2.15583
-1.40717 0.00081 -1.40795 -1.40561
-2.25325 0.07616 -2.38196 -2.17626
-1.58779 0.14832 -1.81335 -1.38019
-1.28653 0.04322 -1.32699 -1.20622
3.69893 0.34797 3.26211 4.12724
-0.11368 0.00282 -0.11611 -0.10824
0.00802 0.01045 -0.00206 0.02276
-0.38574 0.00001 -0.38575 -0.38573
-1.04262 0.00605 -1.05409 -1.03736
-0.56609 0.22860 -0.71271 -0.11309
-0.91600 0.02808 -0.96072 -0.89061
0.30359 0.00146 0.30248 0.30647
-0.78767 0.02940 -0.83473 -0.74265
-1.47158 0.03210 -1.50222 -1.42111
-1.18977 0.01764 -1.22049 -1.17082
-0.25946 0.07147 -0.32554 -0.16536
0.12552 0.04297 0.05936 0.19163
-0.69150 0.06968 -0.79395 -0.61194
1.31656 0.29341 0.98027 1.67187
