# avg	std	min	max
2.25686 0.00035 2.25640 2.25722
0.48774 0.00018 0.48752 0.48808
0.47060 0.30973 0.22103 1.06096
3.27977 1.03304 2.15597 4.78491
4.12177 0.28310 3.77253 4.49657
3.00528 0.88848 2.11388 4.71152
15.29282 2.24743 12.07610 17.47130
29.48150 3.36135 26.74000 35.71510
2.45502 0.15623 2.20453 2.68968
0.95283 0.00542 0.94392 0.95971
-0.00054 0.00073 -0.00185 0.00000
-0.45572 0.01038 -0.47207 -0.44252
19.48210 1.40341 17.72860 22.01670
4.39624 0.03237 4.34054 4.44128
3.18134 0.55221 2.60361 4.19734
5.54460 0.05429 5.50945 5.65274
6.72877 0.55285 5.65375 7.23990
6.56910 1.92458 3.98379 9.15517
13.05996 1.37662 11.20440 14.85950
10.47291 1.21693 8.75675 12.42930
12.40094 1.56232 10.65270 14.60650
34.49328 2.26930 30.73250 37.79750
15.86890 2.36562 13.26180 20.26580
