# avg	std	min	max
1.34404 0.11884 1.19847 1.51556
-0.28066 0.14291 -0.47833 -0.03507
-0.47167 0.00028 -0.47222 -0.47147
-1.65788 0.17126 -1.87171 -1.36159
-0.67870 0.18243 -0.87459 -0.46128
-1.53950 0.00480 -1.54628 -1.53179
-1.40967 0.06637 -1.48143 -1.30011
-0.79441 0.18160 -1.09520 -0.53006
-0.35040 0.17596 -0.56512 -0.09042
0.15349 0.18157 -0.04145 0.43745
0.00001 0.00003 -0.00002 0.00007
0.24370 0.20626 0.05058 0.64447
-1.08863 0.11859 -1.23652 -0.95746
0.36085 0.00595 0.35540 0.37197
-1.06073 0.00230 -1.06244 -1.05620
0.30828 0.02202 0.28102 0.33931
-0.50253 0.02610 -0.53266 -0.46464
-0.93856 0.03214 -0.99683 -0.90153
-0.50364 0.02511 -0.52163 -0.45426
-0.06218 0.08136 -0.10875 0.09944
0.11555 0.01304 0.09668 0.13492
-1.64634 0.00804 -1.66003 -1.63564
-0.02644 0.07169 -0.09607 0.06564
