# avg	std	min	max
0.31032 0.00461 0.30302 0.31607
0.29084 0.00274 0.28859 0.29456
0.01200 0.01209 -0.00536 0.02591
0.13017 0.02395 0.09937 0.15060
-0.66062 0.01296 -0.66996 -0.63497
0.16868 0.14282 0.02636 0.36509
1.54689 0.00875 1.53492 1.56187
1.37788 0.03094 1.34223 1.43203
-0.14227 0.01576 -0.16412 -0.11967
1.30437 0.00270 1.30104 1.30782
0.00003 0.00323 -0.00603 0.00338
1.19309 0.01122 1.18334 1.21419
1.52897 0.03658 1.50123 1.60036
0.25064 0.06504 0.16730 0.30471
0.04679 0.11599 -0.18485 0.11532
0.72271 0.02198 0.68512 0.75314
0.27379 0.15243 0.05582 0.39862
-0.25284 0.22554 -0.41167 0.18688
0.04985 0.14402 -0.22723 0.15493
1.75757 0.26332 1.23192 1.90327
1.28372 0.02672 1.24027 1.31197
1.59556 0.02297 1.56674 1.63270
0.68521 0.18945 0.32901 0.89852
