# avg	std	min	max
1.07112 0.05128 1.01530 1.15421
0.40707 0.03576 0.36295 0.43640
-0.69670 0.03880 -0.75777 -0.65184
-0.75296 0.02462 -0.78317 -0.71431
-1.21322 0.01020 -1.22973 -1.19907
-0.90292 0.22467 -1.18087 -0.56779
-1.05339 0.06467 -1.11855 -0.97107
-1.04510 0.02810 -1.09572 -1.02119
2.68842 0.18963 2.42097 2.84635
0.56853 0.02557 0.53197 0.59818
-0.00006 0.00023 -0.00050 0.00016
0.13624 0.00096 0.13477 0.13734
-1.04752 0.05935 -1.13185 -0.96511
0.06255 0.15339 -0.15695 0.30673
-0.47196 0.07411 -0.59087 -0.39749
0.36490 0.02107 0.34010 0.38775
-0.55443 0.23837 -0.74572 -0.09147
-0.86366 0.06303 -0.96450 -0.80032
-0.77885 0.02675 -0.80993 -0.74589
-0.21129 0.01681 -0.23395 -0.19498
-0.70252 0.03781 -0.77505 -0.66639
-0.55104 0.01395 -0.56364 -0.52483
-0.67222 0.02276 -0.70231 -0.63660
