# avg	std	min	max
0.18036 0.00513 0.17117 0.18516
-0.45499 0.00364 -0.46088 -0.44986
-0.40988 0.00438 -0.41567 -0.40457
-0.97465 0.06762 -1.10542 -0.92480
-0.13084 0.52795 -0.57144 0.53849
-0.65757 0.34187 -0.83220 0.02614
-0.23844 0.07620 -0.35979 -0.15044
-0.28474 0.14430 -0.54715 -0.15140
-0.70898 0.44166 -0.94964 0.17408
-0.04879 0.02372 -0.08497 -0.02791
-0.00026 0.00058 -0.00135 0.00022
0.54573 0.39130 -0.21825 0.84926
-0.52248 0.08742 -0.61058 -0.40909
0.31361 0.07506 0.22709 0.43600
-0.17439 0.26014 -0.63380 0.05742
1.04123 0.21245 0.63000 1.20762
0.46280 0.11743 0.32576 0.61827
-2.28729 0.02738 -2.32291 -2.24336
-1.36507 0.10532 -1.47222 -1.19771
-0.32473 0.19258 -0.69712 -0.16187
1.11568 0.10758 0.95431 1.27348
-0.22020 0.06489 -0.27882 -0.09478
1.39795 0.07463 1.29756 1.51551
