# avg	std	min	max
0.89275 0.03962 0.83278 0.94296
0.25537 0.03238 0.22358 0.29913
-0.40083 0.02662 -0.41462 -0.34759
-0.66553 0.03945 -0.71146 -0.60743
-0.42470 0.08609 -0.51576 -0.31956
-1.28599 0.10292 -1.40500 -1.15076
-0.87381 0.22504 -1.19535 -0.53117
-0.47594 0.10405 -0.58398 -0.33564
2.81294 0.03600 2.76793 2.86428
0.59048 0.04198 0.53913 0.65386
0.03143 0.07214 -0.01788 0.17504
0.08824 0.07026 0.04006 0.22743
-0.69141 0.00586 -0.70153 -0.68621
0.46198 0.11057 0.34005 0.62242
0.30713 0.02366 0.27267 0.33542
1.40686 0.04204 1.33054 1.45285
0.38204 0.03562 0.32155 0.41670
-0.48666 0.02264 -0.51491 -0.46003
-0.34403 0.16391 -0.65003 -0.15753
0.38356 0.09345 0.24072 0.48626
0.86856 0.16307 0.54857 0.97667
-0.99010 0.01463 -1.00436 -0.96362
1.06618 0.29924 0.76532 1.64072
