# avg	std	min	max
1.97986 0.05162 1.91112 2.05432
1.13988 0.03263 1.09156 1.17302
-0.50421 0.02196 -0.53524 -0.47310
-1.29998 0.09350 -1.40989 -1.12968
-1.17189 0.01992 -1.19744 -1.13620
-0.91980 0.11996 -1.15375 -0.82611
-0.06602 0.30633 -0.35493 0.31524
0.55000 0.93466 -0.75408 1.95915
1.26240 0.12791 1.09397 1.37236
1.65030 0.00054 1.64973 1.65115
-0.00058 0.00054 -0.00144 -0.00000
1.04260 0.19024 0.73244 1.21223
0.03484 0.61699 -0.58417 0.85887
0.91521 0.17356 0.56874 1.01595
0.20505 0.01540 0.17894 0.22275
2.51734 0.17377 2.25114 2.69974
1.27523 0.27260 0.91232 1.75801
-0.17278 0.10326 -0.30425 -0.07501
0.50701 0.08150 0.43312 0.66312
1.41346 0.25713 0.99641 1.78857
3.43032 0.74015 2.55266 4.65418
0.75716 0.19614 0.48552 1.03418
3.17219 0.81634 1.55810 3.72368
