# avg	std	min	max
1.43765 0.01961 1.41807 1.47539
-0.00398 0.11455 -0.09371 0.22256
-1.33891 0.29407 -1.91846 -1.13752
-2.59847 0.01586 -2.61403 -2.57454
-2.25073 0.27488 -2.53629 -1.74527
-1.85340 0.35622 -2.15914 -1.36357
-1.32812 0.79056 -2.07620 -0.33899
-2.58375 0.31771 -2.87963 -2.04925
-0.61290 0.33535 -0.89893 -0.19636
0.65020 0.29075 0.43848 1.18126
-0.00106 0.47952 -0.74470 0.77088
-0.31094 0.31994 -0.56546 0.19319
-1.87726 0.97030 -2.63322 -0.10223
0.33158 0.03462 0.28601 0.38676
-0.09800 0.28763 -0.33314 0.39382
1.39935 0.01856 1.36635 1.41747
0.07818 0.01711 0.04996 0.09689
-2.33640 0.43497 -2.69022 -1.50845
-1.52811 0.16169 -1.68665 -1.21574
-1.39574 0.25773 -1.56811 -0.88351
2.71201 0.38315 2.19887 3.28574
0.56005 1.41119 -1.28492 2.56636
2.63899 0.51839 2.02022 3.27156
