# avg	std	min	max
0.93879 0.09497 0.77881 1.05936
-0.20234 0.01913 -0.24052 -0.19084
-0.13181 0.05542 -0.22931 -0.05999
-0.17621 0.03509 -0.23025 -0.11975
-0.63050 0.04807 -0.72190 -0.59156
-1.43646 0.04078 -1.47802 -1.38190
-0.15369 0.07900 -0.25372 -0.01548
-0.12763 0.22013 -0.30622 0.29444
-1.38542 0.00512 -1.39104 -1.37792
0.12229 0.02484 0.09164 0.14538
0.00210 0.00231 -0.00000 0.00528
-0.01036 0.02431 -0.05896 0.00260
0.01656 0.07490 -0.09872 0.10833
0.16023 0.15653 0.07906 0.47324
0.25042 0.09287 0.12196 0.34581
-0.72879 0.07645 -0.84550 -0.63048
-0.74132 0.08594 -0.84215 -0.59559
0.33677 0.02614 0.30038 0.37482
0.77264 0.20636 0.42908 1.03001
0.31871 0.09077 0.20888 0.43767
0.04433 0.06258 -0.01864 0.15968
-0.37521 0.19589 -0.54414 0.00649
0.14491 0.17354 -0.19955 0.25950
