# avg	std	min	max
-0.44652 0.11319 -0.63170 -0.33663
-1.45445 0.08799 -1.56428 -1.37405
-0.63365 0.13465 -0.75530 -0.46099
-2.29089 0.11279 -2.44491 -2.16393
-0.77494 0.12306 -0.87601 -0.61464
-2.17510 0.11191 -2.28528 -2.00052
-2.11654 0.09916 -2.22332 -1.98670
-2.33443 0.11820 -2.48984 -2.21046
1.13371 0.48964 0.18942 1.57285
-1.48213 0.07534 -1.57185 -1.36973
-0.00577 0.17837 -0.27908 0.27521
-1.11747 0.11027 -1.19807 -0.91235
-2.07893 0.10898 -2.17608 -1.91814
-0.74340 0.12411 -0.85120 -0.54387
-1.14714 0.04431 -1.19116 -1.06767
-0.57714 0.14429 -0.72355 -0.39069
-1.33141 0.07346 -1.45813 -1.24597
-1.97222 0.11850 -2.09519 -1.74686
-1.69971 0.17878 -1.93333 -1.41463
-1.20613 0.10695 -1.30791 -1.01046
-0.16284 0.06028 -0.21841 -0.04981
-2.31250 0.05360 -2.38482 -2.24407
1.23222 0.30711 0.80080 1.63961
