# avg	std	min	max
0.30376 0.05878 0.24159 0.40176
-0.10547 0.05790 -0.17998 -0.05112
-0.35735 0.00870 -0.37469 -0.35169
-0.67381 0.06157 -0.72607 -0.57403
-0.56908 0.03835 -0.58857 -0.49237
-0.75853 0.01125 -0.77511 -0.74871
-1.23007 0.04556 -1.28843 -1.17705
-0.47845 0.13480 -0.66114 -0.30505
2.01023 0.25058 1.64952 2.43606
-0.07870 0.06613 -0.20786 -0.03040
-0.00044 0.00213 -0.00417 0.00243
-0.17170 0.02244 -0.19924 -0.15325
-0.88786 0.05116 -0.92717 -0.78860
-0.19088 0.01398 -0.21869 -0.18137
-0.37544 0.13037 -0.50613 -0.19259
-0.53418 0.01146 -0.54421 -0.51502
-0.53375 0.07397 -0.62597 -0.45150
-0.76726 0.00960 -0.78016 -0.75475
-0.60478 0.07016 -0.66886 -0.46963
-0.06153 0.16277 -0.20314 0.16087
-0.23282 0.09198 -0.37389 -0.08686
-0.74367 0.09574 -0.87873 -0.59746
0.31794 0.03340 0.27533 0.37167
