# avg	std	min	max
-0.64448 0.00000 -0.64448 -0.64448
0.38002 0.00000 0.38002 0.38002
0.34142 0.00032 0.34097 0.34179
0.36419 0.15159 0.18849 0.53871
0.04596 0.00258 0.04367 0.05072
-0.28464 0.03105 -0.32371 -0.25156
-0.10489 0.11611 -0.20413 0.06280
0.37415 0.02890 0.32841 0.41702
0.50575 0.00325 0.50310 0.51158
-0.11727 0.02063 -0.15505 -0.09474
0.04774 0.03057 -0.00102 0.08076
0.14543 0.00005 0.14539 0.14549
0.03384 0.01306 0.01747 0.05259
-0.84915 0.00390 -0.85216 -0.84144
-0.39800 0.04631 -0.44734 -0.33063
-0.89226 0.04887 -0.95453 -0.83442
0.21687 0.19431 -0.02724 0.43557
0.09933 0.01323 0.07936 0.12105
-0.03302 0.03109 -0.08801 -0.00481
0.55065 0.00334 0.54525 0.55539
0.12009 0.17634 -0.06883 0.37652
0.54241 0.01175 0.53550 0.56580
1.02474 0.00587 1.01566 1.03295
