# avg	std	min	max
0.00552 0.00080 0.00466 0.00653
0.01660 0.00506 0.01377 0.02670
0.09252 0.00037 0.09205 0.09314
-0.18512 0.00726 -0.19930 -0.18040
0.25329 0.00890 0.24548 0.26481
-0.09907 0.00055 -0.09983 -0.09821
-0.08451 0.02080 -0.10803 -0.05093
-0.14200 0.00828 -0.14897 -0.12644
0.92641 0.12635 0.76126 1.03907
-0.04934 0.00380 -0.05150 -0.04174
0.00057 0.00272 -0.00225 0.00575
-0.09662 0.01000 -0.10356 -0.07700
-0.07576 0.00252 -0.08026 -0.07263
-0.39976 0.00711 -0.40813 -0.39083
-0.21088 0.08910 -0.33030 -0.13130
-0.18081 0.00319 -0.18460 -0.17673
0.17951 0.00793 0.16460 0.18846
-0.14186 0.02448 -0.18501 -0.11038
-0.14457 0.03700 -0.21512 -0.10535
-0.05728 0.00950 -0.06960 -0.04350
0.27104 0.00657 0.26493 0.27924
-0.44580 0.02631 -0.47638 -0.39803
0.52128 0.00743 0.50829 0.52926
