# avg	std	min	max
1.64812 0.07965 1.54842 1.75831
0.51950 0.06226 0.41139 0.58490
-0.15086 0.02929 -0.18902 -0.12558
-1.06333 0.05646 -1.13626 -1.01454
-1.09392 0.07687 -1.23393 -1.03303
-1.65562 0.33089 -1.92283 -1.02181
-3.15229 0.02025 -3.17646 -3.11575
-0.88870 0.19217 -1.20936 -0.69153
-0.54263 0.04365 -0.59785 -0.49330
0.48990 0.04217 0.43572 0.53660
-0.00300 0.00286 -0.00788 -0.00000
0.29727 0.03063 0.24577 0.32318
0.56525 0.08661 0.48614 0.68771
0.41610 0.05446 0.35865 0.50514
0.43151 0.07086 0.34145 0.52284
0.17278 0.03533 0.13449 0.21547
-0.11050 0.37309 -0.49884 0.50910
1.19635 0.12166 1.06876 1.42049
1.74802 0.23319 1.46874 2.03161
-0.69142 0.05735 -0.75570 -0.60479
1.21974 0.11691 1.00064 1.31261
-0.57140 0.88883 -1.35418 1.08883
1.75610 0.10645 1.58629 1.91796
