# avg	std	min	max
1.47808 0.01734 1.44958 1.50402
0.60427 0.00567 0.59515 0.61005
-1.30071 0.00651 -1.30860 -1.28888
-2.28837 0.00773 -2.30121 -2.28077
-1.78015 0.00334 -1.78290 -1.77372
-2.14912 0.01220 -2.16306 -2.13110
3.65879 0.29571 3.14545 3.97113
3.75281 0.13211 3.62933 4.00897
3.67887 0.02316 3.64144 3.71410
1.28149 0.00707 1.27299 1.29145
-0.00417 0.00980 -0.01507 0.01093
-0.10303 0.00021 -0.10327 -0.10263
4.34449 0.36154 3.95586 4.88646
1.17545 0.00576 1.16671 1.18287
0.10918 0.01884 0.08660 0.13311
2.56000 0.02839 2.51389 2.60313
0.40312 0.02029 0.38609 0.44063
-0.73129 0.08805 -0.84433 -0.60064
-0.65227 0.38072 -1.36299 -0.31393
3.58628 0.49822 2.89231 4.08431
0.18031 0.02801 0.15514 0.23120
2.62707 0.25226 2.34921 2.97723
1.07533 0.04826 0.98297 1.11966
