# avg	std	min	max
1.26943 0.02269 1.24682 1.30162
0.07653 0.01991 0.05445 0.10005
-1.00916 0.00747 -1.01611 -0.99666
-1.49042 0.43292 -2.07483 -1.11406
-1.77047 0.00980 -1.78648 -1.75774
-2.31477 0.00935 -2.32385 -2.30147
-0.79444 0.04406 -0.84515 -0.73283
-1.09334 0.02687 -1.13664 -1.05649
5.09348 0.10418 4.99244 5.29028
0.51745 0.01013 0.50593 0.53304
-0.00422 0.00475 -0.01006 0.00149
-0.10088 0.00895 -0.10936 -0.08458
-0.49750 0.03840 -0.56365 -0.44569
0.52230 0.12650 0.26953 0.59567
-1.11160 0.00513 -1.11840 -1.10404
0.73047 0.02606 0.70332 0.76175
-0.37549 0.03830 -0.44680 -0.34156
-0.80719 0.04830 -0.86307 -0.71837
-0.48851 0.03013 -0.52900 -0.44235
0.33913 0.15129 0.15183 0.52154
0.77101 0.03915 0.72792 0.83922
-0.63886 0.03686 -0.70189 -0.59480
0.21622 0.12150 0.11367 0.44936
