# avg	std	min	max
1.77018 0.04033 1.72398 1.81672
1.38596 0.00012 1.38583 1.38618
0.78397 0.11305 0.63671 0.92345
0.89680 0.43920 0.50215 1.54280
0.76533 0.07160 0.62471 0.82660
1.48070 0.08635 1.32890 1.55938
2.00335 0.76059 1.50150 3.46902
2.39540 0.61251 1.62688 3.09075
-0.45052 0.14208 -0.66344 -0.27906
0.81001 0.00037 0.80956 0.81052
-0.00091 0.00130 -0.00324 0.00011
1.03416 0.08675 0.86066 1.07810
2.08669 0.45847 1.61354 2.89002
1.71414 0.00076 1.71332 1.71539
1.81291 0.31431 1.41332 2.08765
1.14132 0.05936 1.04519 1.19539
1.18518 0.44736 0.66213 1.74569
1.39933 0.06548 1.28989 1.46987
1.41026 0.15841 1.19886 1.58780
2.80472 0.37890 2.47607 3.54481
1.01739 0.09359 0.90704 1.17994
1.96722 0.45858 1.12510 2.37640
1.19250 0.25995 1.02781 1.70884
