# avg	std	min	max
0.23726 0.01267 0.22175 0.24820
-0.10471 0.01226 -0.12418 -0.09336
-0.24662 0.01351 -0.27217 -0.23187
-0.65163 0.31388 -0.97641 -0.19960
-0.62689 0.02018 -0.66131 -0.60666
-0.58092 0.05001 -0.64704 -0.51996
-0.69367 0.12588 -0.94437 -0.61017
-0.72739 0.00772 -0.73670 -0.71728
-0.89470 0.01536 -0.91027 -0.86694
0.21600 0.01288 0.20130 0.23259
-0.00262 0.01684 -0.03253 0.01984
0.03851 0.01765 0.01338 0.06855
-0.58162 0.01949 -0.61072 -0.56054
0.16895 0.02783 0.13269 0.21824
-0.29220 0.00991 -0.30251 -0.27393
0.07858 0.02094 0.04739 0.10662
-0.45407 0.04208 -0.48026 -0.37012
-0.82230 0.04912 -0.88794 -0.75963
-0.53122 0.01604 -0.56152 -0.51392
0.06051 0.02696 0.03013 0.10412
0.15640 0.00841 0.14242 0.16861
-0.72487 0.02822 -0.77123 -0.68932
0.03468 0.29563 -0.32950 0.31485
