# avg	std	min	max
-0.19693 0.01656 -0.22625 -0.17472
-0.08093 0.00818 -0.08973 -0.07148
0.54624 0.00134 0.54395 0.54759
-0.92905 0.02788 -0.95890 -0.88145
0.28813 0.05634 0.23912 0.39156
-0.72668 0.07440 -0.83045 -0.61451
-1.31826 0.01241 -1.33790 -1.30716
-0.67472 0.02710 -0.70805 -0.63192
0.32061 0.13014 0.10776 0.51096
0.15203 0.00725 0.13965 0.16092
-0.00009 0.00005 -0.00014 -0.00003
-0.19070 0.00013 -0.19086 -0.19056
-1.02923 0.01952 -1.05331 -1.00381
-0.32280 0.00752 -0.33168 -0.30994
-0.25684 0.01294 -0.27513 -0.24294
-0.17247 0.04104 -0.22331 -0.09774
-0.48430 0.05607 -0.56995 -0.40261
-0.84927 0.04788 -0.90446 -0.77305
-0.62685 0.04822 -0.68801 -0.56115
-0.13122 0.01308 -0.15003 -0.11762
0.24685 0.17759 0.09526 0.58880
-0.82362 0.10235 -0.97794 -0.69079
1.31490 0.25271 1.00930 1.77334
