# avg	std	min	max
-0.62592 0.04742 -0.72037 -0.59808
0.65721 0.00710 0.65082 0.66672
0.90650 0.05624 0.85868 1.01627
-0.28159 0.02091 -0.31633 -0.26033
-0.44992 0.00392 -0.45508 -0.44515
-0.11591 0.07808 -0.22573 -0.04190
0.39039 0.10442 0.18687 0.48656
-0.27054 0.46506 -0.69937 0.54928
0.78926 0.06749 0.74642 0.92387
-1.82558 0.02230 -1.86942 -1.80961
-0.00860 0.00931 -0.02284 0.00000
0.03188 0.08176 -0.01755 0.19495
0.32974 0.26807 0.10019 0.71895
-1.19966 0.10788 -1.31585 -1.06371
-0.06443 0.02610 -0.08065 -0.01239
-4.03439 0.02260 -4.06719 -4.00147
-0.76014 0.87197 -1.86666 0.00912
-0.17137 0.01317 -0.18546 -0.15460
0.13445 0.09105 -0.01403 0.23134
-0.20257 0.06907 -0.25540 -0.06868
-5.49170 0.32724 -5.96872 -5.07439
0.33812 0.11249 0.21473 0.52161
0.42528 0.08575 0.27458 0.50168
