# avg	std	min	max
0.58866 0.00770 0.57356 0.59351
-0.26220 0.02016 -0.27509 -0.22199
-0.73341 0.07747 -0.80993 -0.59020
-0.86957 0.08427 -0.94907 -0.71393
-1.45807 0.03354 -1.51319 -1.41690
-1.87408 0.41955 -2.28719 -1.34489
-0.63028 0.10451 -0.79247 -0.49632
-0.85766 0.03384 -0.90371 -0.81132
-1.61650 0.06102 -1.68215 -1.51919
0.25852 0.01985 0.24841 0.29822
-0.01080 0.03735 -0.06029 0.04755
-0.40345 0.19706 -0.64634 -0.20275
-0.54125 0.07505 -0.63057 -0.43663
0.21308 0.02997 0.16419 0.24597
-0.78014 0.26006 -1.12165 -0.54634
-0.37447 0.05279 -0.41638 -0.27192
-1.58371 0.17019 -1.79574 -1.40678
-0.48506 0.13446 -0.72699 -0.34826
-0.62535 0.53510 -1.22569 0.03544
0.04887 0.03680 -0.00911 0.08943
-0.04564 0.04654 -0.09878 0.01372
-0.95558 0.06863 -1.02960 -0.83392
0.27876 0.10465 0.15854 0.40500
