# avg	std	min	max
3.04343 0.08650 2.95110 3.17085
1.71582 0.03039 1.66470 1.75773
0.00056 0.00066 0.00002 0.00168
-1.56132 0.02939 -1.61606 -1.53566
-0.54379 0.00127 -0.54484 -0.54134
-1.74238 0.05167 -1.77914 -1.64010
10.11882 1.60250 7.45175 11.37100
14.68434 4.07682 9.22828 20.07860
6.83335 0.08813 6.70277 6.94387
1.96694 0.07352 1.86674 2.06915
0.45927 0.08456 0.35190 0.55420
1.85502 0.05949 1.76091 1.93241
15.58852 2.88007 12.91840 20.67680
2.72899 0.07608 2.62093 2.81176
1.45778 0.43637 1.05615 2.13359
3.09501 0.07633 3.00699 3.22589
2.44826 0.13606 2.27421 2.69017
3.58325 0.50590 3.05574 4.53726
3.63409 0.53934 2.88203 4.35376
6.67675 0.74906 5.46098 7.44240
7.03663 0.17500 6.84978 7.36942
23.85206 5.24728 16.24780 28.61470
9.33108 0.62612 8.09210 9.75568
