# avg	std	min	max
2.79472 0.07089 2.71536 2.88487
1.46792 0.06905 1.36985 1.58172
-0.00000 0.00000 -0.00001 0.00000
0.46081 0.47217 -0.46440 0.82912
-1.37842 0.01752 -1.40171 -1.35031
0.43830 0.31864 0.15781 0.98147
7.42154 1.35306 5.45504 9.24077
9.15494 6.25231 4.66672 21.48760
5.13726 0.17386 4.86977 5.32161
3.48213 0.17102 3.25076 3.77614
2.00876 0.10742 1.80089 2.11136
1.70969 0.09422 1.62430 1.88031
12.09761 5.69908 1.69755 16.50890
2.02299 0.10915 1.90716 2.18593
2.28118 0.14117 2.06408 2.47538
1.12039 0.12615 0.96947 1.32753
3.87999 0.17140 3.56053 4.05158
5.21549 0.70151 4.48108 6.42791
5.32419 1.00173 3.75500 6.80762
4.00825 0.85765 2.79240 5.06895
4.88569 0.51675 4.06050 5.49244
8.23393 2.25170 6.22918 12.52880
4.56392 0.28688 4.04059 4.89663
