# avg	std	min	max
1.60946 0.20805 1.27957 1.87618
0.64436 0.07706 0.54061 0.73380
0.00019 0.00033 -0.00018 0.00074
-0.61750 0.23173 -1.00865 -0.28342
-0.12373 0.00594 -0.13236 -0.11714
-0.85192 0.00450 -0.85635 -0.84446
-0.96664 0.27957 -1.37104 -0.68196
-0.60395 0.13661 -0.80033 -0.38947
-1.41473 0.05870 -1.49847 -1.32734
1.13568 0.16914 0.86623 1.33667
1.57760 0.00140 1.57636 1.58026
1.52675 0.10249 1.46339 1.73134
-0.88378 0.11604 -1.10475 -0.76335
0.92213 0.09558 0.85237 1.10937
0.36413 0.42201 -0.21287 0.97524
0.82736 0.47996 0.15044 1.56783
0.06197 0.25759 -0.15296 0.55700
0.41291 0.21008 0.02802 0.64882
0.21713 0.50832 -0.59158 0.73199
-0.55399 0.48808 -1.09850 0.22558
1.19390 0.43066 0.64474 1.71896
7.57802 2.82840 3.82118 10.64140
3.15198 0.67456 2.25543 3.94670
