# avg	std	min	max
4.39499 0.00078 4.39368 4.39590
2.54397 0.00280 2.53888 2.54688
-0.00286 0.00478 -0.01214 0.00109
0.88118 0.70362 0.18745 1.80030
-0.77742 0.00653 -0.78428 -0.76680
1.45558 0.25553 1.06292 1.86911
10.55573 0.84750 9.50968 11.59780
16.95682 1.90110 14.02120 19.56690
7.62639 0.06710 7.51742 7.69230
3.23761 0.00162 3.23508 3.23970
1.36896 0.00530 1.36500 1.37930
1.68506 0.00126 1.68289 1.68676
16.30462 2.43188 13.79540 20.40600
3.52076 0.13750 3.31664 3.64396
3.74673 0.29903 3.37157 4.21374
3.91713 0.07486 3.86933 4.06634
4.03143 0.19403 3.65104 4.20039
3.66103 0.38921 2.92296 4.03905
3.92341 0.91008 2.68797 5.36642
11.21832 2.02111 7.96577 13.06330
8.46437 0.28385 8.28703 9.03045
30.09756 4.26921 23.74920 34.59570
7.83697 0.33874 7.16026 8.02724
