# avg	std	min	max
2.85552 0.09131 2.68300 2.95386
1.39279 0.04648 1.30510 1.42493
-0.01669 0.02021 -0.04246 0.00000
-1.05108 0.00140 -1.05227 -1.04913
-0.77865 0.00069 -0.77977 -0.77788
-0.63029 0.14717 -0.89974 -0.47418
0.21243 0.46125 -0.54170 0.85053
1.83753 1.19803 0.39466 3.26548
3.50901 0.34427 3.08139 3.93490
1.88280 0.15464 1.60943 2.02523
1.51398 0.02000 1.49480 1.53838
1.73157 0.01643 1.69872 1.74029
0.75311 0.45247 0.00275 1.40019
1.64773 0.20838 1.40679 1.99213
2.34516 0.68828 1.15865 2.94958
2.30902 0.22732 2.00825 2.50136
2.41266 0.04065 2.35144 2.45423
1.75115 0.37606 1.03359 2.09887
2.12912 0.37733 1.51078 2.61908
1.97315 0.27633 1.56174 2.39712
5.57022 0.41097 5.04328 6.22401
10.55131 1.11258 9.38736 12.39120
5.59549 0.40845 4.95236 6.09411
