# avg	std	min	max
3.15366 0.08076 3.05221 3.25469
1.93334 0.03498 1.90154 1.99451
-0.03486 0.03194 -0.05583 0.02832
-0.30340 0.17657 -0.52969 -0.08716
-0.49310 0.06524 -0.57417 -0.37583
0.80750 0.17272 0.57676 1.02598
0.62970 0.27147 0.23923 1.05905
1.37765 0.08655 1.21485 1.44446
3.41824 0.05448 3.35076 3.49033
1.95536 0.05620 1.85922 2.02538
1.31575 0.07708 1.20429 1.44031
1.08571 0.04576 1.03264 1.15526
1.15965 0.08256 1.06551 1.30074
1.61072 0.12761 1.48691 1.78522
0.94260 0.14741 0.79618 1.18833
2.48701 0.03731 2.44678 2.54912
1.50082 0.12782 1.30698 1.66770
1.02044 0.12018 0.88180 1.20076
1.07415 0.24451 0.64023 1.32888
0.76699 0.04414 0.69044 0.81879
3.09149 0.43940 2.39619 3.56863
1.40274 0.12110 1.22855 1.56785
1.82919 0.57886 1.26115 2.88529
