# avg	std	min	max
1.52307 0.00319 1.51944 1.52810
1.51682 0.00000 1.51682 1.51682
0.00607 0.00385 0.00130 0.01026
-1.12101 0.62742 -1.89639 -0.55594
-1.19571 0.00504 -1.19973 -1.18609
-1.07582 0.07310 -1.15941 -0.96100
-0.38402 0.01587 -0.40331 -0.36168
-0.39141 0.00199 -0.39351 -0.38763
2.78011 0.00977 2.77064 2.79705
1.16929 0.00920 1.16172 1.18070
1.07450 0.00038 1.07398 1.07486
0.25248 0.00098 0.25093 0.25396
-0.50001 0.04721 -0.56113 -0.46082
0.70279 0.00227 0.70022 0.70658
0.31670 0.06184 0.20872 0.37223
1.23985 0.00713 1.22829 1.25058
1.06317 0.00951 1.05322 1.08002
-0.39378 0.16526 -0.56010 -0.17411
-0.56709 0.22720 -0.85118 -0.27848
-0.01852 0.07435 -0.10301 0.06678
1.47778 0.02052 1.46290 1.51845
-0.46778 0.02719 -0.50507 -0.43542
1.41999 0.25666 1.08654 1.69438
