# avg	std	min	max
4.92801 0.00883 4.91967 4.94473
3.39559 0.01500 3.38267 3.42470
-0.00382 0.00686 -0.01182 0.00517
-0.80119 0.20520 -1.03495 -0.55136
-1.56333 0.04574 -1.60433 -1.49367
-1.43137 0.08999 -1.51477 -1.31083
0.33069 1.06249 -0.54629 2.29759
0.09088 0.78599 -0.95787 1.29994
5.85850 0.02934 5.80232 5.88486
4.16646 0.00783 4.15718 4.17951
2.35575 0.01485 2.33155 2.37248
2.35523 0.00565 2.34617 2.36220
0.29757 0.08208 0.23441 0.45080
2.99867 0.04731 2.93220 3.07827
2.48983 0.04368 2.46226 2.57652
4.28377 0.00991 4.27225 4.30195
4.06536 0.06166 3.94859 4.12985
2.31034 0.03057 2.27502 2.35059
2.55143 0.13813 2.42539 2.81558
2.99665 0.16752 2.77916 3.27251
6.86432 0.08623 6.69942 6.93510
13.83040 0.88144 12.78060 15.40360
6.92993 0.07484 6.84658 7.05255
