# avg	std	min	max
1.90002 0.12645 1.75733 2.04700
1.02938 0.00000 1.02938 1.02938
0.00741 0.01290 -0.00089 0.03300
-0.18069 0.08004 -0.32056 -0.07904
0.22575 0.04730 0.18190 0.29907
-0.33198 0.31990 -0.60915 0.27910
-0.22634 0.57953 -0.75830 0.64364
1.66319 1.62322 0.28585 4.82403
4.40501 0.43962 3.52707 4.65835
1.65546 0.21176 1.53785 2.07753
1.33946 0.01408 1.31877 1.35967
1.43585 0.00484 1.42868 1.44121
0.58192 0.26547 0.06470 0.79442
0.94898 0.58259 0.58034 2.10637
0.82088 0.06109 0.75703 0.93508
2.14276 0.14174 2.04190 2.42129
1.31176 0.03480 1.25039 1.34551
0.99969 0.03067 0.95290 1.04712
0.73464 0.48750 0.18204 1.59226
1.90480 0.56643 1.18499 2.54916
3.30336 1.41032 2.46138 6.11437
1.72418 0.24799 1.40682 2.10511
2.84163 0.33791 2.44351 3.45979
