# avg	std	min	max
0.09764 0.00024 0.09752 0.09812
-0.18606 0.00017 -0.18614 -0.18572
-0.00018 0.00148 -0.00280 0.00182
-0.14375 0.00104 -0.14468 -0.14241
-0.00950 0.01149 -0.01903 0.00459
-0.07680 0.00672 -0.08815 -0.06837
-0.20532 0.02156 -0.21666 -0.16221
-0.16280 0.00104 -0.16411 -0.16136
-0.47730 0.00088 -0.47828 -0.47612
-0.02599 0.00174 -0.02745 -0.02277
-0.08605 0.00904 -0.10049 -0.07529
0.03801 0.00091 0.03726 0.03926
-0.18629 0.01298 -0.19350 -0.16037
0.02439 0.00206 0.02060 0.02677
-0.12956 0.02892 -0.16196 -0.09307
-0.09540 0.00255 -0.09860 -0.09239
-0.32841 0.02034 -0.35805 -0.30348
-0.13697 0.00242 -0.13991 -0.13253
-0.14697 0.00769 -0.16078 -0.13784
-0.04697 0.00164 -0.05006 -0.04516
-0.22247 0.07911 -0.26393 -0.06430
-0.38022 0.00799 -0.38767 -0.36654
-0.05564 0.00354 -0.05840 -0.04864
