# avg	std	min	max
2.59045 0.08243 2.50055 2.74118
1.18166 0.06084 1.07721 1.26445
0.00000 0.00000 0.00000 0.00000
3.44256 0.31588 2.87711 3.67846
0.65735 0.13131 0.42305 0.82223
2.83446 0.60488 1.77705 3.51842
8.85022 3.91506 6.39188 16.60040
29.45406 5.42151 22.72940 36.01390
4.11490 0.46184 3.83534 5.03702
3.17184 0.63902 2.38851 3.74957
2.80561 0.01143 2.79292 2.82207
1.31839 0.00922 1.30971 1.33115
16.24062 4.65845 10.88870 24.49310
3.36106 0.57080 2.73515 4.08321
5.11223 0.54557 4.27788 5.81568
3.89512 0.22517 3.77414 4.34525
6.33588 0.64835 5.04462 6.73632
6.35992 1.14415 5.01773 8.14206
12.74591 2.92933 9.73413 17.84260
9.48792 1.69463 7.11971 11.11660
11.14716 0.80209 10.33900 12.16470
28.16696 5.89833 21.40890 38.14460
11.58496 1.47500 10.67970 14.52700
