# avg	std	min	max
0.17365 0.00925 0.15802 0.18164
0.19383 0.01402 0.16653 0.20607
0.00759 0.00625 -0.00000 0.01404
-0.00722 0.05372 -0.10198 0.03587
-0.03794 0.00795 -0.04863 -0.02877
0.06664 0.01202 0.04649 0.08312
-0.41975 0.21395 -0.62749 -0.14962
0.01056 0.01948 -0.02047 0.03324
1.65480 0.00644 1.64359 1.65982
-0.12358 0.00097 -0.12415 -0.12165
-0.43137 0.00137 -0.43270 -0.42916
-0.19157 0.00173 -0.19309 -0.18926
-0.17851 0.00563 -0.18753 -0.17166
-0.17876 0.01636 -0.21139 -0.16834
-0.15170 0.12991 -0.35632 -0.02682
-0.10154 0.01494 -0.11844 -0.08150
-0.30563 0.11816 -0.48496 -0.18566
-0.44704 0.13969 -0.62946 -0.20136
-0.64663 0.13181 -0.74303 -0.38651
0.07885 0.03566 0.03073 0.12294
0.36863 0.00517 0.35867 0.37270
-0.27291 0.00810 -0.28366 -0.26186
0.42364 0.03398 0.37800 0.46316
