# avg	std	min	max
0.17004 0.05497 0.08227 0.23206
-0.02931 0.08513 -0.15211 0.06414
-0.01036 0.01395 -0.03055 0.00262
-1.18982 0.05496 -1.28460 -1.11394
-0.50710 0.02664 -0.53275 -0.47110
-1.07928 0.07011 -1.21231 -1.01799
0.00891 0.02707 -0.01633 0.05312
-0.14676 0.04149 -0.22734 -0.10806
-0.43657 0.05275 -0.49863 -0.36225
0.59699 0.10331 0.40886 0.71446
0.49394 0.02569 0.46409 0.53172
0.61449 0.01286 0.59539 0.63416
0.23229 0.02719 0.20197 0.26604
0.54535 0.16582 0.43089 0.87438
0.33803 0.06502 0.25883 0.41637
0.36258 0.09432 0.17722 0.43784
0.22746 0.06613 0.16429 0.33871
0.22834 0.01840 0.20311 0.25960
0.50267 0.11600 0.33443 0.62142
0.87971 0.02028 0.85353 0.90679
1.00761 0.09362 0.88279 1.14528
-0.00810 0.03221 -0.06756 0.02653
0.95777 0.07446 0.82746 1.03917
