# avg	std	min	max
4.24668 0.03950 4.20038 4.30945
2.66084 0.08580 2.55223 2.81568
0.00629 0.00534 0.00000 0.01312
0.67659 0.05872 0.59912 0.74210
-0.70399 0.00797 -0.71894 -0.69502
0.50034 0.20253 0.38582 0.90463
3.40647 1.07352 2.25438 5.26294
14.10120 1.61144 11.59590 16.67520
4.84266 0.31771 4.36648 5.34548
2.85029 0.06111 2.80088 2.96709
1.83287 0.00002 1.83285 1.83290
1.77056 0.07844 1.69226 1.91060
4.49409 0.89693 3.81203 6.18904
3.52544 0.15539 3.37620 3.78027
2.97315 0.77569 2.38059 4.50632
5.09676 0.01484 5.07370 5.11611
3.81208 0.05492 3.75339 3.88869
5.33432 0.87239 4.32169 6.72943
6.78818 0.81229 5.87150 8.28411
10.19907 0.39398 9.73667 10.74630
9.18955 0.27853 8.76135 9.63182
29.78978 3.46897 26.76880 36.24440
7.95408 1.49808 7.01311 10.92880
