# avg	std	min	max
4.27564 0.03052 4.23615 4.32049
2.33245 0.00764 2.32282 2.34538
-0.01654 0.01709 -0.03683 0.00157
0.06221 0.02508 0.03191 0.09814
0.15382 0.24375 0.02035 0.64089
1.07090 0.74372 0.55034 2.52637
5.78295 0.31426 5.34334 6.09528
12.07342 2.89337 7.48489 15.66350
-0.71834 0.01067 -0.72800 -0.69854
3.09196 0.02396 3.07599 3.13812
2.40037 0.10417 2.19224 2.46109
1.80237 0.01256 1.78957 1.82017
9.13073 0.19732 8.89437 9.36979
3.38330 0.01365 3.37475 3.41030
2.06986 0.08540 1.97932 2.19791
3.09993 0.02238 3.07437 3.13872
1.07482 0.12556 0.89006 1.27945
5.84705 1.58162 3.65279 7.66284
9.31836 3.32624 5.11638 13.27920
4.55400 1.00926 2.53565 5.07840
10.70994 0.05096 10.65420 10.80610
26.46112 0.81594 25.10290 27.37940
8.39571 0.23897 8.12448 8.77673
