# avg	std	min	max
0.60239 0.00656 0.58955 0.60716
-0.20365 0.12157 -0.44668 -0.13768
-0.01554 0.00860 -0.02922 -0.00404
-0.18178 0.01301 -0.19905 -0.15945
-0.22034 0.00538 -0.23037 -0.21439
-1.19932 0.04904 -1.25861 -1.13508
-0.02828 0.00713 -0.03731 -0.01701
0.17299 0.05004 0.10896 0.23110
3.47882 0.10169 3.31036 3.62519
-0.12210 0.03069 -0.17538 -0.09029
-0.13774 0.00703 -0.14793 -0.13061
0.07239 0.00511 0.06747 0.08157
0.03530 0.01041 0.01850 0.04686
-0.16181 0.00644 -0.17015 -0.15161
-0.43105 0.01314 -0.44826 -0.41801
0.48944 0.31778 -0.14540 0.67266
-0.22142 0.02924 -0.27074 -0.19597
-0.21821 0.07886 -0.31199 -0.08348
-0.32787 0.05180 -0.36747 -0.22602
-0.07561 0.01477 -0.09885 -0.05747
-0.17943 0.04377 -0.26608 -0.14823
-0.02178 0.01625 -0.04865 -0.00366
0.52314 0.01124 0.50201 0.53499
