# avg	std	min	max
1.47210 0.07819 1.42173 1.62767
1.03218 0.04483 0.98264 1.11653
-0.05584 0.05652 -0.13468 -0.00151
0.46842 0.11170 0.33442 0.58628
-0.19772 0.06675 -0.31760 -0.12151
0.40812 0.04235 0.32604 0.44287
0.41129 0.08261 0.29326 0.49476
0.84208 0.24379 0.40240 1.04298
2.20975 0.03275 2.18089 2.26870
1.58247 0.12402 1.37141 1.72463
0.31144 0.08460 0.18127 0.40460
0.42703 0.08539 0.34955 0.59357
0.55460 0.09988 0.46393 0.70611
1.01806 0.14086 0.90993 1.29213
1.06557 0.12375 0.99266 1.31275
1.50223 0.38812 0.99183 1.86816
1.05449 0.12032 0.93960 1.21161
0.97028 0.05513 0.90024 1.03758
1.50839 0.05392 1.44799 1.60974
1.47560 0.20086 1.18059 1.70340
1.53733 0.01266 1.52566 1.55400
-0.90499 0.92657 -1.99153 0.36892
0.94045 0.15925 0.67726 1.11201
