# avg	std	min	max
5.12554 0.00687 5.11377 5.13277
3.26131 0.00857 3.25384 3.27702
-0.00354 0.00831 -0.02012 0.00152
-0.53564 0.17801 -0.78146 -0.38804
-1.21623 0.00734 -1.23045 -1.20946
0.46794 0.23179 0.01475 0.66282
1.07751 1.43367 -0.35297 3.38674
8.02086 1.99108 6.16137 10.67090
4.94503 0.04060 4.90459 5.00406
4.47114 0.01461 4.44368 4.48765
2.33347 0.00715 2.32170 2.34281
2.46567 0.00504 2.45982 2.47493
2.39468 1.28433 0.82154 3.90632
2.90366 0.51087 2.40445 3.53378
2.60536 0.53204 2.13372 3.60603
5.42701 0.01105 5.41708 5.44490
3.95176 0.06616 3.89118 4.07675
3.84519 0.45789 3.14203 4.34324
4.64724 1.53877 2.94131 7.54411
3.94564 1.01283 2.81986 5.70745
9.05725 0.99476 7.32280 10.07680
15.24280 1.77688 13.87270 18.70800
8.76505 1.27803 7.10458 10.67690
