# avg	std	min	max
4.33632 0.00244 4.33454 4.34109
2.50343 0.00262 2.50212 2.50867
0.00409 0.00593 -0.00219 0.01469
0.59319 0.32091 0.39241 1.23242
-0.89909 0.05717 -1.00993 -0.85085
1.07304 0.10218 0.97453 1.24946
8.60033 1.23202 6.54763 9.88992
18.78566 3.21851 14.57110 22.60330
3.06495 0.18754 2.91036 3.41996
3.00155 0.15497 2.81459 3.18587
1.71916 0.00130 1.71767 1.72098
1.89028 0.00944 1.87699 1.90006
12.24986 1.63325 10.20590 14.22750
3.52957 0.00762 3.51733 3.53978
3.83728 0.51050 3.37937 4.79885
4.72272 0.00276 4.71845 4.72693
5.22695 0.35500 4.59281 5.56292
5.83637 0.58271 5.01887 6.55999
7.39123 0.91096 6.35220 8.53733
6.14184 0.70737 5.25456 7.20941
13.10206 1.53661 11.77730 16.11780
36.79632 9.50183 23.47920 45.20170
12.12388 2.88609 9.86400 17.71620
