# avg	std	min	max
3.94524 0.00370 3.93948 3.95020
2.02300 0.00407 2.01670 2.02664
-0.00550 0.00602 -0.01369 0.00045
1.45927 0.74786 0.78864 2.45500
0.41166 0.01315 0.39221 0.43232
0.81360 0.52874 0.20288 1.64258
10.54052 1.06195 9.65031 12.62260
10.72373 0.73425 9.91571 11.65140
7.14542 0.37801 6.67502 7.77324
2.78161 0.00161 2.77870 2.78337
1.92546 0.00177 1.92226 1.92762
0.92927 0.00254 0.92614 0.93351
12.32044 0.80203 11.38360 13.71390
3.76254 0.01360 3.74157 3.78436
4.71409 0.23218 4.46481 5.07304
4.93718 0.03482 4.90315 4.99630
4.21201 0.23770 3.78450 4.46151
5.09093 0.55789 4.24617 5.59665
4.89055 0.92981 3.84966 6.57545
8.65427 2.15493 6.60759 11.65800
12.32960 0.11034 12.15980 12.46660
24.83756 3.63109 20.39940 30.13270
11.92592 0.39527 11.67160 12.71340
