# avg	std	min	max
2.91340 0.00643 2.90590 2.92392
1.43922 0.01986 1.42479 1.47833
-0.00212 0.00429 -0.01064 0.00093
-0.02869 0.93520 -1.32215 1.18905
-0.25603 0.00507 -0.26191 -0.24743
-0.00033 0.47035 -0.59192 0.82792
0.70116 0.17413 0.38498 0.86319
10.96989 0.82457 9.56464 11.91610
4.51427 0.39618 3.87132 4.94589
2.24888 0.06442 2.20631 2.37717
1.82531 0.11196 1.68766 1.97228
1.58571 0.01801 1.55927 1.60285
1.39193 0.21049 1.17168 1.76403
2.55559 0.00771 2.54738 2.56791
1.62356 0.41986 1.04203 2.19545
3.69681 0.03940 3.63126 3.75532
2.71341 0.34721 2.35629 3.33667
3.05315 0.47938 2.30844 3.45949
3.21182 0.55912 2.70137 3.96810
2.96029 0.06863 2.87453 3.05032
7.66011 0.95764 5.74491 8.15185
4.04652 1.05685 2.56076 5.84441
6.16976 0.41378 5.79185 6.79383
