# avg	std	min	max
2.21515 0.04644 2.14510 2.29131
1.31410 0.06046 1.23642 1.37914
-0.00301 0.00492 -0.01243 0.00130
-0.16390 0.13998 -0.34648 0.08213
-0.19520 0.04886 -0.26169 -0.11596
-0.08818 0.35032 -0.30161 0.60969
0.82004 0.28111 0.52223 1.34943
1.44815 0.15473 1.25722 1.69141
6.10321 0.05190 6.04140 6.18314
1.85920 0.05765 1.77038 1.91813
0.73366 0.04960 0.66040 0.80565
0.87655 0.09413 0.82079 1.06404
0.68415 0.14384 0.53458 0.94750
2.23126 0.40917 1.41833 2.46597
0.78817 0.06774 0.73201 0.91943
2.23376 0.00709 2.22147 2.24273
1.09384 0.05767 0.98802 1.15635
0.63306 0.07409 0.53292 0.73249
0.88424 0.14817 0.68547 1.08206
0.77688 0.06754 0.66293 0.86977
2.89156 0.66779 2.30489 4.15571
-0.18793 0.65433 -0.77801 1.07125
1.12972 0.06896 1.01021 1.21648
