# avg	std	min	max
1.51977 0.00397 1.51690 1.52699
0.25426 0.00235 0.25302 0.25896
-0.00328 0.00393 -0.00818 0.00000
-0.39797 0.09173 -0.56159 -0.30260
-0.22899 0.01211 -0.24908 -0.21185
-0.19282 0.03986 -0.24058 -0.13074
0.56495 0.01583 0.55210 0.59583
0.78673 0.04869 0.73880 0.86984
4.37460 0.13296 4.11284 4.47248
0.05292 0.00484 0.04848 0.05976
-0.22015 0.00409 -0.22555 -0.21583
0.44961 0.00432 0.44470 0.45460
0.53383 0.00801 0.52409 0.54787
0.18994 0.00326 0.18584 0.19398
0.65694 0.04903 0.59245 0.73013
1.28722 0.02538 1.25826 1.32812
0.66345 0.05852 0.59678 0.76411
0.23266 0.01154 0.21372 0.24935
-0.47975 0.02230 -0.51803 -0.45468
0.28704 0.00719 0.28018 0.29826
0.93175 0.36836 0.48078 1.45803
0.51364 0.07438 0.41962 0.62328
1.86413 0.04236 1.78983 1.92178
