# avg	std	min	max
3.74041 0.05678 3.66161 3.80984
1.87525 0.01185 1.86081 1.88942
-0.00197 0.00385 -0.00968 0.00000
3.51374 0.93040 2.37934 4.91119
1.10933 0.05430 1.02790 1.19924
-0.20851 0.04162 -0.27263 -0.14307
1.86415 0.39365 1.42116 2.51996
7.86110 1.09461 6.30904 9.66348
5.79973 0.29812 5.40094 6.31790
2.53768 0.00655 2.52641 2.54478
1.61140 0.01001 1.59217 1.62090
1.33426 0.00392 1.32878 1.33778
3.51899 0.85878 2.50420 4.71773
3.44317 0.07366 3.34685 3.54414
2.36009 0.18123 2.25759 2.72217
3.32195 0.37844 3.04572 4.03121
2.66907 0.00481 2.65993 2.67325
1.40744 0.04328 1.36754 1.48971
3.64143 0.07856 3.57723 3.79196
2.94660 0.28077 2.61672 3.27985
5.94157 0.05558 5.90581 6.05170
10.41513 0.58562 9.60476 11.09880
8.77827 0.26196 8.30952 8.98457
