# avg	std	min	max
3.60979 0.01076 3.59466 3.61986
2.48686 0.00902 2.47008 2.49333
0.00174 0.00189 -0.00045 0.00424
-0.19955 0.05140 -0.26971 -0.12529
-1.31422 0.00616 -1.32284 -1.30769
-1.33378 0.24017 -1.51201 -0.85962
6.42434 0.33720 5.96941 6.92147
7.06385 1.06508 5.34088 8.61377
2.32470 0.20106 2.05844 2.63657
3.46771 0.00241 3.46533 3.47225
2.18359 0.00332 2.17831 2.18741
2.35564 0.00534 2.34496 2.35861
8.15599 1.30786 6.88096 10.39260
2.06041 0.01052 2.04671 2.07569
2.61004 0.29714 2.03567 2.90125
3.87329 0.15133 3.59248 3.98088
3.86405 0.01556 3.84192 3.88275
3.23156 0.05989 3.12350 3.28785
4.10704 0.66816 3.38170 5.19139
3.36064 0.05677 3.25221 3.40212
9.82094 0.44088 9.30503 10.46180
15.92378 1.85337 12.28160 17.21750
8.93483 0.32502 8.40076 9.28559
