# avg	std	min	max
3.98672 0.01539 3.96740 4.00803
1.99102 0.01184 1.96752 1.99814
0.00715 0.02407 -0.01793 0.04470
0.38374 0.01796 0.34963 0.39666
0.82695 0.67436 0.07064 2.03397
1.35265 0.45113 0.61894 1.91259
6.16166 0.48720 5.36947 6.88214
9.21191 2.72890 5.88979 12.69100
4.89718 0.16404 4.69046 5.09162
3.92266 0.04490 3.83588 3.95434
2.41131 0.01466 2.38570 2.42775
0.98091 0.01325 0.96093 0.99899
7.44424 1.62426 5.89841 10.41980
2.12547 0.01342 2.10941 2.15012
4.28743 0.38083 3.58798 4.69569
4.12692 0.00803 4.11915 4.14187
5.53092 1.08417 4.11421 7.14245
5.89040 0.71186 5.18597 7.26355
7.07615 2.10765 4.93169 10.96110
8.00021 0.13141 7.86169 8.20281
12.35254 0.82051 10.85060 13.16010
8.19220 0.65590 7.44477 9.05505
13.09852 3.92516 8.92548 20.52690
