# avg	std	min	max
4.22861 0.00059 4.22793 4.22962
2.48840 0.00025 2.48822 2.48886
-0.00024 0.00070 -0.00072 0.00112
1.88544 0.24056 1.50340 2.16391
1.50828 0.16403 1.18030 1.59453
6.30912 0.87877 4.64538 7.03521
8.14024 4.51112 5.83645 17.16230
23.94126 13.10138 13.11160 40.01340
7.91083 0.07066 7.83838 8.00283
3.08576 0.00075 3.08503 3.08687
1.56253 0.00048 1.56196 1.56310
1.60650 0.00436 1.60177 1.61217
10.53092 6.13455 6.98751 22.77110
3.89375 0.10218 3.80020 4.08177
7.20913 0.47689 6.62853 8.06555
4.63720 0.00548 4.62793 4.64206
8.75437 0.69134 7.64005 9.44492
10.08477 1.99069 6.84113 12.27120
18.17782 0.89852 16.44260 19.00710
11.65211 1.97294 8.02716 13.66080
16.28924 0.23049 16.00530 16.69810
33.57504 13.84325 18.91820 50.79620
14.24570 0.78706 13.35430 15.68980
