# avg	std	min	max
1.33922 0.03897 1.31403 1.41655
0.57435 0.00676 0.56536 0.58475
0.00182 0.00099 0.00039 0.00326
-0.04450 0.11534 -0.22345 0.10556
-0.43420 0.04992 -0.50078 -0.38262
-1.30015 0.08976 -1.39938 -1.14720
-0.88371 0.23494 -1.17416 -0.55995
0.36607 0.02847 0.33831 0.41774
0.42513 0.03798 0.37727 0.47396
1.25298 0.02214 1.22589 1.28318
0.58673 0.00121 0.58520 0.58810
0.78164 0.01477 0.75932 0.79475
-0.34618 0.38643 -0.92131 0.08369
0.80518 0.02474 0.77818 0.84682
0.33021 0.05751 0.24238 0.41702
1.26821 0.00848 1.26133 1.28434
0.89503 0.04213 0.85247 0.96822
-0.67085 0.11036 -0.82981 -0.56559
-0.41086 0.41447 -0.92851 0.13098
0.99318 0.11625 0.84201 1.18926
1.21796 0.03108 1.18860 1.27019
0.51446 0.42112 -0.15424 0.87210
0.60884 0.20453 0.32969 0.88426
