# avg	std	min	max
1.59621 0.00000 1.59621 1.59621
0.79991 0.00000 0.79991 0.79991
0.00000 0.00000 0.00000 0.00000
-0.10332 0.03819 -0.16425 -0.07031
-0.21223 0.03230 -0.23870 -0.15089
-0.05808 0.11165 -0.19576 0.14316
-0.33763 0.00515 -0.34460 -0.32990
-0.11988 0.01463 -0.13867 -0.10116
1.73486 0.01327 1.71877 1.75071
1.06442 0.00006 1.06435 1.06453
0.95103 0.00125 0.94982 0.95301
0.82338 0.00101 0.82137 0.82394
-0.14855 0.00322 -0.15295 -0.14331
1.38438 0.00452 1.38198 1.39342
0.38324 0.14827 0.25345 0.65911
1.94584 0.00681 1.93594 1.95517
0.24426 0.02279 0.22270 0.28461
0.52247 0.02093 0.49360 0.54799
0.54193 0.13136 0.38163 0.68238
0.87967 0.02857 0.85723 0.93042
0.98263 0.06333 0.88146 1.06005
0.00833 0.17823 -0.23372 0.29543
1.14284 0.05529 1.05304 1.20424
