# avg	std	min	max
4.92995 0.45989 4.27244 5.54708
4.14534 0.49716 3.55136 4.74908
3.06555 0.09575 2.98217 3.24776
1.40945 0.05748 1.32468 1.47373
2.54381 0.37138 2.06768 2.92002
1.66117 0.27721 1.31245 1.98295
0.52545 0.37400 0.24738 1.25789
-0.04430 0.02831 -0.08024 0.00000
6.14262 0.37963 5.78278 6.81058
4.33035 0.47280 3.55307 5.02584
3.69023 0.37585 3.21961 4.08383
3.70851 0.42543 3.24556 4.23046
0.61062 0.54307 -0.14578 1.33424
3.57450 0.12126 3.46821 3.80320
3.53965 0.07612 3.45863 3.66716
6.03208 0.44769 5.58416 6.69758
4.65801 0.45019 3.89657 5.08285
3.71181 0.40035 3.38158 4.32379
3.01138 0.38918 2.71289 3.74663
3.39174 0.19700 3.17021 3.76168
7.37541 0.37962 7.11068 8.12525
3.83794 0.35786 3.26244 4.38985
6.06834 0.36460 5.69971 6.58447
