# avg	std	min	max
-0.52968 0.00000 -0.52968 -0.52968
-0.16796 0.00000 -0.16796 -0.16796
0.18330 0.00018 0.18308 0.18359
0.07080 0.01620 0.05117 0.09032
0.54342 0.01307 0.51729 0.55031
-0.46951 0.02178 -0.50349 -0.44515
-0.78448 0.10393 -0.87259 -0.65726
0.00510 0.00420 -0.00004 0.00858
2.29980 0.22868 2.11015 2.72613
-0.64838 0.06049 -0.70246 -0.57456
0.41200 0.06763 0.37812 0.54727
-0.42670 0.00009 -0.42677 -0.42655
-0.63707 0.00393 -0.64251 -0.63383
-1.14983 0.00024 -1.15012 -1.14941
-1.08945 0.01061 -1.09934 -1.07571
-0.82950 0.00010 -0.82961 -0.82937
-0.79119 0.00134 -0.79266 -0.78955
-0.45481 0.03931 -0.49808 -0.38694
-1.63515 0.01384 -1.65924 -1.61632
-0.38634 0.00075 -0.38736 -0.38509
-0.57300 0.00283 -0.57560 -0.56904
-0.98857 0.00376 -0.99493 -0.98445
0.55963 0.00132 0.55791 0.56089
