# avg	std	min	max
2.91367 0.02723 2.87262 2.94757
2.53729 0.02448 2.51282 2.57275
2.01293 0.22179 1.81935 2.40537
1.45112 0.23724 1.15148 1.67195
1.67586 0.29906 1.35462 2.06167
1.41058 0.09176 1.30816 1.52468
3.57944 0.01348 3.55809 3.59648
-0.02797 0.00521 -0.03297 -0.01855
5.19904 0.01561 5.18140 5.22283
2.55122 0.01177 2.53245 2.56902
1.43707 0.05284 1.36602 1.50741
2.30206 0.03399 2.24722 2.33979
4.87467 0.10421 4.78478 5.07919
3.62754 0.02350 3.60600 3.66029
2.86237 0.04204 2.81320 2.91867
4.12596 0.06691 4.00837 4.20068
3.49057 0.08023 3.42593 3.64610
2.24888 0.19053 1.87837 2.39329
3.02187 0.33209 2.67979 3.65217
2.59263 0.01905 2.56554 2.62265
6.26944 0.31801 5.98390 6.71361
10.80519 0.57436 9.97247 11.77760
6.16075 0.25544 5.65305 6.34003
