# avg	std	min	max
6.56636 0.13561 6.35599 6.70672
4.65909 0.04065 4.58161 4.69340
5.86235 0.03366 5.82968 5.90679
3.09318 0.43576 2.49878 3.81801
5.36585 0.28932 5.00519 5.74588
2.38498 0.02670 2.35524 2.42299
1.49226 0.06872 1.39266 1.58125
0.03186 0.05255 0.00000 0.13645
10.77140 0.06938 10.64780 10.84010
7.20136 0.07062 7.06063 7.24777
5.97239 0.02619 5.93215 6.00028
5.79099 0.00260 5.78642 5.79397
2.07805 0.12675 1.91627 2.30382
6.36865 0.00309 6.36312 6.37185
5.13997 0.04837 5.08780 5.22980
7.61198 0.08728 7.47197 7.72645
6.95709 0.09744 6.76736 7.03321
4.86486 0.07253 4.73963 4.94180
5.46631 0.18789 5.20023 5.64360
3.87002 0.02879 3.81779 3.90603
10.77538 0.14744 10.65650 11.05820
4.74831 0.83787 3.54180 5.73135
13.14582 0.93173 12.26140 14.49260
