# avg	std	min	max
4.42096 0.09565 4.23122 4.47751
4.34557 0.07013 4.20785 4.40248
4.55167 0.26996 4.14654 4.95696
2.00883 0.07703 1.90629 2.10592
6.07794 0.00522 6.07255 6.08685
2.04031 0.01105 2.02450 2.05358
2.98958 0.03862 2.94771 3.04668
0.06102 0.04672 0.00298 0.11950
6.11916 0.41105 5.45332 6.72675
4.04508 0.17592 3.81566 4.26129
3.80334 0.12015 3.65491 3.94774
3.61022 0.15530 3.32887 3.74756
8.41254 0.63900 7.79271 9.56233
3.63398 0.09931 3.43665 3.70209
3.89298 0.42022 3.53690 4.41422
5.30878 0.17363 5.10166 5.60245
4.76111 0.16655 4.44888 4.91845
3.78121 0.07097 3.68128 3.88315
4.36631 0.65979 3.21064 5.17436
3.36089 0.06102 3.26139 3.43879
7.11945 0.07726 6.97413 7.19566
18.95024 1.01939 17.15640 20.07680
10.40084 0.38666 9.85190 10.88350
