# avg	std	min	max
5.47580 0.09571 5.36971 5.58863
4.37332 0.02688 4.34674 4.40884
2.38741 0.07897 2.32525 2.53731
3.25312 0.06669 3.15261 3.36116
1.71475 0.02173 1.69003 1.74951
2.80089 0.25133 2.33584 3.03311
1.34743 0.04786 1.26329 1.40461
2.66072 0.16144 2.46469 2.87306
5.20823 0.04543 5.12675 5.25077
5.49518 0.08163 5.34055 5.57314
4.52400 0.03095 4.49444 4.57908
4.27566 0.02640 4.22921 4.29989
-0.01129 0.00000 -0.01129 -0.01129
4.25357 0.31751 4.06487 4.88759
5.33824 0.02518 5.29831 5.36833
5.95632 0.03690 5.92498 6.02554
6.10704 0.02349 6.06906 6.13665
3.91320 0.39867 3.37533 4.53328
5.13245 0.38904 4.78357 5.86354
4.60879 0.44434 3.78149 5.11291
9.33451 0.08256 9.20499 9.45893
9.81022 3.55789 6.52088 14.16340
7.96668 0.09000 7.81059 8.06488
