# avg	std	min	max
6.61349 0.02242 6.58945 6.65348
5.02041 0.02786 4.99159 5.05783
4.56117 0.05522 4.48114 4.62719
2.27477 0.04546 2.20976 2.34859
4.42200 0.01162 4.41311 4.44460
2.16705 0.00724 2.15999 2.18083
0.81640 0.01613 0.80113 0.84759
5.33215 1.07633 4.18823 6.66360
11.11378 0.04805 11.05310 11.19610
6.49553 0.01281 6.47424 6.51144
6.21564 0.02942 6.18748 6.25629
5.29468 0.02585 5.25883 5.33338
-0.01495 0.01535 -0.03429 0.00528
5.89633 0.03631 5.83656 5.93450
4.27274 0.04686 4.21046 4.32409
6.25863 0.23687 5.78582 6.39575
5.88258 0.01651 5.85878 5.90611
4.92119 0.04367 4.86922 4.97612
5.65822 0.48095 4.86321 6.25674
4.33404 0.20159 4.07865 4.54898
8.98835 0.05007 8.93393 9.07848
16.85976 2.74034 12.36430 20.23980
11.96834 0.39902 11.50630 12.50690
