# avg	std	min	max
3.37263 0.08688 3.22560 3.45086
3.41014 0.08444 3.25271 3.48951
5.09901 1.02326 3.05701 5.69117
0.22110 0.09712 0.04518 0.30534
2.67885 0.07488 2.55131 2.76588
0.35330 0.41167 -0.09514 1.11708
-0.68879 0.12087 -0.91416 -0.58217
2.40192 0.45068 1.98451 3.19831
5.78299 0.18766 5.46436 5.98540
3.61037 0.14120 3.46208 3.84898
4.35807 0.15787 4.19821 4.64871
2.87459 0.13355 2.67654 3.08997
-0.06864 0.15115 -0.35647 0.08378
3.39020 0.19814 3.14015 3.62801
3.00249 0.24068 2.62179 3.38179
3.90490 0.11284 3.77898 4.10726
3.60643 0.09063 3.44136 3.69153
2.90334 0.22001 2.46595 3.04260
2.10544 0.80808 0.99276 3.13666
2.12611 0.02023 2.10052 2.14546
6.37461 0.19987 6.08112 6.62066
0.06455 0.09703 -0.01721 0.24247
10.66246 1.36974 8.57992 12.57180
