# avg	std	min	max
4.39419 0.04712 4.33969 4.48161
2.46799 0.05327 2.40675 2.53004
2.56481 0.06135 2.47131 2.66420
0.16756 0.00266 0.16477 0.17136
2.44841 0.32198 1.84499 2.78070
-0.45701 0.23586 -0.75731 -0.19499
-0.62842 0.00496 -0.63262 -0.61989
0.37159 0.01258 0.35714 0.39413
7.03207 0.14618 6.79997 7.25871
3.26186 0.01397 3.23688 3.28018
2.54252 0.18590 2.41482 2.90629
2.23027 0.02364 2.19423 2.25721
0.02090 0.01303 0.00105 0.03471
3.04450 0.16556 2.88227 3.27728
2.09880 0.08934 2.03228 2.27393
3.94429 0.02018 3.91072 3.97235
3.19270 0.02335 3.16881 3.22962
1.66707 0.07046 1.54510 1.75227
1.98415 0.09000 1.91054 2.15002
1.74496 0.07515 1.63971 1.83412
4.35784 0.45111 3.92372 5.08896
1.64733 0.22434 1.42882 1.92436
8.93772 0.29960 8.43852 9.25424
