# avg	std	min	max
2.84768 0.01326 2.84105 2.87419
1.70575 0.01959 1.68578 1.74125
-0.52944 0.14192 -0.73125 -0.36889
1.39784 0.36994 0.66324 1.66562
-0.68817 0.09638 -0.79363 -0.56022
0.07761 0.07850 0.02229 0.22806
0.25113 0.02162 0.23015 0.29257
1.21197 0.01312 1.19362 1.22816
1.91126 0.09671 1.76102 2.04030
2.28199 0.01981 2.26591 2.31750
1.61953 0.50935 1.21908 2.57876
1.66404 0.01817 1.64224 1.68418
-0.01649 0.01332 -0.03614 -0.00016
2.50212 0.02093 2.48201 2.53969
2.17764 0.07551 2.08738 2.26667
3.95596 0.01469 3.94460 3.98430
3.08152 0.07557 2.97769 3.21210
1.38683 0.03213 1.33477 1.42869
1.23180 0.13136 1.13445 1.48995
2.06478 0.01184 2.05352 2.08646
4.65098 0.01806 4.62530 4.67688
-0.27654 0.05578 -0.33481 -0.18226
3.73512 0.25059 3.40495 4.04314
