# avg	std	min	max
3.88101 0.04177 3.82797 3.92501
1.65826 0.13822 1.52807 1.86176
0.83593 0.02535 0.80360 0.87438
-0.33778 0.14169 -0.53524 -0.17344
0.25383 0.44935 -0.34496 0.72462
-0.45130 0.13376 -0.60848 -0.22800
0.09518 0.07229 0.02791 0.22780
0.93206 0.59278 0.59758 2.11681
1.89055 0.04377 1.83298 1.95631
2.00352 0.09999 1.88339 2.16921
1.92270 0.10964 1.77168 2.04664
1.18652 0.08282 1.07386 1.26091
-0.05766 0.04025 -0.12296 -0.02126
2.10269 0.25703 1.87613 2.59209
2.15087 0.10857 1.98955 2.26033
2.56617 0.04573 2.49172 2.60731
2.84916 0.14183 2.62706 3.02424
1.31319 0.39367 0.98423 2.08280
1.43011 0.08017 1.27818 1.49865
1.13672 0.07984 1.00467 1.23679
4.53549 0.13852 4.27186 4.65876
1.16657 0.19931 0.89992 1.46093
5.31144 1.19269 4.03657 6.81370
