# avg	std	min	max
5.67369 0.02756 5.62230 5.70287
3.97147 0.02643 3.94169 4.01864
5.91028 0.34992 5.37341 6.21885
1.44108 0.07642 1.33933 1.52825
5.59807 0.10176 5.47349 5.71514
1.24430 0.02075 1.21991 1.27837
0.25032 0.03750 0.19452 0.29450
8.05651 0.13366 7.92880 8.30055
5.40899 0.08225 5.31469 5.52875
5.05264 0.46699 4.62846 5.63391
4.81974 0.03694 4.76744 4.85372
4.30255 0.02796 4.25704 4.33731
-0.02211 0.01414 -0.04911 -0.00996
4.25069 0.02393 4.21436 4.28270
3.49565 0.07382 3.39685 3.60813
6.25246 0.04768 6.16483 6.30923
5.41813 0.12656 5.19206 5.56652
3.26470 0.08586 3.10876 3.37183
4.60429 0.13554 4.35036 4.73229
2.86681 0.03875 2.81427 2.93273
9.05994 0.32559 8.62763 9.54805
8.62473 0.50474 8.20474 9.59879
13.24866 0.45736 12.81840 14.10340
