# avg	std	min	max
1.22220 0.02688 1.17906 1.24865
0.58702 0.02260 0.56571 0.61611
0.88678 0.04212 0.84159 0.94653
0.11623 0.03390 0.07475 0.15456
1.05268 0.04033 1.01687 1.12979
-0.06427 0.05666 -0.14634 0.02918
-0.69780 0.03118 -0.73288 -0.65002
0.26201 0.04734 0.18723 0.32828
3.21609 0.06399 3.13736 3.29934
1.27395 0.02434 1.24503 1.31426
1.15741 0.01389 1.14153 1.18089
0.53701 0.01368 0.52288 0.55604
-0.03335 0.01456 -0.06161 -0.02163
0.47350 0.06142 0.39792 0.56971
0.48791 0.17218 0.32910 0.82212
1.48923 0.00853 1.48023 1.50373
1.25414 0.02752 1.20394 1.28726
0.12305 0.09299 -0.00529 0.22848
0.44660 0.04942 0.39380 0.50752
0.85070 0.12402 0.72906 1.03522
2.08856 0.09254 1.92530 2.17059
1.22250 0.01809 1.19938 1.24460
2.47784 0.14326 2.19557 2.58722
