# avg	std	min	max
2.18170 0.07102 2.08814 2.25856
1.68652 0.00609 1.67697 1.69149
1.47473 0.00932 1.46118 1.48541
0.78408 0.42896 0.39075 1.32036
0.58175 0.01770 0.54774 0.59921
-0.20865 0.24577 -0.48276 0.16120
-0.55164 0.00253 -0.55426 -0.54724
0.00046 0.01719 -0.02339 0.02084
4.65932 0.19869 4.26282 4.77314
2.35174 0.41822 1.53076 2.69878
1.37589 0.35580 0.92210 1.77684
1.50261 0.00836 1.48684 1.51168
-0.00300 0.00600 -0.01501 0.00000
1.21233 0.41715 0.43549 1.60325
2.04619 0.09978 1.85400 2.13262
2.24187 0.06965 2.15037 2.30109
2.41138 0.06848 2.32884 2.48980
1.51513 0.26177 1.11512 1.89882
1.56053 0.03856 1.49974 1.60908
1.96941 0.01546 1.94521 1.98725
3.40541 0.11349 3.27580 3.60717
3.90074 0.95344 2.03253 4.66433
4.29266 0.72889 3.58118 5.70205
