# avg	std	min	max
3.69308 0.14624 3.61538 3.98548
1.62931 0.01089 1.61674 1.64513
0.31576 0.00775 0.30489 0.32315
-0.09413 0.04824 -0.12660 0.00189
1.42536 0.17128 1.27965 1.75827
-0.05644 0.02396 -0.09020 -0.01799
-0.46341 0.01219 -0.47688 -0.44226
0.04745 0.00741 0.04287 0.06211
6.67064 0.02106 6.64872 6.70197
3.38768 0.01601 3.37259 3.41675
2.20186 0.00669 2.19514 2.21411
2.38488 0.00280 2.37990 2.38765
-0.01437 0.01492 -0.03618 0.00000
2.82655 0.06893 2.69043 2.88089
1.70258 0.18446 1.47554 2.03965
3.12956 0.01344 3.10839 3.14656
2.12307 0.24663 1.79697 2.39871
1.22853 0.04476 1.15108 1.28335
1.60063 0.03124 1.55742 1.64684
1.71176 0.09496 1.60532 1.87784
3.93858 0.52320 3.41410 4.71076
-1.66954 0.04021 -1.72800 -1.61397
7.25642 1.09091 6.45318 9.39975
