# avg	std	min	max
0.30895 0.00000 0.30895 0.30895
-0.01721 0.00005 -0.01724 -0.01712
0.25000 0.00878 0.23433 0.25945
-0.24926 0.07953 -0.34536 -0.12881
-0.29948 0.03348 -0.33599 -0.25380
-0.65331 0.05983 -0.74861 -0.56427
-0.38680 0.17782 -0.71838 -0.24471
-0.54919 0.06645 -0.61152 -0.45337
-1.80959 0.02163 -1.82425 -1.76681
0.33105 0.00000 0.33105 0.33105
0.36744 0.01425 0.35407 0.39403
0.27002 0.00068 0.26931 0.27105
-0.00433 0.00903 -0.01315 0.00695
0.21505 0.01025 0.20046 0.22742
-0.15151 0.00751 -0.15990 -0.13999
0.03595 0.01456 0.01259 0.05856
-0.41190 0.05414 -0.49525 -0.35951
-0.25543 0.04631 -0.34706 -0.22277
-0.39550 0.27976 -0.71277 -0.01419
0.13416 0.06889 0.06880 0.23716
0.22718 0.00827 0.21204 0.23501
-0.67699 0.06294 -0.76464 -0.60425
0.50243 0.04913 0.41124 0.54747
