# avg	std	min	max
-0.23760 0.00689 -0.24930 -0.23145
-0.04999 0.00901 -0.05999 -0.03580
1.16333 0.01169 1.15061 1.18173
1.07470 0.18629 0.72335 1.28254
1.93853 0.03068 1.91423 1.99895
0.49911 0.01999 0.47663 0.53109
0.29336 0.28120 -0.02137 0.81763
2.07290 0.31046 1.64700 2.44743
6.63735 0.01266 6.61615 6.64965
0.06970 0.01628 0.04623 0.09289
0.66608 0.01020 0.64819 0.67661
-0.28854 0.00487 -0.29625 -0.28155
0.00270 0.00540 0.00000 0.01350
-0.23401 0.00444 -0.24084 -0.22920
1.05452 0.18401 0.73621 1.23492
1.25538 0.05817 1.17272 1.31625
1.38381 0.12411 1.24982 1.60232
1.05383 0.18996 0.90378 1.42236
1.57692 0.25280 1.34187 1.88874
0.37184 0.18651 0.22527 0.72476
2.19197 0.15924 2.04526 2.45452
0.37729 0.11352 0.19535 0.52162
7.44151 0.50524 6.73714 8.29046
