# avg	std	min	max
6.19641 0.03634 6.13803 6.23609
4.56040 0.04773 4.48882 4.61591
2.93533 0.31807 2.67747 3.47832
0.65657 0.05679 0.58355 0.73043
2.29565 0.58943 1.72772 3.11703
0.87918 0.09976 0.70443 1.01163
0.00684 0.05111 -0.07056 0.05665
5.46567 2.12448 3.57939 9.54761
6.40851 0.06006 6.32022 6.48651
5.20409 0.05238 5.13921 5.28380
3.79808 0.06889 3.67453 3.87333
3.92427 0.04256 3.85278 3.98189
-0.07397 0.05850 -0.16706 -0.00797
4.51992 0.20903 4.35981 4.92426
3.70450 0.06947 3.61218 3.79014
6.31830 0.03009 6.28469 6.36388
5.58175 0.05141 5.54084 5.67860
2.10678 0.16709 1.88923 2.36476
5.06635 0.50308 4.21392 5.65099
2.46418 0.08163 2.30948 2.52712
9.43742 0.02855 9.40304 9.47903
18.11494 0.60137 17.25520 18.78360
9.85026 0.25179 9.48286 10.13980
