# avg	std	min	max
0.95316 0.00000 0.95316 0.95316
0.00000 0.00000 0.00000 0.00000
-0.40206 0.00000 -0.40206 -0.40206
-2.05448 0.00000 -2.05448 -2.05448
-2.52538 0.00000 -2.52538 -2.52538
-2.61131 0.00000 -2.61131 -2.61131
-1.10050 0.00000 -1.10050 -1.10050
2.02033 0.00000 2.02033 2.02033
4.75812 0.00000 4.75812 4.75812
-0.27550 0.00000 -0.27550 -0.27550
1.39121 0.00000 1.39121 1.39121
-1.18995 0.00000 -1.18995 -1.18995
-1.44161 0.00000 -1.44161 -1.44161
-0.01604 0.00000 -0.01604 -0.01604
0.13529 0.00000 0.13529 0.13529
1.19549 0.00000 1.19549 1.19549
0.36647 0.00000 0.36647 0.36647
-1.12152 0.00000 -1.12152 -1.12152
-0.68049 0.00000 -0.68049 -0.68049
0.34797 0.00000 0.34797 0.34797
2.70626 0.00000 2.70626 2.70626
-0.23209 0.00000 -0.23209 -0.23209
2.65300 0.00000 2.65300 2.65300
