# avg	std	min	max
0.37195 0.00000 0.37195 0.37195
0.00000 0.00000 0.00000 0.00000
-0.06573 0.00000 -0.06573 -0.06573
-0.38832 0.00000 -0.38832 -0.38832
-0.23222 0.00000 -0.23222 -0.23222
-0.40946 0.00000 -0.40946 -0.40946
-0.48446 0.00000 -0.48446 -0.48446
-0.49606 0.00000 -0.49606 -0.49606
5.19703 0.00000 5.19703 5.19703
0.11725 0.00000 0.11725 0.11725
-0.12727 0.00000 -0.12727 -0.12727
0.10096 0.00000 0.10096 0.10096
-0.26038 0.00000 -0.26038 -0.26038
-0.00810 0.00000 -0.00810 -0.00810
-0.06650 0.00000 -0.06650 -0.06650
-0.17878 0.00000 -0.17878 -0.17878
-0.07926 0.00000 -0.07926 -0.07926
-0.33162 0.00000 -0.33162 -0.33162
-0.18815 0.00000 -0.18815 -0.18815
0.23241 0.00000 0.23241 0.23241
0.26312 0.00000 0.26312 0.26312
-0.27230 0.00000 -0.27230 -0.27230
0.77290 0.00000 0.77290 0.77290
