# avg	std	min	max
1.54191 0.00000 1.54191 1.54191
0.00000 0.00000 0.00000 0.00000
0.59674 0.00000 0.59674 0.59674
0.47452 0.00000 0.47452 0.47452
0.06595 0.00000 0.06595 0.06595
-0.27072 0.00000 -0.27072 -0.27072
-0.41005 0.00000 -0.41005 -0.41005
-0.58213 0.00000 -0.58213 -0.58213
-0.93405 0.00000 -0.93405 -0.93405
0.35311 0.00000 0.35311 0.35311
0.64679 0.00000 0.64679 0.64679
-0.12869 0.00000 -0.12869 -0.12869
-0.37355 0.00000 -0.37355 -0.37355
-0.13956 0.00000 -0.13956 -0.13956
0.62289 0.00000 0.62289 0.62289
0.29861 0.00000 0.29861 0.29861
-0.01753 0.00000 -0.01753 -0.01753
-0.23341 0.00000 -0.23341 -0.23341
-0.69094 0.00000 -0.69094 -0.69094
1.21996 0.00000 1.21996 1.21996
1.17762 0.00000 1.17762 1.17762
-0.45476 0.00000 -0.45476 -0.45476
1.85175 0.00000 1.85175 1.85175
