# avg	std	min	max
1.60205 0.00000 1.60205 1.60205
0.00000 0.00000 0.00000 0.00000
-1.38893 0.00000 -1.38893 -1.38893
1.35728 0.00000 1.35728 1.35728
2.60915 0.00000 2.60915 2.60915
-0.33723 0.00000 -0.33723 -0.33723
10.14830 0.00000 10.14830 10.14830
12.29778 0.00000 12.29778 12.29778
4.11190 0.00000 4.11190 4.11190
0.70702 0.00000 0.70702 0.70702
0.84635 0.00000 0.84635 0.84635
1.62383 0.00000 1.62383 1.62383
6.97517 0.00000 6.97517 6.97517
4.81538 0.00000 4.81538 4.81538
3.38788 0.00000 3.38788 3.38788
5.24863 0.00000 5.24863 5.24863
3.77145 0.00000 3.77145 3.77145
3.23526 0.00000 3.23526 3.23526
2.10602 0.00000 2.10602 2.10602
11.80896 0.00000 11.80896 11.80896
8.16037 0.00000 8.16037 8.16037
11.95464 0.00000 11.95464 11.95464
6.83407 0.00000 6.83407 6.83407
