# avg	std	min	max
-0.00518 0.00000 -0.00518 -0.00518
0.00000 0.00000 0.00000 0.00000
0.64740 0.00000 0.64740 0.64740
-0.11080 0.00000 -0.11080 -0.11080
0.07127 0.00000 0.07127 0.07127
-0.62775 0.00000 -0.62775 -0.62775
0.17111 0.00000 0.17111 0.17111
0.63293 0.00000 0.63293 0.63293
3.44844 0.00000 3.44844 3.44844
-0.46806 0.00000 -0.46806 -0.46806
0.24410 0.00000 0.24410 0.24410
-0.09849 0.00000 -0.09849 -0.09849
0.35500 0.00000 0.35500 0.35500
0.09199 0.00000 0.09199 0.09199
-0.76574 0.00000 -0.76574 -0.76574
-0.09085 0.00000 -0.09085 -0.09085
-0.98676 0.00000 -0.98676 -0.98676
0.11114 0.00000 0.11114 0.11114
0.15112 0.00000 0.15112 0.15112
0.25510 0.00000 0.25510 0.25510
0.51087 0.00000 0.51087 0.51087
-0.02625 0.00000 -0.02625 -0.02625
1.11734 0.00000 1.11734 1.11734
