# avg	std	min	max
1.87681 0.00000 1.87681 1.87681
0.00000 0.00000 0.00000 0.00000
-0.55548 0.00000 -0.55548 -0.55548
2.81969 0.00000 2.81969 2.81969
-0.07387 0.00000 -0.07387 -0.07387
0.89011 0.00000 0.89011 0.89011
0.48316 0.00000 0.48316 0.48316
4.15324 0.00000 4.15324 4.15324
0.38727 0.00000 0.38727 0.38727
0.35760 0.00000 0.35760 0.35760
-1.07609 0.00000 -1.07609 -1.07609
-0.12752 0.00000 -0.12752 -0.12752
0.65207 0.00000 0.65207 0.65207
1.08551 0.00000 1.08551 1.08551
2.18964 0.00000 2.18964 2.18964
2.49460 0.00000 2.49460 2.49460
3.22756 0.00000 3.22756 3.22756
0.63524 0.00000 0.63524 0.63524
1.56039 0.00000 1.56039 1.56039
0.73363 0.00000 0.73363 0.73363
6.27941 0.00000 6.27941 6.27941
1.96710 0.00000 1.96710 1.96710
7.38237 0.00000 7.38237 7.38237
