# avg	std	min	max
0.77793 0.00000 0.77793 0.77793
0.00000 0.00000 0.00000 0.00000
0.28670 0.00000 0.28670 0.28670
-0.45985 0.00000 -0.45985 -0.45985
-0.09138 0.00000 -0.09138 -0.09138
-0.91433 0.00000 -0.91433 -0.91433
-0.29186 0.00000 -0.29186 -0.29186
-0.70578 0.00000 -0.70578 -0.70578
-1.40286 0.00000 -1.40286 -1.40286
0.43328 0.00000 0.43328 0.43328
0.36388 0.00000 0.36388 0.36388
0.18609 0.00000 0.18609 0.18609
-0.34079 0.00000 -0.34079 -0.34079
0.37745 0.00000 0.37745 0.37745
-0.09050 0.00000 -0.09050 -0.09050
0.31883 0.00000 0.31883 0.31883
-0.11760 0.00000 -0.11760 -0.11760
-0.59640 0.00000 -0.59640 -0.59640
-0.27433 0.00000 -0.27433 -0.27433
0.01208 0.00000 0.01208 0.01208
0.26362 0.00000 0.26362 0.26362
-0.37251 0.00000 -0.37251 -0.37251
0.44722 0.00000 0.44722 0.44722
