# avg	std	min	max
1.24102 0.00000 1.24102 1.24102
0.00000 0.00000 0.00000 0.00000
-0.23599 0.00000 -0.23599 -0.23599
-1.36017 0.00000 -1.36017 -1.36017
-1.21578 0.00000 -1.21578 -1.21578
-2.35827 0.00000 -2.35827 -2.35827
-1.03010 0.00000 -1.03010 -1.03010
0.66092 0.00000 0.66092 0.66092
6.91563 0.00000 6.91563 6.91563
0.65966 0.00000 0.65966 0.65966
-0.21876 0.00000 -0.21876 -0.21876
0.08421 0.00000 0.08421 0.08421
-0.04014 0.00000 -0.04014 -0.04014
1.24236 0.00000 1.24236 1.24236
-0.68711 0.00000 -0.68711 -0.68711
3.30908 0.00000 3.30908 3.30908
0.69046 0.00000 0.69046 0.69046
-0.94398 0.00000 -0.94398 -0.94398
-0.79357 0.00000 -0.79357 -0.79357
3.34134 0.00000 3.34134 3.34134
1.88733 0.00000 1.88733 1.88733
3.93965 0.00000 3.93965 3.93965
2.30917 0.00000 2.30917 2.30917
