# avg	std	min	max
2.06222 0.00000 2.06222 2.06222
-0.00000 0.00000 -0.00000 -0.00000
1.41558 0.00000 1.41558 1.41558
1.77323 0.00000 1.77323 1.77323
2.45517 0.00000 2.45517 2.45517
0.87878 0.00000 0.87878 0.87878
13.35880 0.00000 13.35880 13.35880
19.85509 0.00000 19.85509 19.85509
1.16266 0.00000 1.16266 1.16266
0.49658 0.00000 0.49658 0.49658
2.31959 0.00000 2.31959 2.31959
1.56016 0.00000 1.56016 1.56016
15.55104 0.00000 15.55104 15.55104
3.16196 0.00000 3.16196 3.16196
4.84277 0.00000 4.84277 4.84277
2.26814 0.00000 2.26814 2.26814
3.85404 0.00000 3.85404 3.85404
7.26916 0.00000 7.26916 7.26916
7.76458 0.00000 7.76458 7.76458
17.88646 0.00000 17.88646 17.88646
5.34935 0.00000 5.34935 5.34935
19.60110 0.00000 19.60110 19.60110
8.33913 0.00000 8.33913 8.33913
