# avg	std	min	max
2.05471 0.00000 2.05471 2.05471
0.00000 0.00000 0.00000 0.00000
-1.25247 0.00000 -1.25247 -1.25247
-0.34242 0.00000 -0.34242 -0.34242
-0.90788 0.00000 -0.90788 -0.90788
-0.92553 0.00000 -0.92553 -0.92553
7.85932 0.00000 7.85932 7.85932
19.98040 0.00000 19.98040 19.98040
3.19728 0.00000 3.19728 3.19728
1.99130 0.00000 1.99130 1.99130
2.12555 0.00000 2.12555 2.12555
0.41214 0.00000 0.41214 0.41214
17.44696 0.00000 17.44696 17.44696
1.94447 0.00000 1.94447 1.94447
3.03864 0.00000 3.03864 3.03864
4.17358 0.00000 4.17358 4.17358
5.07886 0.00000 5.07886 5.07886
3.06796 0.00000 3.06796 3.06796
9.55893 0.00000 9.55893 9.55893
7.82462 0.00000 7.82462 7.82462
11.49488 0.00000 11.49488 11.49488
26.03930 0.00000 26.03930 26.03930
11.35806 0.00000 11.35806 11.35806
