# avg	std	min	max
1.46003 0.00000 1.46003 1.46003
0.00000 0.00000 0.00000 0.00000
0.68075 0.00000 0.68075 0.68075
-1.04616 0.00000 -1.04616 -1.04616
1.95834 0.00000 1.95834 1.95834
-0.92527 0.00000 -0.92527 -0.92527
-1.45357 0.00000 -1.45357 -1.45357
-0.42127 0.00000 -0.42127 -0.42127
2.36056 0.00000 2.36056 2.36056
-0.04984 0.00000 -0.04984 -0.04984
1.83230 0.00000 1.83230 1.83230
0.20009 0.00000 0.20009 0.20009
-1.22685 0.00000 -1.22685 -1.22685
0.72191 0.00000 0.72191 0.72191
0.90370 0.00000 0.90370 0.90370
1.68624 0.00000 1.68624 1.68624
1.33917 0.00000 1.33917 1.33917
-0.56961 0.00000 -0.56961 -0.56961
0.14883 0.00000 0.14883 0.14883
0.54847 0.00000 0.54847 0.54847
3.17202 0.00000 3.17202 3.17202
-1.03313 0.00000 -1.03313 -1.03313
3.53175 0.00000 3.53175 3.53175
