# avg	std	min	max
1.90320 0.00000 1.90320 1.90320
0.00000 0.00000 0.00000 0.00000
3.11370 0.00000 3.11370 3.11370
5.32494 0.00000 5.32494 5.32494
4.21245 0.00000 4.21245 4.21245
3.47241 0.00000 3.47241 3.47241
16.19848 0.00000 16.19848 16.19848
16.80834 0.00000 16.80834 16.80834
6.78335 0.00000 6.78335 6.78335
1.94782 0.00000 1.94782 1.94782
4.09419 0.00000 4.09419 4.09419
2.94397 0.00000 2.94397 2.94397
18.91024 0.00000 18.91024 18.91024
6.63143 0.00000 6.63143 6.63143
6.76259 0.00000 6.76259 6.76259
7.96592 0.00000 7.96592 7.96592
8.66954 0.00000 8.66954 8.66954
8.38751 0.00000 8.38751 8.38751
12.59180 0.00000 12.59180 12.59180
17.14152 0.00000 17.14152 17.14152
14.75006 0.00000 14.75006 14.75006
29.35378 0.00000 29.35378 29.35378
17.67034 0.00000 17.67034 17.67034
