# avg	std	min	max
-1.28205 0.00000 -1.28205 -1.28205
0.00000 0.00000 0.00000 0.00000
-0.05357 0.00000 -0.05357 -0.05357
0.79442 0.00000 0.79442 0.79442
-0.94163 0.00000 -0.94163 -0.94163
-1.38325 0.00000 -1.38325 -1.38325
7.06058 0.00000 7.06058 7.06058
3.47363 0.00000 3.47363 3.47363
4.61840 0.00000 4.61840 4.61840
0.37912 0.00000 0.37912 0.37912
-0.23531 0.00000 -0.23531 -0.23531
-0.07430 0.00000 -0.07430 -0.07430
7.06155 0.00000 7.06155 7.06155
1.89307 0.00000 1.89307 1.89307
0.46517 0.00000 0.46517 0.46517
5.11384 0.00000 5.11384 5.11384
1.82430 0.00000 1.82430 1.82430
-0.35298 0.00000 -0.35298 -0.35298
-0.89973 0.00000 -0.89973 -0.89973
7.76865 0.00000 7.76865 7.76865
6.22958 0.00000 6.22958 6.22958
11.63065 0.00000 11.63065 11.63065
8.26846 0.00000 8.26846 8.26846
