# avg	std	min	max
0.13780 0.00000 0.13780 0.13780
0.00000 0.00000 0.00000 0.00000
0.07246 0.00000 0.07246 0.07246
0.06634 0.00000 0.06634 0.06634
0.22450 0.00000 0.22450 0.22450
-0.34059 0.00000 -0.34059 -0.34059
-0.42348 0.00000 -0.42348 -0.42348
-0.18105 0.00000 -0.18105 -0.18105
-1.07353 0.00000 -1.07353 -1.07353
0.11215 0.00000 0.11215 0.11215
0.11631 0.00000 0.11631 0.11631
0.18836 0.00000 0.18836 0.18836
-0.39961 0.00000 -0.39961 -0.39961
0.21529 0.00000 0.21529 0.21529
-0.30121 0.00000 -0.30121 -0.30121
-0.27103 0.00000 -0.27103 -0.27103
-0.82421 0.00000 -0.82421 -0.82421
-0.04564 0.00000 -0.04564 -0.04564
0.04120 0.00000 0.04120 0.04120
0.08119 0.00000 0.08119 0.08119
-0.02560 0.00000 -0.02560 -0.02560
-0.41153 0.00000 -0.41153 -0.41153
0.22171 0.00000 0.22171 0.22171
