# avg	std	min	max
0.69385 0.00000 0.69385 0.69385
0.00000 0.00000 0.00000 0.00000
0.52921 0.00000 0.52921 0.52921
-1.45834 0.00000 -1.45834 -1.45834
2.87688 0.00000 2.87688 2.87688
-1.49474 0.00000 -1.49474 -1.49474
-1.40588 0.00000 -1.40588 -1.40588
-1.01243 0.00000 -1.01243 -1.01243
1.27248 0.00000 1.27248 1.27248
-0.66530 0.00000 -0.66530 -0.66530
0.40814 0.00000 0.40814 0.40814
-0.05303 0.00000 -0.05303 -0.05303
-0.92200 0.00000 -0.92200 -0.92200
0.51957 0.00000 0.51957 0.51957
-1.55933 0.00000 -1.55933 -1.55933
-0.87613 0.00000 -0.87613 -0.87613
-2.16207 0.00000 -2.16207 -2.16207
-0.54041 0.00000 -0.54041 -0.54041
0.04081 0.00000 0.04081 0.04081
0.25309 0.00000 0.25309 0.25309
-1.76911 0.00000 -1.76911 -1.76911
-2.02483 0.00000 -2.02483 -2.02483
1.17400 0.00000 1.17400 1.17400
