# avg	std	min	max
1.46492 0.00000 1.46492 1.46492
0.00000 0.00000 0.00000 0.00000
-0.01067 0.00000 -0.01067 -0.01067
-1.00219 0.00000 -1.00219 -1.00219
0.07286 0.00000 0.07286 0.07286
-0.72218 0.00000 -0.72218 -0.72218
-0.49334 0.00000 -0.49334 -0.49334
0.19511 0.00000 0.19511 0.19511
6.84304 0.00000 6.84304 6.84304
0.44611 0.00000 0.44611 0.44611
0.23840 0.00000 0.23840 0.23840
0.19987 0.00000 0.19987 0.19987
-0.39809 0.00000 -0.39809 -0.39809
0.10241 0.00000 0.10241 0.10241
-0.09925 0.00000 -0.09925 -0.09925
0.29606 0.00000 0.29606 0.29606
-0.09610 0.00000 -0.09610 -0.09610
-0.42273 0.00000 -0.42273 -0.42273
-0.17497 0.00000 -0.17497 -0.17497
0.33580 0.00000 0.33580 0.33580
0.01786 0.00000 0.01786 0.01786
-1.07542 0.00000 -1.07542 -1.07542
3.52279 0.00000 3.52279 3.52279
