# avg	std	min	max
0.71171 0.00000 0.71171 0.71171
0.00000 0.00000 0.00000 0.00000
0.20335 0.00000 0.20335 0.20335
-0.27867 0.00000 -0.27867 -0.27867
-0.23667 0.00000 -0.23667 -0.23667
-0.02976 0.00000 -0.02976 -0.02976
-0.16755 0.00000 -0.16755 -0.16755
-0.18230 0.00000 -0.18230 -0.18230
2.35035 0.00000 2.35035 2.35035
0.21179 0.00000 0.21179 0.21179
-0.06076 0.00000 -0.06076 -0.06076
0.77443 0.00000 0.77443 0.77443
-0.03462 0.00000 -0.03462 -0.03462
0.20138 0.00000 0.20138 0.20138
-0.24083 0.00000 -0.24083 -0.24083
0.30754 0.00000 0.30754 0.30754
-0.04453 0.00000 -0.04453 -0.04453
-0.06054 0.00000 -0.06054 -0.06054
0.04608 0.00000 0.04608 0.04608
0.39105 0.00000 0.39105 0.39105
0.47721 0.00000 0.47721 0.47721
-0.59095 0.00000 -0.59095 -0.59095
0.11567 0.00000 0.11567 0.11567
