# avg	std	min	max
0.56719 0.00000 0.56719 0.56719
0.00000 0.00000 0.00000 0.00000
0.36202 0.00000 0.36202 0.36202
-0.12406 0.00000 -0.12406 -0.12406
0.02069 0.00000 0.02069 0.02069
-0.26291 0.00000 -0.26291 -0.26291
-0.22667 0.00000 -0.22667 -0.22667
-0.15707 0.00000 -0.15707 -0.15707
2.89439 0.00000 2.89439 2.89439
0.28796 0.00000 0.28796 0.28796
0.41502 0.00000 0.41502 0.41502
0.45285 0.00000 0.45285 0.45285
-0.15211 0.00000 -0.15211 -0.15211
-0.06266 0.00000 -0.06266 -0.06266
-0.20805 0.00000 -0.20805 -0.20805
0.59967 0.00000 0.59967 0.59967
0.20336 0.00000 0.20336 0.20336
-0.12302 0.00000 -0.12302 -0.12302
-0.28970 0.00000 -0.28970 -0.28970
-0.34623 0.00000 -0.34623 -0.34623
0.73328 0.00000 0.73328 0.73328
-0.04586 0.00000 -0.04586 -0.04586
0.86171 0.00000 0.86171 0.86171
