# avg	std	min	max
0.84012 0.00000 0.84012 0.84012
0.00000 0.00000 0.00000 0.00000
0.06974 0.00000 0.06974 0.06974
-0.15505 0.00000 -0.15505 -0.15505
-0.46454 0.00000 -0.46454 -0.46454
-1.32582 0.00000 -1.32582 -1.32582
0.40946 0.00000 0.40946 0.40946
0.31198 0.00000 0.31198 0.31198
-0.71573 0.00000 -0.71573 -0.71573
0.60404 0.00000 0.60404 0.60404
1.04807 0.00000 1.04807 1.04807
0.24808 0.00000 0.24808 0.24808
0.22095 0.00000 0.22095 0.22095
0.49344 0.00000 0.49344 0.49344
-0.22638 0.00000 -0.22638 -0.22638
0.45055 0.00000 0.45055 0.45055
-0.13160 0.00000 -0.13160 -0.13160
-0.70062 0.00000 -0.70062 -0.70062
-0.27928 0.00000 -0.27928 -0.27928
0.86002 0.00000 0.86002 0.86002
1.12087 0.00000 1.12087 1.12087
-0.19185 0.00000 -0.19185 -0.19185
1.75631 0.00000 1.75631 1.75631
