# avg	std	min	max
1.96966 0.00000 1.96966 1.96966
0.52538 0.00000 0.52538 0.52538
-0.94102 0.00000 -0.94102 -0.94102
-1.19360 0.00000 -1.19360 -1.19360
-1.32434 0.00000 -1.32434 -1.32434
0.70628 0.00000 0.70628 0.70628
6.55585 0.00000 6.55585 6.55585
9.09385 0.00000 9.09385 9.09385
5.15617 0.00000 5.15617 5.15617
1.22450 0.00000 1.22450 1.22450
1.51322 0.00000 1.51322 1.51322
-0.00048 0.00000 -0.00048 -0.00048
10.37324 0.00000 10.37324 10.37324
0.45763 0.00000 0.45763 0.45763
3.98001 0.00000 3.98001 3.98001
1.90745 0.00000 1.90745 1.90745
5.18019 0.00000 5.18019 5.18019
6.26980 0.00000 6.26980 6.26980
7.17171 0.00000 7.17171 7.17171
4.35109 0.00000 4.35109 4.35109
8.91688 0.00000 8.91688 8.91688
14.67862 0.00000 14.67862 14.67862
12.79552 0.00000 12.79552 12.79552
