# avg	std	min	max
1.49057 0.00000 1.49057 1.49057
-0.12252 0.00000 -0.12252 -0.12252
1.33709 0.00000 1.33709 1.33709
-2.44143 0.00000 -2.44143 -2.44143
0.78940 0.00000 0.78940 0.78940
1.71976 0.00000 1.71976 1.71976
10.05684 0.00000 10.05684 10.05684
24.15448 0.00000 24.15448 24.15448
2.50644 0.00000 2.50644 2.50644
0.23722 0.00000 0.23722 0.23722
-0.87767 0.00000 -0.87767 -0.87767
-0.07168 0.00000 -0.07168 -0.07168
13.94043 0.00000 13.94043 13.94043
0.07481 0.00000 0.07481 0.07481
2.18936 0.00000 2.18936 2.18936
2.95395 0.00000 2.95395 2.95395
4.73316 0.00000 4.73316 4.73316
3.72505 0.00000 3.72505 3.72505
5.95507 0.00000 5.95507 5.95507
6.24555 0.00000 6.24555 6.24555
12.19674 0.00000 12.19674 12.19674
21.77364 0.00000 21.77364 21.77364
11.81756 0.00000 11.81756 11.81756
