# avg	std	min	max
1.89232 0.00000 1.89232 1.89232
1.08801 0.00000 1.08801 1.08801
-0.56728 0.00000 -0.56728 -0.56728
-2.94258 0.00000 -2.94258 -2.94258
-1.76481 0.00000 -1.76481 -1.76481
-2.64445 0.00000 -2.64445 -2.64445
1.63589 0.00000 1.63589 1.63589
13.75776 0.00000 13.75776 13.75776
1.34963 0.00000 1.34963 1.34963
1.20599 0.00000 1.20599 1.20599
-0.81109 0.00000 -0.81109 -0.81109
-0.00558 0.00000 -0.00558 -0.00558
10.77672 0.00000 10.77672 10.77672
-0.23924 0.00000 -0.23924 -0.23924
0.50086 0.00000 0.50086 0.50086
1.92224 0.00000 1.92224 1.92224
1.49369 0.00000 1.49369 1.49369
0.64148 0.00000 0.64148 0.64148
5.11004 0.00000 5.11004 5.11004
0.56263 0.00000 0.56263 0.56263
6.73409 0.00000 6.73409 6.73409
31.18924 0.00000 31.18924 31.18924
6.92542 0.00000 6.92542 6.92542
