# avg	std	min	max
0.96990 0.00000 0.96990 0.96990
0.91481 0.00000 0.91481 0.91481
1.71035 0.00000 1.71035 1.71035
-0.97743 0.00000 -0.97743 -0.97743
2.17525 0.00000 2.17525 2.17525
-0.73208 0.00000 -0.73208 -0.73208
1.31172 0.00000 1.31172 1.31172
2.19365 0.00000 2.19365 2.19365
4.22776 0.00000 4.22776 4.22776
0.64785 0.00000 0.64785 0.64785
1.53164 0.00000 1.53164 1.53164
0.00013 0.00000 0.00013 0.00013
1.67201 0.00000 1.67201 1.67201
0.34725 0.00000 0.34725 0.34725
0.05282 0.00000 0.05282 0.05282
0.07020 0.00000 0.07020 0.07020
1.18638 0.00000 1.18638 1.18638
-0.45257 0.00000 -0.45257 -0.45257
0.15790 0.00000 0.15790 0.15790
1.87856 0.00000 1.87856 1.87856
1.30438 0.00000 1.30438 1.30438
1.02273 0.00000 1.02273 1.02273
2.50586 0.00000 2.50586 2.50586
