# avg	std	min	max
1.35787 0.00000 1.35787 1.35787
-0.34363 0.00000 -0.34363 -0.34363
-0.05078 0.00000 -0.05078 -0.05078
-3.58981 0.00000 -3.58981 -3.58981
1.60938 0.00000 1.60938 1.60938
-2.42895 0.00000 -2.42895 -2.42895
-2.08673 0.00000 -2.08673 -2.08673
1.41725 0.00000 1.41725 1.41725
5.37129 0.00000 5.37129 5.37129
0.62585 0.00000 0.62585 0.62585
-0.65443 0.00000 -0.65443 -0.65443
0.00442 0.00000 0.00442 0.00442
-0.71858 0.00000 -0.71858 -0.71858
0.87491 0.00000 0.87491 0.87491
0.28581 0.00000 0.28581 0.28581
2.84406 0.00000 2.84406 2.84406
1.73102 0.00000 1.73102 1.73102
1.61336 0.00000 1.61336 1.61336
4.03522 0.00000 4.03522 4.03522
-0.58052 0.00000 -0.58052 -0.58052
5.91142 0.00000 5.91142 5.91142
12.13075 0.00000 12.13075 12.13075
10.63568 0.00000 10.63568 10.63568
