# avg	std	min	max
0.60470 0.00000 0.60470 0.60470
-0.36555 0.00000 -0.36555 -0.36555
1.71665 0.00000 1.71665 1.71665
0.51025 0.00000 0.51025 0.51025
2.64407 0.00000 2.64407 2.64407
0.32984 0.00000 0.32984 0.32984
5.97642 0.00000 5.97642 5.97642
10.72245 0.00000 10.72245 10.72245
0.99514 0.00000 0.99514 0.99514
0.61875 0.00000 0.61875 0.61875
0.54350 0.00000 0.54350 0.54350
-0.01243 0.00000 -0.01243 -0.01243
6.10882 0.00000 6.10882 6.10882
1.49519 0.00000 1.49519 1.49519
4.90068 0.00000 4.90068 4.90068
3.73344 0.00000 3.73344 3.73344
4.76592 0.00000 4.76592 4.76592
5.72297 0.00000 5.72297 5.72297
8.49177 0.00000 8.49177 8.49177
7.26740 0.00000 7.26740 7.26740
11.45838 0.00000 11.45838 11.45838
16.85572 0.00000 16.85572 16.85572
17.17982 0.00000 17.17982 17.17982
