# avg	std	min	max
1.89594 0.00000 1.89594 1.89594
0.01383 0.00000 0.01383 0.01383
0.29356 0.00000 0.29356 0.29356
0.81581 0.00000 0.81581 0.81581
1.10198 0.00000 1.10198 1.10198
0.68709 0.00000 0.68709 0.68709
4.72307 0.00000 4.72307 4.72307
10.96494 0.00000 10.96494 10.96494
-0.04341 0.00000 -0.04341 -0.04341
0.28576 0.00000 0.28576 0.28576
-0.26836 0.00000 -0.26836 -0.26836
-0.00036 0.00000 -0.00036 -0.00036
5.70498 0.00000 5.70498 5.70498
1.18554 0.00000 1.18554 1.18554
2.26566 0.00000 2.26566 2.26566
2.71119 0.00000 2.71119 2.71119
3.59044 0.00000 3.59044 3.59044
2.44722 0.00000 2.44722 2.44722
1.81768 0.00000 1.81768 1.81768
4.51480 0.00000 4.51480 4.51480
8.78472 0.00000 8.78472 8.78472
6.17643 0.00000 6.17643 6.17643
10.38058 0.00000 10.38058 10.38058
