# avg	std	min	max
0.06742 0.00000 0.06742 0.06742
-0.41875 0.00000 -0.41875 -0.41875
-0.87614 0.00000 -0.87614 -0.87614
-1.39322 0.00000 -1.39322 -1.39322
-1.21756 0.00000 -1.21756 -1.21756
-1.85202 0.00000 -1.85202 -1.85202
-1.41226 0.00000 -1.41226 -1.41226
-0.14113 0.00000 -0.14113 -0.14113
0.02089 0.00000 0.02089 0.02089
-0.79555 0.00000 -0.79555 -0.79555
-0.07890 0.00000 -0.07890 -0.07890
-0.54230 0.00000 -0.54230 -0.54230
-1.04643 0.00000 -1.04643 -1.04643
-1.07940 0.00000 -1.07940 -1.07940
-0.48268 0.00000 -0.48268 -0.48268
-0.00624 0.00000 -0.00624 -0.00624
-0.36240 0.00000 -0.36240 -0.36240
-0.84922 0.00000 -0.84922 -0.84922
-0.95396 0.00000 -0.95396 -0.95396
0.18170 0.00000 0.18170 0.18170
0.55557 0.00000 0.55557 0.55557
-0.51078 0.00000 -0.51078 -0.51078
1.02934 0.00000 1.02934 1.02934
