# avg	std	min	max
1.43452 0.00000 1.43452 1.43452
0.92869 0.00000 0.92869 0.92869
1.97017 0.00000 1.97017 1.97017
0.60429 0.00000 0.60429 0.60429
1.19735 0.00000 1.19735 1.19735
0.09034 0.00000 0.09034 0.09034
0.53794 0.00000 0.53794 0.53794
0.20302 0.00000 0.20302 0.20302
-0.59982 0.00000 -0.59982 -0.59982
0.78408 0.00000 0.78408 0.78408
1.35843 0.00000 1.35843 1.35843
1.57636 0.00000 1.57636 1.57636
0.41377 0.00000 0.41377 0.41377
0.28449 0.00000 0.28449 0.28449
0.89800 0.00000 0.89800 0.89800
-0.20431 0.00000 -0.20431 -0.20431
0.50258 0.00000 0.50258 0.50258
0.53759 0.00000 0.53759 0.53759
0.86859 0.00000 0.86859 0.86859
1.27084 0.00000 1.27084 1.27084
1.65728 0.00000 1.65728 1.65728
0.36983 0.00000 0.36983 0.36983
1.95277 0.00000 1.95277 1.95277
