# avg	std	min	max
0.72627 0.00000 0.72627 0.72627
-0.00934 0.00000 -0.00934 -0.00934
0.18334 0.00000 0.18334 0.18334
-0.74810 0.00000 -0.74810 -0.74810
-0.30428 0.00000 -0.30428 -0.30428
-0.78450 0.00000 -0.78450 -0.78450
-0.20601 0.00000 -0.20601 -0.20601
-0.21108 0.00000 -0.21108 -0.21108
-0.79240 0.00000 -0.79240 -0.79240
0.53378 0.00000 0.53378 0.53378
0.73593 0.00000 0.73593 0.73593
0.35463 0.00000 0.35463 0.35463
-0.08113 0.00000 -0.08113 -0.08113
0.17049 0.00000 0.17049 0.17049
-0.58990 0.00000 -0.58990 -0.58990
0.03556 0.00000 0.03556 0.03556
-0.83678 0.00000 -0.83678 -0.83678
-1.62028 0.00000 -1.62028 -1.62028
-1.89273 0.00000 -1.89273 -1.89273
-0.25845 0.00000 -0.25845 -0.25845
0.42551 0.00000 0.42551 0.42551
0.17555 0.00000 0.17555 0.17555
0.76007 0.00000 0.76007 0.76007
