# avg	std	min	max
-0.85246 0.00000 -0.85246 -0.85246
-0.22468 0.00000 -0.22468 -0.22468
-0.57084 0.00000 -0.57084 -0.57084
-1.18092 0.00000 -1.18092 -1.18092
-0.85228 0.00000 -0.85228 -0.85228
-1.51521 0.00000 -1.51521 -1.51521
-0.19513 0.00000 -0.19513 -0.19513
0.33431 0.00000 0.33431 0.33431
0.51248 0.00000 0.51248 0.51248
-0.40811 0.00000 -0.40811 -0.40811
0.05373 0.00000 0.05373 0.05373
-0.29343 0.00000 -0.29343 -0.29343
-0.20402 0.00000 -0.20402 -0.20402
-0.41438 0.00000 -0.41438 -0.41438
-0.83324 0.00000 -0.83324 -0.83324
-0.00363 0.00000 -0.00363 -0.00363
-0.13869 0.00000 -0.13869 -0.13869
-1.05864 0.00000 -1.05864 -1.05864
-0.96363 0.00000 -0.96363 -0.96363
-0.07445 0.00000 -0.07445 -0.07445
0.02061 0.00000 0.02061 0.02061
-0.02908 0.00000 -0.02908 -0.02908
0.24510 0.00000 0.24510 0.24510
