# avg	std	min	max
-1.07854 0.00000 -1.07854 -1.07854
-0.39698 0.00000 -0.39698 -0.39698
1.65067 0.00000 1.65067 1.65067
1.02917 0.00000 1.02917 1.02917
1.65520 0.00000 1.65520 1.65520
0.33679 0.00000 0.33679 0.33679
0.67810 0.00000 0.67810 0.67810
1.11380 0.00000 1.11380 1.11380
2.86789 0.00000 2.86789 2.86789
-0.10097 0.00000 -0.10097 -0.10097
2.50696 0.00000 2.50696 2.50696
0.30324 0.00000 0.30324 0.30324
1.01901 0.00000 1.01901 1.01901
-0.20500 0.00000 -0.20500 -0.20500
0.64719 0.00000 0.64719 0.64719
-0.00000 0.00000 -0.00000 -0.00000
1.22619 0.00000 1.22619 1.22619
-0.78660 0.00000 -0.78660 -0.78660
-0.59858 0.00000 -0.59858 -0.59858
1.27048 0.00000 1.27048 1.27048
2.04016 0.00000 2.04016 2.04016
-0.26909 0.00000 -0.26909 -0.26909
5.66781 0.00000 5.66781 5.66781
