# avg	std	min	max
1.49969 0.00000 1.49969 1.49969
0.93153 0.00000 0.93153 0.93153
1.30857 0.00000 1.30857 1.30857
0.66768 0.00000 0.66768 0.66768
0.97395 0.00000 0.97395 0.97395
0.83596 0.00000 0.83596 0.83596
0.56107 0.00000 0.56107 0.56107
1.34568 0.00000 1.34568 1.34568
0.00502 0.00000 0.00502 0.00502
1.57267 0.00000 1.57267 1.57267
1.50980 0.00000 1.50980 1.50980
0.95888 0.00000 0.95888 0.95888
0.68827 0.00000 0.68827 0.68827
1.28541 0.00000 1.28541 1.28541
0.64322 0.00000 0.64322 0.64322
-0.01603 0.00000 -0.01603 -0.01603
0.20868 0.00000 0.20868 0.20868
0.88132 0.00000 0.88132 0.88132
1.37484 0.00000 1.37484 1.37484
1.36459 0.00000 1.36459 1.36459
0.69085 0.00000 0.69085 0.69085
0.28242 0.00000 0.28242 0.28242
0.87957 0.00000 0.87957 0.87957
