# avg	std	min	max
3.86767 0.00000 3.86767 3.86767
2.82703 0.00000 2.82703 2.82703
1.15582 0.00000 1.15582 1.15582
0.57075 0.00000 0.57075 0.57075
0.38449 0.00000 0.38449 0.38449
0.89826 0.00000 0.89826 0.89826
1.52891 0.00000 1.52891 1.52891
3.46027 0.00000 3.46027 3.46027
6.89312 0.00000 6.89312 6.89312
2.89906 0.00000 2.89906 2.89906
2.98796 0.00000 2.98796 2.98796
2.73487 0.00000 2.73487 2.73487
3.20325 0.00000 3.20325 3.20325
0.59769 0.00000 0.59769 0.59769
2.71527 0.00000 2.71527 2.71527
-0.10233 0.00000 -0.10233 -0.10233
1.95727 0.00000 1.95727 1.95727
2.04449 0.00000 2.04449 2.04449
1.76177 0.00000 1.76177 1.76177
3.98450 0.00000 3.98450 3.98450
4.89310 0.00000 4.89310 4.89310
6.66925 0.00000 6.66925 6.66925
6.41135 0.00000 6.41135 6.41135
