# avg	std	min	max
0.73618 0.00000 0.73618 0.73618
0.83259 0.00000 0.83259 0.83259
1.36285 0.00000 1.36285 1.36285
0.56159 0.00000 0.56159 0.56159
0.97646 0.00000 0.97646 0.97646
0.22897 0.00000 0.22897 0.22897
0.45794 0.00000 0.45794 0.45794
-0.06092 0.00000 -0.06092 -0.06092
-0.02771 0.00000 -0.02771 -0.02771
0.55242 0.00000 0.55242 0.55242
1.29258 0.00000 1.29258 1.29258
1.03528 0.00000 1.03528 1.03528
0.23039 0.00000 0.23039 0.23039
0.62638 0.00000 0.62638 0.62638
0.79300 0.00000 0.79300 0.79300
-0.00041 0.00000 -0.00041 -0.00041
0.47831 0.00000 0.47831 0.47831
1.24830 0.00000 1.24830 1.24830
1.34273 0.00000 1.34273 1.34273
1.35391 0.00000 1.35391 1.35391
0.46073 0.00000 0.46073 0.46073
0.95799 0.00000 0.95799 0.95799
2.09350 0.00000 2.09350 2.09350
