# avg	std	min	max
0.03251 0.00000 0.03251 0.03251
-0.33383 0.00000 -0.33383 -0.33383
0.15641 0.00000 0.15641 0.15641
-0.12020 0.00000 -0.12020 -0.12020
-0.09382 0.00000 -0.09382 -0.09382
-0.12599 0.00000 -0.12599 -0.12599
0.04098 0.00000 0.04098 0.04098
0.06863 0.00000 0.06863 0.06863
-0.32876 0.00000 -0.32876 -0.32876
0.04143 0.00000 0.04143 0.04143
0.07703 0.00000 0.07703 0.07703
0.15531 0.00000 0.15531 0.15531
0.03500 0.00000 0.03500 0.03500
0.10989 0.00000 0.10989 0.10989
-0.10934 0.00000 -0.10934 -0.10934
-0.00076 0.00000 -0.00076 -0.00076
-0.16278 0.00000 -0.16278 -0.16278
-0.12774 0.00000 -0.12774 -0.12774
-0.08777 0.00000 -0.08777 -0.08777
0.21136 0.00000 0.21136 0.21136
0.12295 0.00000 0.12295 0.12295
-0.15926 0.00000 -0.15926 -0.15926
0.27687 0.00000 0.27687 0.27687
