# avg	std	min	max
-0.11406 0.00000 -0.11406 -0.11406
-0.66378 0.00000 -0.66378 -0.66378
-0.66608 0.00000 -0.66608 -0.66608
-1.62786 0.00000 -1.62786 -1.62786
-0.41767 0.00000 -0.41767 -0.41767
-1.22483 0.00000 -1.22483 -1.22483
-1.57049 0.00000 -1.57049 -1.57049
-0.44456 0.00000 -0.44456 -0.44456
-2.44343 0.00000 -2.44343 -2.44343
-0.46171 0.00000 -0.46171 -0.46171
0.25529 0.00000 0.25529 0.25529
-0.36960 0.00000 -0.36960 -0.36960
-1.26475 0.00000 -1.26475 -1.26475
-1.11605 0.00000 -1.11605 -1.11605
-0.61957 0.00000 -0.61957 -0.61957
-0.00686 0.00000 -0.00686 -0.00686
-1.27821 0.00000 -1.27821 -1.27821
-0.97971 0.00000 -0.97971 -0.97971
-0.94430 0.00000 -0.94430 -0.94430
-0.18279 0.00000 -0.18279 -0.18279
-1.71881 0.00000 -1.71881 -1.71881
-1.49652 0.00000 -1.49652 -1.49652
0.43926 0.00000 0.43926 0.43926
