# avg	std	min	max
0.56002 0.00000 0.56002 0.56002
0.71575 0.00000 0.71575 0.71575
0.48831 0.00000 0.48831 0.48831
-0.15992 0.00000 -0.15992 -0.15992
0.69153 0.00000 0.69153 0.69153
-0.47360 0.00000 -0.47360 -0.47360
-0.03842 0.00000 -0.03842 -0.03842
-0.12868 0.00000 -0.12868 -0.12868
1.07701 0.00000 1.07701 1.07701
0.96003 0.00000 0.96003 0.96003
0.53331 0.00000 0.53331 0.53331
0.54034 0.00000 0.54034 0.54034
0.18394 0.00000 0.18394 0.18394
0.13623 0.00000 0.13623 0.13623
0.46860 0.00000 0.46860 0.46860
-0.00000 0.00000 -0.00000 -0.00000
0.18041 0.00000 0.18041 0.18041
0.26057 0.00000 0.26057 0.26057
0.36069 0.00000 0.36069 0.36069
0.36866 0.00000 0.36866 0.36866
0.80182 0.00000 0.80182 0.80182
0.06324 0.00000 0.06324 0.06324
0.40483 0.00000 0.40483 0.40483
