# avg	std	min	max
2.81001 0.00000 2.81001 2.81001
2.28129 0.00000 2.28129 2.28129
1.72921 0.00000 1.72921 1.72921
1.56454 0.00000 1.56454 1.56454
1.15704 0.00000 1.15704 1.15704
1.56644 0.00000 1.56644 1.56644
2.28538 0.00000 2.28538 2.28538
2.76098 0.00000 2.76098 2.76098
1.51063 0.00000 1.51063 1.51063
2.31549 0.00000 2.31549 2.31549
1.36962 0.00000 1.36962 1.36962
1.83513 0.00000 1.83513 1.83513
2.53593 0.00000 2.53593 2.53593
1.61172 0.00000 1.61172 1.61172
1.88646 0.00000 1.88646 1.88646
-0.00693 0.00000 -0.00693 -0.00693
0.66682 0.00000 0.66682 0.66682
1.94141 0.00000 1.94141 1.94141
2.49489 0.00000 2.49489 2.49489
2.68961 0.00000 2.68961 2.68961
2.66168 0.00000 2.66168 2.66168
2.27780 0.00000 2.27780 2.27780
2.41154 0.00000 2.41154 2.41154
