# avg	std	min	max
-0.24097 0.00000 -0.24097 -0.24097
-0.42351 0.00000 -0.42351 -0.42351
0.14427 0.00000 0.14427 0.14427
-1.13793 0.00000 -1.13793 -1.13793
-0.15549 0.00000 -0.15549 -0.15549
-0.85553 0.00000 -0.85553 -0.85553
-1.34786 0.00000 -1.34786 -1.34786
-0.20100 0.00000 -0.20100 -0.20100
2.09732 0.00000 2.09732 2.09732
-0.58455 0.00000 -0.58455 -0.58455
0.00766 0.00000 0.00766 0.00766
-0.73372 0.00000 -0.73372 -0.73372
-1.10615 0.00000 -1.10615 -1.10615
0.27027 0.00000 0.27027 0.27027
-0.59959 0.00000 -0.59959 -0.59959
-0.00379 0.00000 -0.00379 -0.00379
-0.48692 0.00000 -0.48692 -0.48692
-1.27820 0.00000 -1.27820 -1.27820
-0.98199 0.00000 -0.98199 -0.98199
-0.33943 0.00000 -0.33943 -0.33943
-0.18484 0.00000 -0.18484 -0.18484
-0.87075 0.00000 -0.87075 -0.87075
0.44683 0.00000 0.44683 0.44683
