# avg	std	min	max
3.44083 0.00000 3.44083 3.44083
1.60712 0.00000 1.60712 1.60712
0.17199 0.00000 0.17199 0.17199
0.35924 0.00000 0.35924 0.35924
-0.38711 0.00000 -0.38711 -0.38711
0.24009 0.00000 0.24009 0.24009
4.44299 0.00000 4.44299 4.44299
8.98321 0.00000 8.98321 8.98321
2.64891 0.00000 2.64891 2.64891
1.68521 0.00000 1.68521 1.68521
0.83867 0.00000 0.83867 0.83867
1.26866 0.00000 1.26866 1.26866
6.38904 0.00000 6.38904 6.38904
3.38588 0.00000 3.38588 3.38588
1.42032 0.00000 1.42032 1.42032
1.31478 0.00000 1.31478 1.31478
0.00832 0.00000 0.00832 0.00832
2.67770 0.00000 2.67770 2.67770
2.75598 0.00000 2.75598 2.75598
7.13329 0.00000 7.13329 7.13329
1.16615 0.00000 1.16615 1.16615
8.07935 0.00000 8.07935 8.07935
2.68850 0.00000 2.68850 2.68850
