# avg	std	min	max
3.98117 0.00000 3.98117 3.98117
2.60154 0.00000 2.60154 2.60154
2.90356 0.00000 2.90356 2.90356
3.81689 0.00000 3.81689 3.81689
2.24863 0.00000 2.24863 2.24863
1.38418 0.00000 1.38418 1.38418
6.41448 0.00000 6.41448 6.41448
7.63646 0.00000 7.63646 7.63646
5.07754 0.00000 5.07754 5.07754
3.05808 0.00000 3.05808 3.05808
2.14887 0.00000 2.14887 2.14887
4.08417 0.00000 4.08417 4.08417
6.73247 0.00000 6.73247 6.73247
4.24180 0.00000 4.24180 4.24180
4.07270 0.00000 4.07270 4.07270
2.45292 0.00000 2.45292 2.45292
-0.02537 0.00000 -0.02537 -0.02537
4.07055 0.00000 4.07055 4.07055
5.81462 0.00000 5.81462 5.81462
4.45542 0.00000 4.45542 4.45542
3.14674 0.00000 3.14674 3.14674
6.82669 0.00000 6.82669 6.82669
7.07401 0.00000 7.07401 7.07401
