# avg	std	min	max
1.52513 0.00000 1.52513 1.52513
0.38965 0.00000 0.38965 0.38965
0.65289 0.00000 0.65289 0.65289
-0.38541 0.00000 -0.38541 -0.38541
0.12578 0.00000 0.12578 0.12578
-0.39319 0.00000 -0.39319 -0.39319
-0.05156 0.00000 -0.05156 -0.05156
0.33169 0.00000 0.33169 0.33169
-0.07803 0.00000 -0.07803 -0.07803
1.34796 0.00000 1.34796 1.34796
1.00575 0.00000 1.00575 1.00575
0.89232 0.00000 0.89232 0.89232
0.16993 0.00000 0.16993 0.16993
0.47231 0.00000 0.47231 0.47231
-0.04530 0.00000 -0.04530 -0.04530
0.84718 0.00000 0.84718 0.84718
0.00012 0.00000 0.00012 0.00012
0.05845 0.00000 0.05845 0.05845
0.47544 0.00000 0.47544 0.47544
0.89002 0.00000 0.89002 0.89002
0.25541 0.00000 0.25541 0.25541
-0.02518 0.00000 -0.02518 -0.02518
-0.10567 0.00000 -0.10567 -0.10567
