# avg	std	min	max
0.77601 0.00000 0.77601 0.77601
-0.14714 0.00000 -0.14714 -0.14714
0.34930 0.00000 0.34930 0.34930
-0.72151 0.00000 -0.72151 -0.72151
-0.34250 0.00000 -0.34250 -0.34250
-0.56851 0.00000 -0.56851 -0.56851
-0.88400 0.00000 -0.88400 -0.88400
-0.61878 0.00000 -0.61878 -0.61878
3.97008 0.00000 3.97008 3.97008
0.59519 0.00000 0.59519 0.59519
0.78749 0.00000 0.78749 0.78749
0.55093 0.00000 0.55093 0.55093
-0.81119 0.00000 -0.81119 -0.81119
0.21183 0.00000 0.21183 0.21183
-0.40829 0.00000 -0.40829 -0.40829
0.69356 0.00000 0.69356 0.69356
-0.00460 0.00000 -0.00460 -0.00460
-0.51743 0.00000 -0.51743 -0.51743
-0.48984 0.00000 -0.48984 -0.48984
0.20854 0.00000 0.20854 0.20854
0.49548 0.00000 0.49548 0.49548
-1.11638 0.00000 -1.11638 -1.11638
0.88708 0.00000 0.88708 0.88708
