# avg	std	min	max
0.46128 0.00000 0.46128 0.46128
0.12633 0.00000 0.12633 0.12633
-0.19656 0.00000 -0.19656 -0.19656
-0.66875 0.00000 -0.66875 -0.66875
-0.93363 0.00000 -0.93363 -0.93363
-0.89158 0.00000 -0.89158 -0.89158
-0.75849 0.00000 -0.75849 -0.75849
-0.58560 0.00000 -0.58560 -0.58560
2.25773 0.00000 2.25773 2.25773
0.33816 0.00000 0.33816 0.33816
0.14345 0.00000 0.14345 0.14345
0.06024 0.00000 0.06024 0.06024
-0.73777 0.00000 -0.73777 -0.73777
-1.18466 0.00000 -1.18466 -1.18466
-0.57449 0.00000 -0.57449 -0.57449
0.09382 0.00000 0.09382 0.09382
-0.00115 0.00000 -0.00115 -0.00115
-0.66203 0.00000 -0.66203 -0.66203
-0.89408 0.00000 -0.89408 -0.89408
-0.95141 0.00000 -0.95141 -0.95141
0.52040 0.00000 0.52040 0.52040
-1.08569 0.00000 -1.08569 -1.08569
0.60838 0.00000 0.60838 0.60838
