# avg	std	min	max
1.57102 0.00000 1.57102 1.57102
0.45809 0.00000 0.45809 0.45809
-0.05519 0.00000 -0.05519 -0.05519
-1.21671 0.00000 -1.21671 -1.21671
-0.92698 0.00000 -0.92698 -0.92698
-0.99384 0.00000 -0.99384 -0.99384
-0.78593 0.00000 -0.78593 -0.78593
-1.30379 0.00000 -1.30379 -1.30379
4.92801 0.00000 4.92801 4.92801
1.57788 0.00000 1.57788 1.57788
1.50113 0.00000 1.50113 1.50113
0.83362 0.00000 0.83362 0.83362
-1.16087 0.00000 -1.16087 -1.16087
1.28973 0.00000 1.28973 1.28973
0.10007 0.00000 0.10007 0.10007
1.12932 0.00000 1.12932 1.12932
-0.00000 0.00000 -0.00000 -0.00000
-0.19775 0.00000 -0.19775 -0.19775
-0.39940 0.00000 -0.39940 -0.39940
0.36100 0.00000 0.36100 0.36100
0.82287 0.00000 0.82287 0.82287
-1.06322 0.00000 -1.06322 -1.06322
1.03356 0.00000 1.03356 1.03356
