# avg	std	min	max
-0.06056 0.00000 -0.06056 -0.06056
0.05330 0.00000 0.05330 0.05330
0.01201 0.00000 0.01201 0.01201
-0.08792 0.00000 -0.08792 -0.08792
-0.08507 0.00000 -0.08507 -0.08507
-0.04677 0.00000 -0.04677 -0.04677
-0.11966 0.00000 -0.11966 -0.11966
-0.03428 0.00000 -0.03428 -0.03428
-0.08512 0.00000 -0.08512 -0.08512
0.12027 0.00000 0.12027 0.12027
-0.03381 0.00000 -0.03381 -0.03381
0.21190 0.00000 0.21190 0.21190
-0.07730 0.00000 -0.07730 -0.07730
-0.14478 0.00000 -0.14478 -0.14478
-0.05614 0.00000 -0.05614 -0.05614
-0.36356 0.00000 -0.36356 -0.36356
-0.00101 0.00000 -0.00101 -0.00101
-0.08949 0.00000 -0.08949 -0.08949
0.05368 0.00000 0.05368 0.05368
-0.01226 0.00000 -0.01226 -0.01226
0.24341 0.00000 0.24341 0.24341
-0.15921 0.00000 -0.15921 -0.15921
0.03882 0.00000 0.03882 0.03882
