# avg	std	min	max
-0.78034 0.00000 -0.78034 -0.78034
-0.17215 0.00000 -0.17215 -0.17215
1.41989 0.00000 1.41989 1.41989
-0.27653 0.00000 -0.27653 -0.27653
1.05222 0.00000 1.05222 1.05222
-0.59239 0.00000 -0.59239 -0.59239
-0.72092 0.00000 -0.72092 -0.72092
0.97665 0.00000 0.97665 0.97665
0.33706 0.00000 0.33706 0.33706
-0.33190 0.00000 -0.33190 -0.33190
1.73145 0.00000 1.73145 1.73145
1.29556 0.00000 1.29556 1.29556
-0.80434 0.00000 -0.80434 -0.80434
-0.75989 0.00000 -0.75989 -0.75989
1.29233 0.00000 1.29233 1.29233
-0.51386 0.00000 -0.51386 -0.51386
-0.00650 0.00000 -0.00650 -0.00650
-0.53311 0.00000 -0.53311 -0.53311
-0.35804 0.00000 -0.35804 -0.35804
-0.13335 0.00000 -0.13335 -0.13335
0.05618 0.00000 0.05618 0.05618
-0.46798 0.00000 -0.46798 -0.46798
2.14241 0.00000 2.14241 2.14241
