# avg	std	min	max
-0.39857 0.00000 -0.39857 -0.39857
1.82418 0.00000 1.82418 1.82418
2.54536 0.00000 2.54536 2.54536
1.84967 0.00000 1.84967 1.84967
2.61886 0.00000 2.61886 2.61886
1.31574 0.00000 1.31574 1.31574
1.76465 0.00000 1.76465 1.76465
1.11741 0.00000 1.11741 1.11741
3.11421 0.00000 3.11421 3.11421
-0.87507 0.00000 -0.87507 -0.87507
2.09345 0.00000 2.09345 2.09345
-0.20858 0.00000 -0.20858 -0.20858
1.79301 0.00000 1.79301 1.79301
-0.04658 0.00000 -0.04658 -0.04658
-0.43330 0.00000 -0.43330 -0.43330
-0.07651 0.00000 -0.07651 -0.07651
0.00047 0.00000 0.00047 0.00047
1.53604 0.00000 1.53604 1.53604
-0.27238 0.00000 -0.27238 -0.27238
-0.03360 0.00000 -0.03360 -0.03360
0.16930 0.00000 0.16930 0.16930
1.74766 0.00000 1.74766 1.74766
3.02273 0.00000 3.02273 3.02273
