# avg	std	min	max
1.37197 0.00000 1.37197 1.37197
0.74118 0.00000 0.74118 0.74118
0.19261 0.00000 0.19261 0.19261
-0.76878 0.00000 -0.76878 -0.76878
-0.74257 0.00000 -0.74257 -0.74257
-0.86603 0.00000 -0.86603 -0.86603
-0.35630 0.00000 -0.35630 -0.35630
-0.56916 0.00000 -0.56916 -0.56916
1.28619 0.00000 1.28619 1.28619
0.85129 0.00000 0.85129 0.85129
0.61415 0.00000 0.61415 0.61415
0.27055 0.00000 0.27055 0.27055
-0.28056 0.00000 -0.28056 -0.28056
0.35242 0.00000 0.35242 0.35242
0.23774 0.00000 0.23774 0.23774
0.17201 0.00000 0.17201 0.17201
-0.00000 0.00000 -0.00000 -0.00000
-0.37517 0.00000 -0.37517 -0.37517
-0.06905 0.00000 -0.06905 -0.06905
0.44388 0.00000 0.44388 0.44388
0.48549 0.00000 0.48549 0.48549
-0.46307 0.00000 -0.46307 -0.46307
0.17517 0.00000 0.17517 0.17517
