# avg	std	min	max
1.89427 0.00000 1.89427 1.89427
0.07077 0.00000 0.07077 0.07077
0.21885 0.00000 0.21885 0.21885
-0.41704 0.00000 -0.41704 -0.41704
-0.31308 0.00000 -0.31308 -0.31308
-0.60389 0.00000 -0.60389 -0.60389
-0.79523 0.00000 -0.79523 -0.79523
-0.74431 0.00000 -0.74431 -0.74431
1.30121 0.00000 1.30121 1.30121
0.02442 0.00000 0.02442 0.02442
0.22006 0.00000 0.22006 0.22006
-0.21703 0.00000 -0.21703 -0.21703
-0.59536 0.00000 -0.59536 -0.59536
-0.73168 0.00000 -0.73168 -0.73168
-0.65735 0.00000 -0.65735 -0.65735
0.08151 0.00000 0.08151 0.08151
-0.00040 0.00000 -0.00040 -0.00040
-0.54976 0.00000 -0.54976 -0.54976
-0.61882 0.00000 -0.61882 -0.61882
-0.66302 0.00000 -0.66302 -0.66302
0.37575 0.00000 0.37575 0.37575
-0.87324 0.00000 -0.87324 -0.87324
0.01995 0.00000 0.01995 0.01995
