# avg	std	min	max
0.74032 0.00000 0.74032 0.74032
0.77857 0.00000 0.77857 0.77857
0.50638 0.00000 0.50638 0.50638
0.20035 0.00000 0.20035 0.20035
0.38055 0.00000 0.38055 0.38055
0.27326 0.00000 0.27326 0.27326
0.11386 0.00000 0.11386 0.11386
-0.01076 0.00000 -0.01076 -0.01076
0.91961 0.00000 0.91961 0.91961
0.80252 0.00000 0.80252 0.80252
0.71898 0.00000 0.71898 0.71898
0.81378 0.00000 0.81378 0.81378
0.14559 0.00000 0.14559 0.14559
0.61656 0.00000 0.61656 0.61656
0.29778 0.00000 0.29778 0.29778
0.40014 0.00000 0.40014 0.40014
-0.00000 0.00000 -0.00000 -0.00000
0.34799 0.00000 0.34799 0.34799
0.16517 0.00000 0.16517 0.16517
0.49194 0.00000 0.49194 0.49194
0.73552 0.00000 0.73552 0.73552
-0.10705 0.00000 -0.10705 -0.10705
0.65656 0.00000 0.65656 0.65656
