# avg	std	min	max
1.16241 0.00000 1.16241 1.16241
0.45136 0.00000 0.45136 0.45136
0.56243 0.00000 0.56243 0.56243
0.10006 0.00000 0.10006 0.10006
0.12045 0.00000 0.12045 0.12045
0.17910 0.00000 0.17910 0.17910
0.24447 0.00000 0.24447 0.24447
0.30614 0.00000 0.30614 0.30614
-0.59608 0.00000 -0.59608 -0.59608
0.86577 0.00000 0.86577 0.86577
0.77498 0.00000 0.77498 0.77498
0.80216 0.00000 0.80216 0.80216
0.40949 0.00000 0.40949 0.40949
0.74356 0.00000 0.74356 0.74356
0.31412 0.00000 0.31412 0.31412
0.20035 0.00000 0.20035 0.20035
-0.22332 0.00000 -0.22332 -0.22332
0.24105 0.00000 0.24105 0.24105
0.50063 0.00000 0.50063 0.50063
0.67014 0.00000 0.67014 0.67014
-0.06062 0.00000 -0.06062 -0.06062
0.13138 0.00000 0.13138 0.13138
0.15383 0.00000 0.15383 0.15383
