# avg	std	min	max
2.38906 0.00000 2.38906 2.38906
1.64417 0.00000 1.64417 1.64417
0.96175 0.00000 0.96175 0.96175
0.53189 0.00000 0.53189 0.53189
0.21861 0.00000 0.21861 0.21861
0.61175 0.00000 0.61175 0.61175
1.04141 0.00000 1.04141 1.04141
1.36031 0.00000 1.36031 1.36031
3.17809 0.00000 3.17809 3.17809
2.43780 0.00000 2.43780 2.43780
1.96920 0.00000 1.96920 1.96920
1.73409 0.00000 1.73409 1.73409
1.09728 0.00000 1.09728 1.09728
2.34838 0.00000 2.34838 2.34838
1.83680 0.00000 1.83680 1.83680
2.08640 0.00000 2.08640 2.08640
-0.05758 0.00000 -0.05758 -0.05758
1.31799 0.00000 1.31799 1.31799
1.44074 0.00000 1.44074 1.44074
2.65164 0.00000 2.65164 2.65164
2.35013 0.00000 2.35013 2.35013
1.23612 0.00000 1.23612 1.23612
1.95493 0.00000 1.95493 1.95493
