# avg	std	min	max
2.13053 0.00000 2.13053 2.13053
0.97113 0.00000 0.97113 0.97113
2.29394 0.00000 2.29394 2.29394
-0.01769 0.00000 -0.01769 -0.01769
1.69162 0.00000 1.69162 1.69162
-0.34150 0.00000 -0.34150 -0.34150
1.05837 0.00000 1.05837 1.05837
0.61035 0.00000 0.61035 0.61035
6.28295 0.00000 6.28295 6.28295
1.15306 0.00000 1.15306 1.15306
2.23798 0.00000 2.23798 2.23798
1.69278 0.00000 1.69278 1.69278
0.93547 0.00000 0.93547 0.93547
1.95626 0.00000 1.95626 1.95626
0.70278 0.00000 0.70278 0.70278
2.22581 0.00000 2.22581 2.22581
-0.15738 0.00000 -0.15738 -0.15738
1.49884 0.00000 1.49884 1.49884
2.12453 0.00000 2.12453 2.12453
2.14635 0.00000 2.14635 2.14635
3.03029 0.00000 3.03029 3.03029
0.69232 0.00000 0.69232 0.69232
4.66522 0.00000 4.66522 4.66522
