# avg	std	min	max
-1.02822 0.00000 -1.02822 -1.02822
0.03492 0.00000 0.03492 0.03492
1.06916 0.00000 1.06916 1.06916
0.60574 0.00000 0.60574 0.60574
0.94210 0.00000 0.94210 0.94210
-0.06473 0.00000 -0.06473 -0.06473
3.60105 0.00000 3.60105 3.60105
3.04536 0.00000 3.04536 3.04536
0.74435 0.00000 0.74435 0.74435
0.72740 0.00000 0.72740 0.72740
0.65386 0.00000 0.65386 0.65386
0.35774 0.00000 0.35774 0.35774
3.14695 0.00000 3.14695 3.14695
0.99750 0.00000 0.99750 0.99750
-0.01106 0.00000 -0.01106 -0.01106
0.49959 0.00000 0.49959 0.49959
-0.00060 0.00000 -0.00060 -0.00060
0.20157 0.00000 0.20157 0.20157
-0.29821 0.00000 -0.29821 -0.29821
1.86093 0.00000 1.86093 1.86093
0.58592 0.00000 0.58592 0.58592
4.47786 0.00000 4.47786 4.47786
2.22714 0.00000 2.22714 2.22714
