# avg	std	min	max
6.23885 0.00000 6.23885 6.23885
4.80099 0.00000 4.80099 4.80099
3.78317 0.00000 3.78317 3.78317
3.04812 0.00000 3.04812 3.04812
2.87371 0.00000 2.87371 2.87371
2.17283 0.00000 2.17283 2.17283
3.65503 0.00000 3.65503 3.65503
5.93049 0.00000 5.93049 5.93049
1.95009 0.00000 1.95009 1.95009
6.23876 0.00000 6.23876 6.23876
5.25700 0.00000 5.25700 5.25700
5.14818 0.00000 5.14818 5.14818
8.91573 0.00000 8.91573 8.91573
4.51184 0.00000 4.51184 4.51184
2.27796 0.00000 2.27796 2.27796
3.35035 0.00000 3.35035 3.35035
0.00000 0.00000 0.00000 0.00000
3.32321 0.00000 3.32321 3.32321
6.35744 0.00000 6.35744 6.35744
6.87737 0.00000 6.87737 6.87737
3.71994 0.00000 3.71994 3.71994
28.25830 0.00000 28.25830 28.25830
1.84864 0.00000 1.84864 1.84864
