# avg	std	min	max
2.45600 0.00000 2.45600 2.45600
1.29630 0.00000 1.29630 1.29630
-0.04408 0.00000 -0.04408 -0.04408
-0.55828 0.00000 -0.55828 -0.55828
0.50500 0.00000 0.50500 0.50500
-0.23447 0.00000 -0.23447 -0.23447
3.32996 0.00000 3.32996 3.32996
4.07938 0.00000 4.07938 4.07938
5.21788 0.00000 5.21788 5.21788
2.62828 0.00000 2.62828 2.62828
1.72190 0.00000 1.72190 1.72190
1.54695 0.00000 1.54695 1.54695
5.65688 0.00000 5.65688 5.65688
2.07936 0.00000 2.07936 2.07936
0.48881 0.00000 0.48881 0.48881
2.11020 0.00000 2.11020 2.11020
-0.12030 0.00000 -0.12030 -0.12030
2.46039 0.00000 2.46039 2.46039
3.35209 0.00000 3.35209 3.35209
3.33586 0.00000 3.33586 3.33586
3.95213 0.00000 3.95213 3.95213
11.65752 0.00000 11.65752 11.65752
4.46336 0.00000 4.46336 4.46336
