# avg	std	min	max
4.09920 0.00000 4.09920 4.09920
3.01459 0.00000 3.01459 3.01459
4.37588 0.00000 4.37588 4.37588
1.93992 0.00000 1.93992 1.93992
3.53491 0.00000 3.53491 3.53491
1.81858 0.00000 1.81858 1.81858
1.87241 0.00000 1.87241 1.87241
1.44754 0.00000 1.44754 1.44754
9.12803 0.00000 9.12803 9.12803
3.96905 0.00000 3.96905 3.96905
5.08852 0.00000 5.08852 5.08852
3.66354 0.00000 3.66354 3.66354
3.05995 0.00000 3.05995 3.05995
3.63329 0.00000 3.63329 3.63329
2.50733 0.00000 2.50733 2.50733
0.94602 0.00000 0.94602 0.94602
0.00967 0.00000 0.00967 0.00967
3.38522 0.00000 3.38522 3.38522
3.64325 0.00000 3.64325 3.64325
3.55847 0.00000 3.55847 3.55847
2.77123 0.00000 2.77123 2.77123
2.42975 0.00000 2.42975 2.42975
4.42968 0.00000 4.42968 4.42968
