# avg	std	min	max
4.65708 0.00000 4.65708 4.65708
2.74212 0.00000 2.74212 2.74212
1.42440 0.00000 1.42440 1.42440
0.98702 0.00000 0.98702 0.98702
4.73934 0.00000 4.73934 4.73934
1.77890 0.00000 1.77890 1.77890
-0.07877 0.00000 -0.07877 -0.07877
1.31624 0.00000 1.31624 1.31624
0.68535 0.00000 0.68535 0.68535
3.70461 0.00000 3.70461 3.70461
4.01132 0.00000 4.01132 4.01132
3.34242 0.00000 3.34242 3.34242
1.13055 0.00000 1.13055 1.13055
2.72692 0.00000 2.72692 2.72692
3.60509 0.00000 3.60509 3.60509
4.67735 0.00000 4.67735 4.67735
4.67507 0.00000 4.67507 4.67507
2.30833 0.00000 2.30833 2.30833
3.85814 0.00000 3.85814 3.85814
2.51001 0.00000 2.51001 2.51001
7.85853 0.00000 7.85853 7.85853
3.35836 0.00000 3.35836 3.35836
11.10208 0.00000 11.10208 11.10208
