# avg	std	min	max
3.67836 0.00000 3.67836 3.67836
3.14676 0.00000 3.14676 3.14676
3.40405 0.00000 3.40405 3.40405
1.30797 0.00000 1.30797 1.30797
2.36081 0.00000 2.36081 2.36081
0.30379 0.00000 0.30379 0.30379
0.00007 0.00000 0.00007 0.00007
3.93653 0.00000 3.93653 3.93653
8.62980 0.00000 8.62980 8.62980
3.28162 0.00000 3.28162 3.28162
3.06090 0.00000 3.06090 3.06090
3.15151 0.00000 3.15151 3.15151
2.30184 0.00000 2.30184 2.30184
3.73967 0.00000 3.73967 3.73967
2.94904 0.00000 2.94904 2.94904
3.97047 0.00000 3.97047 3.97047
4.09177 0.00000 4.09177 4.09177
4.53322 0.00000 4.53322 4.53322
4.38049 0.00000 4.38049 4.38049
2.83288 0.00000 2.83288 2.83288
7.18265 0.00000 7.18265 7.18265
9.20485 0.00000 9.20485 9.20485
9.57648 0.00000 9.57648 9.57648
