# avg	std	min	max
6.36854 0.00000 6.36854 6.36854
4.96761 0.00000 4.96761 4.96761
4.36662 0.00000 4.36662 4.36662
1.71266 0.00000 1.71266 1.71266
2.99686 0.00000 2.99686 2.99686
1.49927 0.00000 1.49927 1.49927
-0.01381 0.00000 -0.01381 -0.01381
3.53402 0.00000 3.53402 3.53402
7.69063 0.00000 7.69063 7.69063
6.48687 0.00000 6.48687 6.48687
4.28579 0.00000 4.28579 4.28579
5.19266 0.00000 5.19266 5.19266
1.84651 0.00000 1.84651 1.84651
5.22736 0.00000 5.22736 5.22736
3.99915 0.00000 3.99915 3.99915
6.31776 0.00000 6.31776 6.31776
5.48842 0.00000 5.48842 5.48842
5.42223 0.00000 5.42223 5.42223
5.37243 0.00000 5.37243 5.37243
3.52470 0.00000 3.52470 3.52470
8.53719 0.00000 8.53719 8.53719
8.07180 0.00000 8.07180 8.07180
9.56134 0.00000 9.56134 9.56134
