# avg	std	min	max
4.99026 0.00000 4.99026 4.99026
3.96055 0.00000 3.96055 3.96055
3.62673 0.00000 3.62673 3.62673
2.96393 0.00000 2.96393 2.96393
3.92509 0.00000 3.92509 3.92509
1.22615 0.00000 1.22615 1.22615
0.00276 0.00000 0.00276 0.00276
2.12844 0.00000 2.12844 2.12844
11.64488 0.00000 11.64488 11.64488
5.46005 0.00000 5.46005 5.46005
4.12093 0.00000 4.12093 4.12093
4.48356 0.00000 4.48356 4.48356
0.74870 0.00000 0.74870 0.74870
4.26310 0.00000 4.26310 4.26310
4.17601 0.00000 4.17601 4.17601
5.32381 0.00000 5.32381 5.32381
5.24844 0.00000 5.24844 5.24844
3.21917 0.00000 3.21917 3.21917
3.98557 0.00000 3.98557 3.98557
3.74613 0.00000 3.74613 3.74613
8.65780 0.00000 8.65780 8.65780
6.40285 0.00000 6.40285 6.40285
13.38136 0.00000 13.38136 13.38136
