# avg	std	min	max
5.59086 0.00000 5.59086 5.59086
4.20899 0.00000 4.20899 4.20899
3.92533 0.00000 3.92533 3.92533
2.31098 0.00000 2.31098 2.31098
3.70814 0.00000 3.70814 3.70814
0.69093 0.00000 0.69093 0.69093
-0.00815 0.00000 -0.00815 -0.00815
3.60448 0.00000 3.60448 3.60448
3.50867 0.00000 3.50867 3.50867
5.52686 0.00000 5.52686 5.52686
4.85802 0.00000 4.85802 4.85802
4.29444 0.00000 4.29444 4.29444
1.86606 0.00000 1.86606 1.86606
4.74166 0.00000 4.74166 4.74166
4.25944 0.00000 4.25944 4.25944
6.82012 0.00000 6.82012 6.82012
5.67400 0.00000 5.67400 5.67400
3.11500 0.00000 3.11500 3.11500
3.95636 0.00000 3.95636 3.95636
3.43544 0.00000 3.43544 3.43544
8.83328 0.00000 8.83328 8.83328
24.86546 0.00000 24.86546 24.86546
8.72095 0.00000 8.72095 8.72095
