# avg	std	min	max
2.56000 0.00000 2.56000 2.56000
2.09979 0.00000 2.09979 2.09979
1.79050 0.00000 1.79050 1.79050
0.23040 0.00000 0.23040 0.23040
1.36415 0.00000 1.36415 1.36415
0.93316 0.00000 0.93316 0.93316
-0.01948 0.00000 -0.01948 -0.01948
1.28683 0.00000 1.28683 1.28683
5.94310 0.00000 5.94310 5.94310
1.73699 0.00000 1.73699 1.73699
0.98335 0.00000 0.98335 0.98335
1.79408 0.00000 1.79408 1.79408
-0.21841 0.00000 -0.21841 -0.21841
0.92813 0.00000 0.92813 0.92813
1.72837 0.00000 1.72837 1.72837
3.67367 0.00000 3.67367 3.67367
3.09833 0.00000 3.09833 3.09833
0.91177 0.00000 0.91177 0.91177
1.46474 0.00000 1.46474 1.46474
2.05262 0.00000 2.05262 2.05262
5.82626 0.00000 5.82626 5.82626
-0.18942 0.00000 -0.18942 -0.18942
6.97920 0.00000 6.97920 6.97920
