# avg	std	min	max
2.01768 0.00000 2.01768 2.01768
1.25967 0.00000 1.25967 1.25967
1.16440 0.00000 1.16440 1.16440
0.04794 0.00000 0.04794 0.04794
0.40521 0.00000 0.40521 0.40521
0.04643 0.00000 0.04643 0.04643
-0.00525 0.00000 -0.00525 -0.00525
-0.02540 0.00000 -0.02540 -0.02540
1.53593 0.00000 1.53593 1.53593
2.03888 0.00000 2.03888 2.03888
2.26401 0.00000 2.26401 2.26401
1.63096 0.00000 1.63096 1.63096
0.32114 0.00000 0.32114 0.32114
1.96418 0.00000 1.96418 1.96418
2.10834 0.00000 2.10834 2.10834
2.72147 0.00000 2.72147 2.72147
2.02678 0.00000 2.02678 2.02678
0.79671 0.00000 0.79671 0.79671
0.96356 0.00000 0.96356 0.96356
1.49512 0.00000 1.49512 1.49512
3.61525 0.00000 3.61525 3.61525
-0.72211 0.00000 -0.72211 -0.72211
3.55998 0.00000 3.55998 3.55998
