# avg	std	min	max
4.37590 0.00000 4.37590 4.37590
3.85443 0.00000 3.85443 3.85443
3.44060 0.00000 3.44060 3.44060
3.09540 0.00000 3.09540 3.09540
2.99924 0.00000 2.99924 2.99924
1.07687 0.00000 1.07687 1.07687
-0.01364 0.00000 -0.01364 -0.01364
3.86269 0.00000 3.86269 3.86269
7.15661 0.00000 7.15661 7.15661
4.71090 0.00000 4.71090 4.71090
5.46694 0.00000 5.46694 5.46694
3.32636 0.00000 3.32636 3.32636
1.38767 0.00000 1.38767 1.38767
4.18194 0.00000 4.18194 4.18194
3.60888 0.00000 3.60888 3.60888
3.40941 0.00000 3.40941 3.40941
4.34814 0.00000 4.34814 4.34814
4.01248 0.00000 4.01248 4.01248
4.83622 0.00000 4.83622 4.83622
3.56523 0.00000 3.56523 3.56523
6.40588 0.00000 6.40588 6.40588
5.42727 0.00000 5.42727 5.42727
9.58585 0.00000 9.58585 9.58585
