# avg	std	min	max
0.62427 0.00000 0.62427 0.62427
0.21627 0.00000 0.21627 0.21627
0.18835 0.00000 0.18835 0.18835
-0.87019 0.00000 -0.87019 -0.87019
-0.50590 0.00000 -0.50590 -0.50590
-0.86723 0.00000 -0.86723 -0.86723
-0.00100 0.00000 -0.00100 -0.00100
-0.96117 0.00000 -0.96117 -0.96117
0.60347 0.00000 0.60347 0.60347
0.50745 0.00000 0.50745 0.50745
0.34254 0.00000 0.34254 0.34254
-0.00935 0.00000 -0.00935 -0.00935
-0.02931 0.00000 -0.02931 -0.02931
0.53038 0.00000 0.53038 0.53038
0.04883 0.00000 0.04883 0.04883
0.40637 0.00000 0.40637 0.40637
0.03913 0.00000 0.03913 0.03913
-0.69015 0.00000 -0.69015 -0.69015
-1.29710 0.00000 -1.29710 -1.29710
0.62803 0.00000 0.62803 0.62803
0.94062 0.00000 0.94062 0.94062
0.30034 0.00000 0.30034 0.30034
1.51520 0.00000 1.51520 1.51520
