# avg	std	min	max
5.45434 0.00000 5.45434 5.45434
4.38912 0.00000 4.38912 4.38912
2.77268 0.00000 2.77268 2.77268
1.75282 0.00000 1.75282 1.75282
2.57965 0.00000 2.57965 2.57965
1.52534 0.00000 1.52534 1.52534
-0.01561 0.00000 -0.01561 -0.01561
2.92283 0.00000 2.92283 2.92283
9.79518 0.00000 9.79518 9.79518
5.00719 0.00000 5.00719 5.00719
3.73744 0.00000 3.73744 3.73744
4.00057 0.00000 4.00057 4.00057
1.68311 0.00000 1.68311 1.68311
4.66056 0.00000 4.66056 4.66056
4.58834 0.00000 4.58834 4.58834
5.69521 0.00000 5.69521 5.69521
5.58781 0.00000 5.58781 5.58781
4.33004 0.00000 4.33004 4.33004
5.00256 0.00000 5.00256 5.00256
4.07120 0.00000 4.07120 4.07120
7.14741 0.00000 7.14741 7.14741
10.98821 0.00000 10.98821 10.98821
8.30786 0.00000 8.30786 8.30786
