# avg	std	min	max
5.65134 0.00000 5.65134 5.65134
4.52928 0.00000 4.52928 4.52928
3.11112 0.00000 3.11112 3.11112
1.31520 0.00000 1.31520 1.31520
1.63167 0.00000 1.63167 1.63167
0.75815 0.00000 0.75815 0.75815
-0.04101 0.00000 -0.04101 -0.04101
0.89999 0.00000 0.89999 0.89999
5.84164 0.00000 5.84164 5.84164
4.52493 0.00000 4.52493 4.52493
3.48574 0.00000 3.48574 3.48574
3.89959 0.00000 3.89959 3.89959
-0.13153 0.00000 -0.13153 -0.13153
4.83481 0.00000 4.83481 4.83481
3.39623 0.00000 3.39623 3.39623
5.92655 0.00000 5.92655 5.92655
5.33028 0.00000 5.33028 5.33028
2.93250 0.00000 2.93250 2.93250
4.85239 0.00000 4.85239 4.85239
3.74485 0.00000 3.74485 3.74485
8.74430 0.00000 8.74430 8.74430
3.59814 0.00000 3.59814 3.59814
8.02964 0.00000 8.02964 8.02964
