# avg	std	min	max
4.97278 0.00000 4.97278 4.97278
3.54271 0.00000 3.54271 3.54271
2.96084 0.00000 2.96084 2.96084
1.25027 0.00000 1.25027 1.25027
3.49196 0.00000 3.49196 3.49196
0.88481 0.00000 0.88481 0.88481
-0.02805 0.00000 -0.02805 -0.02805
0.62301 0.00000 0.62301 0.62301
6.30729 0.00000 6.30729 6.30729
4.56791 0.00000 4.56791 4.56791
4.36737 0.00000 4.36737 4.36737
4.28728 0.00000 4.28728 4.28728
-0.06746 0.00000 -0.06746 -0.06746
4.38428 0.00000 4.38428 4.38428
3.52801 0.00000 3.52801 3.52801
5.12424 0.00000 5.12424 5.12424
5.07032 0.00000 5.07032 5.07032
3.80714 0.00000 3.80714 3.80714
3.49024 0.00000 3.49024 3.49024
3.37042 0.00000 3.37042 3.37042
7.77655 0.00000 7.77655 7.77655
2.68650 0.00000 2.68650 2.68650
10.27792 0.00000 10.27792 10.27792
