# avg	std	min	max
4.11359 0.00000 4.11359 4.11359
2.69453 0.00000 2.69453 2.69453
2.21436 0.00000 2.21436 2.21436
1.98671 0.00000 1.98671 1.98671
1.98790 0.00000 1.98790 1.98790
1.06061 0.00000 1.06061 1.06061
-0.01942 0.00000 -0.01942 -0.01942
0.18932 0.00000 0.18932 0.18932
3.97834 0.00000 3.97834 3.97834
3.46415 0.00000 3.46415 3.46415
2.47571 0.00000 2.47571 2.47571
2.63998 0.00000 2.63998 2.63998
0.46725 0.00000 0.46725 0.46725
3.10866 0.00000 3.10866 3.10866
2.90287 0.00000 2.90287 2.90287
2.44633 0.00000 2.44633 2.44633
2.97601 0.00000 2.97601 2.97601
2.28903 0.00000 2.28903 2.28903
2.58801 0.00000 2.58801 2.58801
2.96524 0.00000 2.96524 2.96524
3.67732 0.00000 3.67732 3.67732
2.71595 0.00000 2.71595 2.71595
3.89997 0.00000 3.89997 3.89997
