# avg	std	min	max
6.23254 0.00000 6.23254 6.23254
4.64220 0.00000 4.64220 4.64220
2.63036 0.00000 2.63036 2.63036
1.79366 0.00000 1.79366 1.79366
2.62616 0.00000 2.62616 2.62616
1.24087 0.00000 1.24087 1.24087
-0.00673 0.00000 -0.00673 -0.00673
4.27221 0.00000 4.27221 4.27221
3.42998 0.00000 3.42998 3.42998
5.48391 0.00000 5.48391 5.48391
4.63124 0.00000 4.63124 4.63124
4.64033 0.00000 4.64033 4.64033
2.77771 0.00000 2.77771 2.77771
5.04827 0.00000 5.04827 5.04827
4.59757 0.00000 4.59757 4.59757
6.79083 0.00000 6.79083 6.79083
6.26540 0.00000 6.26540 6.26540
3.38062 0.00000 3.38062 3.38062
4.01185 0.00000 4.01185 4.01185
3.63964 0.00000 3.63964 3.63964
11.65582 0.00000 11.65582 11.65582
19.65182 0.00000 19.65182 19.65182
11.47330 0.00000 11.47330 11.47330
