# avg	std	min	max
0.00000 0.00000 0.00000 0.00000
0.86575 0.00000 0.86575 0.86575
0.82246 0.00000 0.82246 0.82246
0.17443 0.00000 0.17443 0.17443
0.48033 0.00000 0.48033 0.48033
0.50307 0.00000 0.50307 0.50307
-0.09054 0.00000 -0.09054 -0.09054
0.01081 0.00000 0.01081 0.01081
0.19697 0.00000 0.19697 0.19697
0.39925 0.00000 0.39925 0.39925
0.74099 0.00000 0.74099 0.74099
0.31430 0.00000 0.31430 0.31430
0.13982 0.00000 0.13982 0.13982
-0.01051 0.00000 -0.01051 -0.01051
0.45668 0.00000 0.45668 0.45668
0.13738 0.00000 0.13738 0.13738
0.78319 0.00000 0.78319 0.78319
0.27840 0.00000 0.27840 0.27840
0.08183 0.00000 0.08183 0.08183
0.48797 0.00000 0.48797 0.48797
1.39020 0.00000 1.39020 1.39020
0.14026 0.00000 0.14026 0.14026
1.70027 0.00000 1.70027 1.70027
