# avg	std	min	max
0.00000 0.00000 0.00000 0.00000
1.56955 0.00000 1.56955 1.56955
12.27404 0.00000 12.27404 12.27404
18.96064 0.00000 18.96064 18.96064
16.00714 0.00000 16.00714 16.00714
13.15492 0.00000 13.15492 13.15492
30.91416 0.00000 30.91416 30.91416
37.44956 0.00000 37.44956 37.44956
9.64934 0.00000 9.64934 9.64934
5.61752 0.00000 5.61752 5.61752
10.61858 0.00000 10.61858 10.61858
6.71466 0.00000 6.71466 6.71466
34.72822 0.00000 34.72822 34.72822
14.05936 0.00000 14.05936 14.05936
16.75176 0.00000 16.75176 16.75176
16.22478 0.00000 16.22478 16.22478
16.17526 0.00000 16.17526 16.17526
18.56330 0.00000 18.56330 18.56330
28.05164 0.00000 28.05164 28.05164
29.54666 0.00000 29.54666 29.54666
21.77718 0.00000 21.77718 21.77718
32.36164 0.00000 32.36164 32.36164
32.84788 0.00000 32.84788 32.84788
