# avg	std	min	max
0.00000 0.00000 0.00000 0.00000
0.35942 0.00000 0.35942 0.35942
1.76898 0.00000 1.76898 1.76898
-0.23340 0.00000 -0.23340 -0.23340
1.59710 0.00000 1.59710 1.59710
0.09540 0.00000 0.09540 0.09540
0.26334 0.00000 0.26334 0.26334
0.92719 0.00000 0.92719 0.92719
-2.00671 0.00000 -2.00671 -2.00671
1.26062 0.00000 1.26062 1.26062
2.41100 0.00000 2.41100 2.41100
0.72997 0.00000 0.72997 0.72997
0.94557 0.00000 0.94557 0.94557
1.28342 0.00000 1.28342 1.28342
0.48623 0.00000 0.48623 0.48623
1.45712 0.00000 1.45712 1.45712
-0.25198 0.00000 -0.25198 -0.25198
0.17231 0.00000 0.17231 0.17231
0.19780 0.00000 0.19780 0.19780
1.35290 0.00000 1.35290 1.35290
1.72889 0.00000 1.72889 1.72889
0.30350 0.00000 0.30350 0.30350
3.06225 0.00000 3.06225 3.06225
