# avg	std	min	max
0.00000 0.00000 0.00000 0.00000
2.03478 0.00000 2.03478 2.03478
4.28709 0.00000 4.28709 4.28709
2.37156 0.00000 2.37156 2.37156
4.26719 0.00000 4.26719 4.26719
1.96317 0.00000 1.96317 1.96317
2.46848 0.00000 2.46848 2.46848
2.41805 0.00000 2.41805 2.41805
4.78387 0.00000 4.78387 4.78387
2.43149 0.00000 2.43149 2.43149
4.17014 0.00000 4.17014 4.17014
2.44660 0.00000 2.44660 2.44660
2.49242 0.00000 2.49242 2.49242
2.17250 0.00000 2.17250 2.17250
2.20718 0.00000 2.20718 2.20718
1.92668 0.00000 1.92668 1.92668
2.40162 0.00000 2.40162 2.40162
2.25952 0.00000 2.25952 2.25952
2.40193 0.00000 2.40193 2.40193
2.71067 0.00000 2.71067 2.71067
3.06757 0.00000 3.06757 3.06757
2.36404 0.00000 2.36404 2.36404
5.24698 0.00000 5.24698 5.24698
