# avg	std	min	max
0.00000 0.00000 0.00000 0.00000
0.26114 0.00000 0.26114 0.26114
2.96575 0.00000 2.96575 2.96575
-0.93045 0.00000 -0.93045 -0.93045
4.58533 0.00000 4.58533 4.58533
0.21271 0.00000 0.21271 0.21271
7.57388 0.00000 7.57388 7.57388
11.57214 0.00000 11.57214 11.57214
3.12831 0.00000 3.12831 3.12831
1.98167 0.00000 1.98167 1.98167
1.03818 0.00000 1.03818 1.03818
0.04969 0.00000 0.04969 0.04969
11.00871 0.00000 11.00871 11.00871
0.60546 0.00000 0.60546 0.60546
2.09418 0.00000 2.09418 2.09418
1.42965 0.00000 1.42965 1.42965
2.82742 0.00000 2.82742 2.82742
1.50087 0.00000 1.50087 1.50087
1.89938 0.00000 1.89938 1.89938
5.83849 0.00000 5.83849 5.83849
6.76682 0.00000 6.76682 6.76682
13.27102 0.00000 13.27102 13.27102
8.42604 0.00000 8.42604 8.42604
