# avg	std	min	max
0.00000 0.00000 0.00000 0.00000
3.79269 0.00000 3.79269 3.79269
9.16202 0.00000 9.16202 9.16202
9.77458 0.00000 9.77458 9.77458
11.15898 0.00000 11.15898 11.15898
6.57279 0.00000 6.57279 6.57279
8.80069 0.00000 8.80069 8.80069
11.38922 0.00000 11.38922 11.38922
7.07297 0.00000 7.07297 7.07297
5.43845 0.00000 5.43845 5.43845
9.44532 0.00000 9.44532 9.44532
6.18412 0.00000 6.18412 6.18412
9.40831 0.00000 9.40831 9.40831
7.81910 0.00000 7.81910 7.81910
8.12349 0.00000 8.12349 8.12349
10.23790 0.00000 10.23790 10.23790
9.33892 0.00000 9.33892 9.33892
7.88193 0.00000 7.88193 7.88193
8.14221 0.00000 8.14221 8.14221
9.35966 0.00000 9.35966 9.35966
11.98622 0.00000 11.98622 11.98622
10.63486 0.00000 10.63486 10.63486
18.21876 0.00000 18.21876 18.21876
