# avg	std	min	max
0.00000 0.00000 0.00000 0.00000
0.05883 0.00000 0.05883 0.05883
-0.06082 0.00000 -0.06082 -0.06082
-0.36510 0.00000 -0.36510 -0.36510
-0.04522 0.00000 -0.04522 -0.04522
1.37623 0.00000 1.37623 1.37623
-0.52409 0.00000 -0.52409 -0.52409
-0.24955 0.00000 -0.24955 -0.24955
1.25556 0.00000 1.25556 1.25556
0.06284 0.00000 0.06284 0.06284
-0.07896 0.00000 -0.07896 -0.07896
0.08192 0.00000 0.08192 0.08192
-0.50544 0.00000 -0.50544 -0.50544
-0.06213 0.00000 -0.06213 -0.06213
-0.50827 0.00000 -0.50827 -0.50827
-0.08973 0.00000 -0.08973 -0.08973
-0.14892 0.00000 -0.14892 -0.14892
-1.05173 0.00000 -1.05173 -1.05173
-0.83322 0.00000 -0.83322 -0.83322
-0.21807 0.00000 -0.21807 -0.21807
0.18726 0.00000 0.18726 0.18726
-0.68354 0.00000 -0.68354 -0.68354
0.14957 0.00000 0.14957 0.14957
