# avg	std	min	max
0.00000 0.00000 0.00000 0.00000
3.07065 0.00000 3.07065 3.07065
3.86133 0.00000 3.86133 3.86133
3.19790 0.00000 3.19790 3.19790
3.42538 0.00000 3.42538 3.42538
2.85349 0.00000 2.85349 2.85349
2.39181 0.00000 2.39181 2.39181
2.95944 0.00000 2.95944 2.95944
5.36475 0.00000 5.36475 5.36475
3.49281 0.00000 3.49281 3.49281
3.71685 0.00000 3.71685 3.71685
3.21382 0.00000 3.21382 3.21382
2.67001 0.00000 2.67001 2.67001
3.36218 0.00000 3.36218 3.36218
3.26198 0.00000 3.26198 3.26198
3.23397 0.00000 3.23397 3.23397
3.50035 0.00000 3.50035 3.50035
2.92898 0.00000 2.92898 2.92898
2.91471 0.00000 2.91471 2.91471
3.43349 0.00000 3.43349 3.43349
3.90996 0.00000 3.90996 3.90996
2.49730 0.00000 2.49730 2.49730
4.56357 0.00000 4.56357 4.56357
