# avg	std	min	max
0.00000 0.00000 0.00000 0.00000
-0.55400 0.00000 -0.55400 -0.55400
-0.53935 0.00000 -0.53935 -0.53935
-1.42281 0.00000 -1.42281 -1.42281
-0.96255 0.00000 -0.96255 -0.96255
-2.37245 0.00000 -2.37245 -2.37245
-1.97080 0.00000 -1.97080 -1.97080
-1.09651 0.00000 -1.09651 -1.09651
5.54656 0.00000 5.54656 5.54656
-0.73169 0.00000 -0.73169 -0.73169
-0.37788 0.00000 -0.37788 -0.37788
-0.79520 0.00000 -0.79520 -0.79520
-1.30805 0.00000 -1.30805 -1.30805
-0.79918 0.00000 -0.79918 -0.79918
-0.74747 0.00000 -0.74747 -0.74747
0.13272 0.00000 0.13272 0.13272
-0.47160 0.00000 -0.47160 -0.47160
-1.11130 0.00000 -1.11130 -1.11130
-1.46098 0.00000 -1.46098 -1.46098
-0.41482 0.00000 -0.41482 -0.41482
0.70592 0.00000 0.70592 0.70592
4.15835 0.00000 4.15835 4.15835
1.89638 0.00000 1.89638 1.89638
