# avg	std	min	max
0.00000 0.00000 0.00000 0.00000
2.50193 0.00000 2.50193 2.50193
3.58995 0.00000 3.58995 3.58995
1.92375 0.00000 1.92375 1.92375
3.07573 0.00000 3.07573 3.07573
1.49420 0.00000 1.49420 1.49420
2.21492 0.00000 2.21492 2.21492
2.56740 0.00000 2.56740 2.56740
4.49265 0.00000 4.49265 4.49265
2.30211 0.00000 2.30211 2.30211
4.15293 0.00000 4.15293 4.15293
2.56764 0.00000 2.56764 2.56764
2.61845 0.00000 2.61845 2.61845
1.68292 0.00000 1.68292 1.68292
2.48216 0.00000 2.48216 2.48216
0.44519 0.00000 0.44519 0.44519
1.99988 0.00000 1.99988 1.99988
2.39866 0.00000 2.39866 2.39866
2.25612 0.00000 2.25612 2.25612
2.45234 0.00000 2.45234 2.45234
2.50362 0.00000 2.50362 2.50362
2.41469 0.00000 2.41469 2.41469
5.97407 0.00000 5.97407 5.97407
