# avg	std	min	max
-0.00000 0.00000 -0.00000 -0.00000
3.58148 0.00000 3.58148 3.58148
8.80668 0.00000 8.80668 8.80668
10.79412 0.00000 10.79412 10.79412
13.64740 0.00000 13.64740 13.64740
10.80277 0.00000 10.80277 10.80277
24.62738 0.00000 24.62738 24.62738
34.20190 0.00000 34.20190 34.20190
8.90156 0.00000 8.90156 8.90156
3.40326 0.00000 3.40326 3.40326
8.80793 0.00000 8.80793 8.80793
6.13006 0.00000 6.13006 6.13006
28.59552 0.00000 28.59552 28.59552
11.23366 0.00000 11.23366 11.23366
16.00876 0.00000 16.00876 16.00876
13.80424 0.00000 13.80424 13.80424
17.88048 0.00000 17.88048 17.88048
17.98444 0.00000 17.98444 17.98444
24.01340 0.00000 24.01340 24.01340
29.51024 0.00000 29.51024 29.51024
22.49316 0.00000 22.49316 22.49316
48.11274 0.00000 48.11274 48.11274
28.94182 0.00000 28.94182 28.94182
