# avg	std	min	max
0.00000 0.00000 0.00000 0.00000
5.47448 0.00000 5.47448 5.47448
8.93262 0.00000 8.93262 8.93262
9.99405 0.00000 9.99405 9.99405
13.20410 0.00000 13.20410 13.20410
7.99444 0.00000 7.99444 7.99444
12.98198 0.00000 12.98198 12.98198
13.56158 0.00000 13.56158 13.56158
10.17403 0.00000 10.17403 10.17403
5.21753 0.00000 5.21753 5.21753
11.20200 0.00000 11.20200 11.20200
6.39835 0.00000 6.39835 6.39835
12.44744 0.00000 12.44744 12.44744
9.91699 0.00000 9.91699 9.91699
9.77001 0.00000 9.77001 9.77001
10.85458 0.00000 10.85458 10.85458
11.24037 0.00000 11.24037 11.24037
9.40536 0.00000 9.40536 9.40536
9.21092 0.00000 9.21092 9.21092
14.44722 0.00000 14.44722 14.44722
12.33152 0.00000 12.33152 12.33152
12.71272 0.00000 12.71272 12.71272
17.67038 0.00000 17.67038 17.67038
