# avg	std	min	max
-0.00000 0.00000 -0.00000 -0.00000
3.39391 0.00000 3.39391 3.39391
6.02294 0.00000 6.02294 6.02294
4.06169 0.00000 4.06169 4.06169
5.70072 0.00000 5.70072 5.70072
3.29455 0.00000 3.29455 3.29455
3.51327 0.00000 3.51327 3.51327
3.02149 0.00000 3.02149 3.02149
8.70308 0.00000 8.70308 8.70308
4.21367 0.00000 4.21367 4.21367
6.52290 0.00000 6.52290 6.52290
4.12038 0.00000 4.12038 4.12038
3.84988 0.00000 3.84988 3.84988
3.97262 0.00000 3.97262 3.97262
3.98417 0.00000 3.98417 3.98417
4.97134 0.00000 4.97134 4.97134
4.56706 0.00000 4.56706 4.56706
4.44532 0.00000 4.44532 4.44532
3.84507 0.00000 3.84507 3.84507
4.66025 0.00000 4.66025 4.66025
5.05101 0.00000 5.05101 5.05101
3.38293 0.00000 3.38293 3.38293
7.20556 0.00000 7.20556 7.20556
