# avg	std	min	max
0.00000 0.00000 0.00000 0.00000
1.26054 0.00000 1.26054 1.26054
3.24015 0.00000 3.24015 3.24015
2.80419 0.00000 2.80419 2.80419
3.06487 0.00000 3.06487 3.06487
1.88855 0.00000 1.88855 1.88855
0.65999 0.00000 0.65999 0.65999
3.74961 0.00000 3.74961 3.74961
1.54929 0.00000 1.54929 1.54929
0.18816 0.00000 0.18816 0.18816
1.65532 0.00000 1.65532 1.65532
2.02923 0.00000 2.02923 2.02923
1.35864 0.00000 1.35864 1.35864
1.27706 0.00000 1.27706 1.27706
1.75346 0.00000 1.75346 1.75346
2.71671 0.00000 2.71671 2.71671
3.20567 0.00000 3.20567 3.20567
1.48785 0.00000 1.48785 1.48785
1.41855 0.00000 1.41855 1.41855
1.89850 0.00000 1.89850 1.89850
3.70990 0.00000 3.70990 3.70990
4.40047 0.00000 4.40047 4.40047
5.94447 0.00000 5.94447 5.94447
