# avg	std	min	max
0.00000 0.00000 0.00000 0.00000
-0.22833 0.00000 -0.22833 -0.22833
0.53018 0.00000 0.53018 0.53018
0.02956 0.00000 0.02956 0.02956
0.47786 0.00000 0.47786 0.47786
0.02844 0.00000 0.02844 0.02844
-0.21784 0.00000 -0.21784 -0.21784
0.22607 0.00000 0.22607 0.22607
-0.28132 0.00000 -0.28132 -0.28132
0.17736 0.00000 0.17736 0.17736
0.42446 0.00000 0.42446 0.42446
0.07967 0.00000 0.07967 0.07967
-0.36884 0.00000 -0.36884 -0.36884
0.55576 0.00000 0.55576 0.55576
0.27472 0.00000 0.27472 0.27472
0.74461 0.00000 0.74461 0.74461
-0.01965 0.00000 -0.01965 -0.01965
0.46982 0.00000 0.46982 0.46982
0.10289 0.00000 0.10289 0.10289
0.72880 0.00000 0.72880 0.72880
0.72674 0.00000 0.72674 0.72674
0.14531 0.00000 0.14531 0.14531
1.88863 0.00000 1.88863 1.88863
