# avg	std	min	max
-0.00000 0.00000 -0.00000 -0.00000
3.23530 0.00000 3.23530 3.23530
13.12386 0.00000 13.12386 13.12386
9.30994 0.00000 9.30994 9.30994
13.83478 0.00000 13.83478 13.83478
6.22486 0.00000 6.22486 6.22486
14.58138 0.00000 14.58138 14.58138
15.47058 0.00000 15.47058 15.47058
13.03108 0.00000 13.03108 13.03108
5.21464 0.00000 5.21464 5.21464
12.36082 0.00000 12.36082 12.36082
5.80096 0.00000 5.80096 5.80096
15.81176 0.00000 15.81176 15.81176
10.35403 0.00000 10.35403 10.35403
6.17634 0.00000 6.17634 6.17634
10.37470 0.00000 10.37470 10.37470
7.19790 0.00000 7.19790 7.19790
6.56399 0.00000 6.56399 6.56399
7.06803 0.00000 7.06803 7.06803
20.73332 0.00000 20.73332 20.73332
8.72179 0.00000 8.72179 8.72179
17.90374 0.00000 17.90374 17.90374
19.64296 0.00000 19.64296 19.64296
