# avg	std	min	max
0.00000 0.00000 0.00000 0.00000
1.76326 0.00000 1.76326 1.76326
1.92115 0.00000 1.92115 1.92115
1.85937 0.00000 1.85937 1.85937
1.84605 0.00000 1.84605 1.84605
1.45594 0.00000 1.45594 1.45594
1.87083 0.00000 1.87083 1.87083
1.74826 0.00000 1.74826 1.74826
3.85187 0.00000 3.85187 3.85187
1.59578 0.00000 1.59578 1.59578
1.99224 0.00000 1.99224 1.99224
1.75796 0.00000 1.75796 1.75796
1.89420 0.00000 1.89420 1.89420
1.46370 0.00000 1.46370 1.46370
1.47064 0.00000 1.47064 1.47064
1.78609 0.00000 1.78609 1.78609
1.48380 0.00000 1.48380 1.48380
1.38449 0.00000 1.38449 1.38449
1.26935 0.00000 1.26935 1.26935
1.61862 0.00000 1.61862 1.61862
1.87956 0.00000 1.87956 1.87956
1.54329 0.00000 1.54329 1.54329
2.02954 0.00000 2.02954 2.02954
