# avg	std	min	max
-0.00000 0.00000 -0.00000 -0.00000
-1.16189 0.00000 -1.16189 -1.16189
0.27253 0.00000 0.27253 0.27253
-1.19733 0.00000 -1.19733 -1.19733
0.34408 0.00000 0.34408 0.34408
-0.95379 0.00000 -0.95379 -0.95379
2.78361 0.00000 2.78361 2.78361
1.15560 0.00000 1.15560 1.15560
-0.83363 0.00000 -0.83363 -0.83363
-0.91917 0.00000 -0.91917 -0.91917
-0.62900 0.00000 -0.62900 -0.62900
-0.11622 0.00000 -0.11622 -0.11622
3.54302 0.00000 3.54302 3.54302
-1.46307 0.00000 -1.46307 -1.46307
-0.54497 0.00000 -0.54497 -0.54497
3.35450 0.00000 3.35450 3.35450
1.34404 0.00000 1.34404 1.34404
-0.64663 0.00000 -0.64663 -0.64663
-1.71851 0.00000 -1.71851 -1.71851
1.23005 0.00000 1.23005 1.23005
3.92190 0.00000 3.92190 3.92190
4.00181 0.00000 4.00181 4.00181
6.46921 0.00000 6.46921 6.46921
