# avg	std	min	max
0.25766 0.00000 0.25766 0.25766
0.47598 0.00000 0.47598 0.47598
0.31055 0.00000 0.31055 0.31055
-0.28939 0.00000 -0.28939 -0.28939
-0.44363 0.00000 -0.44363 -0.44363
-0.78807 0.00000 -0.78807 -0.78807
-0.99113 0.00000 -0.99113 -0.99113
-0.04465 0.00000 -0.04465 -0.04465
-0.57539 0.00000 -0.57539 -0.57539
0.66043 0.00000 0.66043 0.66043
0.37362 0.00000 0.37362 0.37362
0.20123 0.00000 0.20123 0.20123
-0.39417 0.00000 -0.39417 -0.39417
0.18071 0.00000 0.18071 0.18071
0.24414 0.00000 0.24414 0.24414
0.40515 0.00000 0.40515 0.40515
0.04914 0.00000 0.04914 0.04914
-0.01390 0.00000 -0.01390 -0.01390
-0.25120 0.00000 -0.25120 -0.25120
-0.00930 0.00000 -0.00930 -0.00930
0.86942 0.00000 0.86942 0.86942
-0.08735 0.00000 -0.08735 -0.08735
0.79414 0.00000 0.79414 0.79414
