# avg	std	min	max
1.60511 0.00000 1.60511 1.60511
2.41187 0.00000 2.41187 2.41187
3.10693 0.00000 3.10693 3.10693
1.17627 0.00000 1.17627 1.17627
3.25732 0.00000 3.25732 3.25732
0.31666 0.00000 0.31666 0.31666
1.80368 0.00000 1.80368 1.80368
10.71203 0.00000 10.71203 10.71203
4.64078 0.00000 4.64078 4.64078
2.26954 0.00000 2.26954 2.26954
3.88533 0.00000 3.88533 3.88533
1.79240 0.00000 1.79240 1.79240
3.07402 0.00000 3.07402 3.07402
0.38102 0.00000 0.38102 0.38102
2.91131 0.00000 2.91131 2.91131
1.35966 0.00000 1.35966 1.35966
1.65900 0.00000 1.65900 1.65900
3.17662 0.00000 3.17662 3.17662
3.45892 0.00000 3.45892 3.45892
0.23371 0.00000 0.23371 0.23371
6.34902 0.00000 6.34902 6.34902
7.20738 0.00000 7.20738 7.20738
6.77805 0.00000 6.77805 6.77805
