# avg	std	min	max
2.47443 0.00000 2.47443 2.47443
1.03559 0.00000 1.03559 1.03559
-0.32392 0.00000 -0.32392 -0.32392
-1.23987 0.00000 -1.23987 -1.23987
2.79585 0.00000 2.79585 2.79585
-1.27232 0.00000 -1.27232 -1.27232
-1.99084 0.00000 -1.99084 -1.99084
-1.54341 0.00000 -1.54341 -1.54341
3.58171 0.00000 3.58171 3.58171
1.55179 0.00000 1.55179 1.55179
1.35680 0.00000 1.35680 1.35680
0.95634 0.00000 0.95634 0.95634
-1.47004 0.00000 -1.47004 -1.47004
1.05681 0.00000 1.05681 1.05681
1.16498 0.00000 1.16498 1.16498
3.24152 0.00000 3.24152 3.24152
1.88029 0.00000 1.88029 1.88029
-0.03720 0.00000 -0.03720 -0.03720
-0.00628 0.00000 -0.00628 -0.00628
0.04147 0.00000 0.04147 0.04147
5.03170 0.00000 5.03170 5.03170
-1.71403 0.00000 -1.71403 -1.71403
8.75900 0.00000 8.75900 8.75900
