# avg	std	min	max
3.70710 0.00000 3.70710 3.70710
1.96135 0.00000 1.96135 1.96135
3.40846 0.00000 3.40846 3.40846
0.80201 0.00000 0.80201 0.80201
2.46611 0.00000 2.46611 2.46611
-0.31406 0.00000 -0.31406 -0.31406
-0.98235 0.00000 -0.98235 -0.98235
-0.88930 0.00000 -0.88930 -0.88930
3.52277 0.00000 3.52277 3.52277
1.39327 0.00000 1.39327 1.39327
1.74068 0.00000 1.74068 1.74068
1.48943 0.00000 1.48943 1.48943
0.20722 0.00000 0.20722 0.20722
1.35608 0.00000 1.35608 1.35608
1.12448 0.00000 1.12448 1.12448
1.91221 0.00000 1.91221 1.91221
1.93699 0.00000 1.93699 1.93699
1.29434 0.00000 1.29434 1.29434
1.21809 0.00000 1.21809 1.21809
-0.00752 0.00000 -0.00752 -0.00752
5.20200 0.00000 5.20200 5.20200
1.02302 0.00000 1.02302 1.02302
8.56809 0.00000 8.56809 8.56809
