# avg	std	min	max
1.23823 0.00000 1.23823 1.23823
0.92345 0.00000 0.92345 0.92345
2.65008 0.00000 2.65008 2.65008
-1.00793 0.00000 -1.00793 -1.00793
2.47975 0.00000 2.47975 2.47975
-1.09733 0.00000 -1.09733 -1.09733
-1.24671 0.00000 -1.24671 -1.24671
0.51638 0.00000 0.51638 0.51638
4.53671 0.00000 4.53671 4.53671
0.92988 0.00000 0.92988 0.92988
1.79024 0.00000 1.79024 1.79024
0.40610 0.00000 0.40610 0.40610
-1.42581 0.00000 -1.42581 -1.42581
-0.37169 0.00000 -0.37169 -0.37169
0.35205 0.00000 0.35205 0.35205
2.18096 0.00000 2.18096 2.18096
1.47430 0.00000 1.47430 1.47430
-1.98005 0.00000 -1.98005 -1.98005
0.13890 0.00000 0.13890 0.13890
-0.02672 0.00000 -0.02672 -0.02672
3.80613 0.00000 3.80613 3.80613
0.00094 0.00000 0.00094 0.00094
3.67674 0.00000 3.67674 3.67674
