# avg	std	min	max
1.41354 0.00000 1.41354 1.41354
0.77860 0.00000 0.77860 0.77860
1.26126 0.00000 1.26126 1.26126
-0.58172 0.00000 -0.58172 -0.58172
0.31545 0.00000 0.31545 0.31545
-0.70997 0.00000 -0.70997 -0.70997
-1.49671 0.00000 -1.49671 -1.49671
-1.22539 0.00000 -1.22539 -1.22539
1.29492 0.00000 1.29492 1.29492
1.53633 0.00000 1.53633 1.53633
0.94743 0.00000 0.94743 0.94743
0.83094 0.00000 0.83094 0.83094
-1.57969 0.00000 -1.57969 -1.57969
1.11422 0.00000 1.11422 1.11422
1.19026 0.00000 1.19026 1.19026
1.66795 0.00000 1.66795 1.66795
1.39835 0.00000 1.39835 1.39835
-0.31086 0.00000 -0.31086 -0.31086
0.48068 0.00000 0.48068 0.48068
-0.03223 0.00000 -0.03223 -0.03223
3.49337 0.00000 3.49337 3.49337
1.03522 0.00000 1.03522 1.03522
6.57057 0.00000 6.57057 6.57057
