# avg	std	min	max
1.97317 0.00000 1.97317 1.97317
1.14477 0.00000 1.14477 1.14477
0.53713 0.00000 0.53713 0.53713
-1.16833 0.00000 -1.16833 -1.16833
1.15119 0.00000 1.15119 1.15119
-0.42112 0.00000 -0.42112 -0.42112
2.53773 0.00000 2.53773 2.53773
4.42454 0.00000 4.42454 4.42454
0.55693 0.00000 0.55693 0.55693
1.86185 0.00000 1.86185 1.86185
2.21125 0.00000 2.21125 2.21125
1.04610 0.00000 1.04610 1.04610
3.82362 0.00000 3.82362 3.82362
1.95661 0.00000 1.95661 1.95661
1.73198 0.00000 1.73198 1.73198
2.53304 0.00000 2.53304 2.53304
2.49996 0.00000 2.49996 2.49996
0.62390 0.00000 0.62390 0.62390
1.35512 0.00000 1.35512 1.35512
-0.16538 0.00000 -0.16538 -0.16538
4.00692 0.00000 4.00692 4.00692
6.38850 0.00000 6.38850 6.38850
5.74011 0.00000 5.74011 5.74011
