# avg	std	min	max
3.92480 0.00000 3.92480 3.92480
2.33982 0.00000 2.33982 2.33982
1.32801 0.00000 1.32801 1.32801
0.93415 0.00000 0.93415 0.93415
0.63615 0.00000 0.63615 0.63615
0.85259 0.00000 0.85259 0.85259
-0.24434 0.00000 -0.24434 -0.24434
1.09862 0.00000 1.09862 1.09862
5.18615 0.00000 5.18615 5.18615
2.52820 0.00000 2.52820 2.52820
2.46419 0.00000 2.46419 2.46419
1.96431 0.00000 1.96431 1.96431
-0.29485 0.00000 -0.29485 -0.29485
1.82322 0.00000 1.82322 1.82322
1.29249 0.00000 1.29249 1.29249
1.88806 0.00000 1.88806 1.88806
2.06216 0.00000 2.06216 2.06216
2.17797 0.00000 2.17797 2.17797
1.67087 0.00000 1.67087 1.67087
-0.01609 0.00000 -0.01609 -0.01609
5.12380 0.00000 5.12380 5.12380
2.16969 0.00000 2.16969 2.16969
6.04806 0.00000 6.04806 6.04806
