# avg	std	min	max
2.34754 0.00000 2.34754 2.34754
1.35812 0.00000 1.35812 1.35812
1.19819 0.00000 1.19819 1.19819
0.28304 0.00000 0.28304 0.28304
0.73788 0.00000 0.73788 0.73788
0.02025 0.00000 0.02025 0.02025
-0.90730 0.00000 -0.90730 -0.90730
0.67916 0.00000 0.67916 0.67916
0.59111 0.00000 0.59111 0.59111
2.03834 0.00000 2.03834 2.03834
1.86402 0.00000 1.86402 1.86402
1.74519 0.00000 1.74519 1.74519
0.01991 0.00000 0.01991 0.01991
1.66320 0.00000 1.66320 1.66320
0.83216 0.00000 0.83216 0.83216
1.50543 0.00000 1.50543 1.50543
1.36852 0.00000 1.36852 1.36852
1.27587 0.00000 1.27587 1.27587
0.68939 0.00000 0.68939 0.68939
0.03176 0.00000 0.03176 0.03176
2.54478 0.00000 2.54478 2.54478
2.71562 0.00000 2.71562 2.71562
2.05391 0.00000 2.05391 2.05391
