# avg	std	min	max
2.60917 0.00000 2.60917 2.60917
3.04504 0.00000 3.04504 3.04504
1.61182 0.00000 1.61182 1.61182
-0.70284 0.00000 -0.70284 -0.70284
-0.00390 0.00000 -0.00390 -0.00390
-0.03909 0.00000 -0.03909 -0.03909
1.57223 0.00000 1.57223 1.57223
2.43715 0.00000 2.43715 2.43715
2.64958 0.00000 2.64958 2.64958
2.50575 0.00000 2.50575 2.50575
2.15302 0.00000 2.15302 2.15302
1.80295 0.00000 1.80295 1.80295
1.71153 0.00000 1.71153 1.71153
2.77481 0.00000 2.77481 2.77481
1.79679 0.00000 1.79679 1.79679
3.47150 0.00000 3.47150 3.47150
2.94827 0.00000 2.94827 2.94827
1.10287 0.00000 1.10287 1.10287
0.47060 0.00000 0.47060 0.47060
1.22300 0.00000 1.22300 1.22300
3.55286 0.00000 3.55286 3.55286
1.43993 0.00000 1.43993 1.43993
2.97416 0.00000 2.97416 2.97416
