# avg	std	min	max
3.39472 0.00000 3.39472 3.39472
2.13062 0.00000 2.13062 2.13062
0.45398 0.00000 0.45398 0.45398
0.11043 0.00000 0.11043 0.11043
-0.01392 0.00000 -0.01392 -0.01392
0.08832 0.00000 0.08832 0.08832
0.36709 0.00000 0.36709 0.36709
1.13504 0.00000 1.13504 1.13504
4.56127 0.00000 4.56127 4.56127
3.60672 0.00000 3.60672 3.60672
1.73211 0.00000 1.73211 1.73211
2.27110 0.00000 2.27110 2.27110
0.13127 0.00000 0.13127 0.13127
3.15390 0.00000 3.15390 3.15390
1.31000 0.00000 1.31000 1.31000
4.58855 0.00000 4.58855 4.58855
3.00877 0.00000 3.00877 3.00877
0.35219 0.00000 0.35219 0.35219
-0.25768 0.00000 -0.25768 -0.25768
2.26190 0.00000 2.26190 2.26190
5.62373 0.00000 5.62373 5.62373
0.73978 0.00000 0.73978 0.73978
4.75764 0.00000 4.75764 4.75764
