# avg	std	min	max
1.37225 0.00000 1.37225 1.37225
1.46328 0.00000 1.46328 1.46328
0.60427 0.00000 0.60427 0.60427
-0.15697 0.00000 -0.15697 -0.15697
-0.00327 0.00000 -0.00327 -0.00327
-1.05875 0.00000 -1.05875 -1.05875
-1.16629 0.00000 -1.16629 -1.16629
-0.15595 0.00000 -0.15595 -0.15595
2.52710 0.00000 2.52710 2.52710
1.21372 0.00000 1.21372 1.21372
0.53613 0.00000 0.53613 0.53613
0.78807 0.00000 0.78807 0.78807
-0.73800 0.00000 -0.73800 -0.73800
1.24200 0.00000 1.24200 1.24200
0.70961 0.00000 0.70961 0.70961
1.50324 0.00000 1.50324 1.50324
0.81409 0.00000 0.81409 0.81409
0.07719 0.00000 0.07719 0.07719
0.34369 0.00000 0.34369 0.34369
0.95118 0.00000 0.95118 0.95118
1.21256 0.00000 1.21256 1.21256
-1.48754 0.00000 -1.48754 -1.48754
0.61999 0.00000 0.61999 0.61999
