# avg	std	min	max
7.06360 0.00000 7.06360 7.06360
5.43346 0.00000 5.43346 5.43346
1.46699 0.00000 1.46699 1.46699
0.86403 0.00000 0.86403 0.86403
0.00005 0.00000 0.00005 0.00005
0.36617 0.00000 0.36617 0.36617
2.57270 0.00000 2.57270 2.57270
6.38388 0.00000 6.38388 6.38388
6.73781 0.00000 6.73781 6.73781
6.29857 0.00000 6.29857 6.29857
4.08104 0.00000 4.08104 4.08104
4.37207 0.00000 4.37207 4.37207
3.60862 0.00000 3.60862 3.60862
4.89415 0.00000 4.89415 4.89415
4.58753 0.00000 4.58753 4.58753
6.36245 0.00000 6.36245 6.36245
5.95823 0.00000 5.95823 5.95823
4.41869 0.00000 4.41869 4.41869
4.92539 0.00000 4.92539 4.92539
4.03105 0.00000 4.03105 4.03105
9.43238 0.00000 9.43238 9.43238
9.93000 0.00000 9.93000 9.93000
7.80713 0.00000 7.80713 7.80713
