# avg	std	min	max
6.06604 0.00000 6.06604 6.06604
4.89577 0.00000 4.89577 4.89577
1.41407 0.00000 1.41407 1.41407
0.70260 0.00000 0.70260 0.70260
-0.00385 0.00000 -0.00385 -0.00385
0.54057 0.00000 0.54057 0.54057
8.08424 0.00000 8.08424 8.08424
7.27045 0.00000 7.27045 7.27045
6.17428 0.00000 6.17428 6.17428
5.18393 0.00000 5.18393 5.18393
2.77742 0.00000 2.77742 2.77742
3.68032 0.00000 3.68032 3.68032
11.64455 0.00000 11.64455 11.64455
4.28779 0.00000 4.28779 4.28779
3.32199 0.00000 3.32199 3.32199
5.31529 0.00000 5.31529 5.31529
4.64442 0.00000 4.64442 4.64442
3.57755 0.00000 3.57755 3.57755
3.45097 0.00000 3.45097 3.45097
6.28458 0.00000 6.28458 6.28458
7.39906 0.00000 7.39906 7.39906
23.92602 0.00000 23.92602 23.92602
5.66468 0.00000 5.66468 5.66468
