# avg	std	min	max
3.73819 0.00000 3.73819 3.73819
3.06299 0.00000 3.06299 3.06299
1.51323 0.00000 1.51323 1.51323
-0.34312 0.00000 -0.34312 -0.34312
0.00252 0.00000 0.00252 0.00252
-0.65582 0.00000 -0.65582 -0.65582
-1.04976 0.00000 -1.04976 -1.04976
1.97084 0.00000 1.97084 1.97084
2.61584 0.00000 2.61584 2.61584
3.78596 0.00000 3.78596 3.78596
2.65482 0.00000 2.65482 2.65482
2.40677 0.00000 2.40677 2.40677
1.88519 0.00000 1.88519 1.88519
3.41221 0.00000 3.41221 3.41221
2.88149 0.00000 2.88149 2.88149
4.58209 0.00000 4.58209 4.58209
3.23544 0.00000 3.23544 3.23544
1.57682 0.00000 1.57682 1.57682
2.44190 0.00000 2.44190 2.44190
2.32354 0.00000 2.32354 2.32354
4.78821 0.00000 4.78821 4.78821
6.88291 0.00000 6.88291 6.88291
3.99122 0.00000 3.99122 3.99122
