# avg	std	min	max
5.19901 0.00000 5.19901 5.19901
3.48481 0.00000 3.48481 3.48481
1.46718 0.00000 1.46718 1.46718
-0.00607 0.00000 -0.00607 -0.00607
-0.00000 0.00000 -0.00000 -0.00000
-0.12629 0.00000 -0.12629 -0.12629
3.19570 0.00000 3.19570 3.19570
4.27417 0.00000 4.27417 4.27417
6.74327 0.00000 6.74327 6.74327
4.19846 0.00000 4.19846 4.19846
2.79183 0.00000 2.79183 2.79183
3.48493 0.00000 3.48493 3.48493
5.98052 0.00000 5.98052 5.98052
3.56980 0.00000 3.56980 3.56980
3.30103 0.00000 3.30103 3.30103
5.27466 0.00000 5.27466 5.27466
4.46731 0.00000 4.46731 4.46731
3.44038 0.00000 3.44038 3.44038
4.07135 0.00000 4.07135 4.07135
3.62661 0.00000 3.62661 3.62661
7.80034 0.00000 7.80034 7.80034
15.88204 0.00000 15.88204 15.88204
6.70026 0.00000 6.70026 6.70026
