# avg	std	min	max
3.61004 0.00000 3.61004 3.61004
2.35179 0.00000 2.35179 2.35179
0.70197 0.00000 0.70197 0.70197
0.45079 0.00000 0.45079 0.45079
-0.00978 0.00000 -0.00978 -0.00978
-0.20366 0.00000 -0.20366 -0.20366
2.66214 0.00000 2.66214 2.66214
2.58643 0.00000 2.58643 2.58643
1.36749 0.00000 1.36749 1.36749
3.37848 0.00000 3.37848 3.37848
1.72039 0.00000 1.72039 1.72039
2.09782 0.00000 2.09782 2.09782
3.19139 0.00000 3.19139 3.19139
2.93959 0.00000 2.93959 2.93959
1.91844 0.00000 1.91844 1.91844
3.32203 0.00000 3.32203 3.32203
3.15577 0.00000 3.15577 3.15577
2.13083 0.00000 2.13083 2.13083
2.68780 0.00000 2.68780 2.68780
5.27903 0.00000 5.27903 5.27903
5.49235 0.00000 5.49235 5.49235
3.59169 0.00000 3.59169 3.59169
4.68870 0.00000 4.68870 4.68870
