# avg	std	min	max
0.88171 0.00000 0.88171 0.88171
0.25384 0.00000 0.25384 0.25384
0.07864 0.00000 0.07864 0.07864
-0.01955 0.00000 -0.01955 -0.01955
-0.10400 0.00000 -0.10400 -0.10400
-0.18186 0.00000 -0.18186 -0.18186
-0.03808 0.00000 -0.03808 -0.03808
0.28463 0.00000 0.28463 0.28463
2.48245 0.00000 2.48245 2.48245
0.50822 0.00000 0.50822 0.50822
0.50038 0.00000 0.50038 0.50038
0.53139 0.00000 0.53139 0.53139
0.24183 0.00000 0.24183 0.24183
0.44838 0.00000 0.44838 0.44838
0.32181 0.00000 0.32181 0.32181
0.72118 0.00000 0.72118 0.72118
0.34929 0.00000 0.34929 0.34929
0.09743 0.00000 0.09743 0.09743
0.03644 0.00000 0.03644 0.03644
0.76954 0.00000 0.76954 0.76954
-0.03655 0.00000 -0.03655 -0.03655
-0.05950 0.00000 -0.05950 -0.05950
0.58000 0.00000 0.58000 0.58000
