# avg	std	min	max
0.71073 0.00000 0.71073 0.71073
0.44016 0.00000 0.44016 0.44016
0.08201 0.00000 0.08201 0.08201
-0.02219 0.00000 -0.02219 -0.02219
-0.00439 0.00000 -0.00439 -0.00439
-0.02168 0.00000 -0.02168 -0.02168
-0.17998 0.00000 -0.17998 -0.17998
-0.11095 0.00000 -0.11095 -0.11095
2.06466 0.00000 2.06466 2.06466
0.49945 0.00000 0.49945 0.49945
0.11116 0.00000 0.11116 0.11116
0.31080 0.00000 0.31080 0.31080
-0.11195 0.00000 -0.11195 -0.11195
0.33339 0.00000 0.33339 0.33339
0.07406 0.00000 0.07406 0.07406
0.35571 0.00000 0.35571 0.35571
0.09912 0.00000 0.09912 0.09912
-0.02954 0.00000 -0.02954 -0.02954
-0.06510 0.00000 -0.06510 -0.06510
0.25887 0.00000 0.25887 0.25887
0.39789 0.00000 0.39789 0.39789
-0.50879 0.00000 -0.50879 -0.50879
-0.02858 0.00000 -0.02858 -0.02858
