# avg	std	min	max
2.46060 0.00000 2.46060 2.46060
1.79550 0.00000 1.79550 1.79550
1.59133 0.00000 1.59133 1.59133
0.88858 0.00000 0.88858 0.88858
-0.00229 0.00000 -0.00229 -0.00229
0.69412 0.00000 0.69412 0.69412
1.77711 0.00000 1.77711 1.77711
2.74138 0.00000 2.74138 2.74138
6.62674 0.00000 6.62674 6.62674
1.65230 0.00000 1.65230 1.65230
1.36726 0.00000 1.36726 1.36726
1.57119 0.00000 1.57119 1.57119
1.46502 0.00000 1.46502 1.46502
1.46131 0.00000 1.46131 1.46131
1.39763 0.00000 1.39763 1.39763
2.56561 0.00000 2.56561 2.56561
2.55037 0.00000 2.55037 2.55037
1.37383 0.00000 1.37383 1.37383
1.62478 0.00000 1.62478 1.62478
2.66782 0.00000 2.66782 2.66782
3.76618 0.00000 3.76618 3.76618
2.72482 0.00000 2.72482 2.72482
4.30520 0.00000 4.30520 4.30520
