# avg	std	min	max
1.88913 0.00000 1.88913 1.88913
1.08519 0.00000 1.08519 1.08519
0.79531 0.00000 0.79531 0.79531
-0.86115 0.00000 -0.86115 -0.86115
0.00574 0.00000 0.00574 0.00574
-1.39709 0.00000 -1.39709 -1.39709
0.57863 0.00000 0.57863 0.57863
0.97370 0.00000 0.97370 0.97370
0.66923 0.00000 0.66923 0.66923
1.54921 0.00000 1.54921 1.54921
1.10790 0.00000 1.10790 1.10790
0.45943 0.00000 0.45943 0.45943
0.96235 0.00000 0.96235 0.96235
1.38683 0.00000 1.38683 1.38683
0.42216 0.00000 0.42216 0.42216
2.05815 0.00000 2.05815 2.05815
1.18286 0.00000 1.18286 1.18286
-0.04687 0.00000 -0.04687 -0.04687
0.38788 0.00000 0.38788 0.38788
1.71584 0.00000 1.71584 1.71584
2.30064 0.00000 2.30064 2.30064
1.04197 0.00000 1.04197 1.04197
1.96769 0.00000 1.96769 1.96769
