# avg	std	min	max
5.26930 0.00000 5.26930 5.26930
3.59295 0.00000 3.59295 3.59295
0.77352 0.00000 0.77352 0.77352
0.75811 0.00000 0.75811 0.75811
-0.00893 0.00000 -0.00893 -0.00893
1.41069 0.00000 1.41069 1.41069
2.03753 0.00000 2.03753 2.03753
7.31246 0.00000 7.31246 7.31246
8.26047 0.00000 8.26047 8.26047
4.43033 0.00000 4.43033 4.43033
2.63812 0.00000 2.63812 2.63812
2.41770 0.00000 2.41770 2.41770
2.71668 0.00000 2.71668 2.71668
2.51097 0.00000 2.51097 2.51097
2.83906 0.00000 2.83906 2.83906
3.29878 0.00000 3.29878 3.29878
3.29558 0.00000 3.29558 3.29558
2.66897 0.00000 2.66897 2.66897
2.63151 0.00000 2.63151 2.63151
3.16522 0.00000 3.16522 3.16522
6.12506 0.00000 6.12506 6.12506
4.52648 0.00000 4.52648 4.52648
4.46815 0.00000 4.46815 4.46815
