# avg	std	min	max
2.88938 0.00000 2.88938 2.88938
2.24544 0.00000 2.24544 2.24544
0.38290 0.00000 0.38290 0.38290
0.19116 0.00000 0.19116 0.19116
-0.00110 0.00000 -0.00110 -0.00110
-0.02983 0.00000 -0.02983 -0.02983
1.46528 0.00000 1.46528 1.46528
1.54582 0.00000 1.54582 1.54582
6.86374 0.00000 6.86374 6.86374
2.56119 0.00000 2.56119 2.56119
1.92048 0.00000 1.92048 1.92048
1.62367 0.00000 1.62367 1.62367
1.65857 0.00000 1.65857 1.65857
2.43065 0.00000 2.43065 2.43065
2.05040 0.00000 2.05040 2.05040
2.53369 0.00000 2.53369 2.53369
2.37231 0.00000 2.37231 2.37231
1.46349 0.00000 1.46349 1.46349
1.42204 0.00000 1.42204 1.42204
3.03002 0.00000 3.03002 3.03002
2.86572 0.00000 2.86572 2.86572
1.34795 0.00000 1.34795 1.34795
2.33688 0.00000 2.33688 2.33688
