# avg	std	min	max
1.98434 0.00000 1.98434 1.98434
1.21627 0.00000 1.21627 1.21627
0.22045 0.00000 0.22045 0.22045
0.19988 0.00000 0.19988 0.19988
0.00003 0.00000 0.00003 0.00003
0.18551 0.00000 0.18551 0.18551
0.45834 0.00000 0.45834 0.45834
0.38160 0.00000 0.38160 0.38160
1.11382 0.00000 1.11382 1.11382
1.58776 0.00000 1.58776 1.58776
0.78527 0.00000 0.78527 0.78527
1.14595 0.00000 1.14595 1.14595
0.55317 0.00000 0.55317 0.55317
1.35161 0.00000 1.35161 1.35161
0.43665 0.00000 0.43665 0.43665
1.64927 0.00000 1.64927 1.64927
1.03288 0.00000 1.03288 1.03288
0.25300 0.00000 0.25300 0.25300
0.63502 0.00000 0.63502 0.63502
1.22599 0.00000 1.22599 1.22599
1.51503 0.00000 1.51503 1.51503
0.38205 0.00000 0.38205 0.38205
1.33513 0.00000 1.33513 1.33513
