# avg	std	min	max
3.65899 0.00000 3.65899 3.65899
2.56427 0.00000 2.56427 2.56427
0.56924 0.00000 0.56924 0.56924
0.32683 0.00000 0.32683 0.32683
0.00842 0.00000 0.00842 0.00842
0.53867 0.00000 0.53867 0.53867
0.37660 0.00000 0.37660 0.37660
1.66771 0.00000 1.66771 1.66771
5.16158 0.00000 5.16158 5.16158
3.65457 0.00000 3.65457 3.65457
2.67611 0.00000 2.67611 2.67611
2.51477 0.00000 2.51477 2.51477
1.07083 0.00000 1.07083 1.07083
3.01227 0.00000 3.01227 3.01227
1.71252 0.00000 1.71252 1.71252
3.24997 0.00000 3.24997 3.24997
2.16444 0.00000 2.16444 2.16444
1.54850 0.00000 1.54850 1.54850
1.95037 0.00000 1.95037 1.95037
2.43751 0.00000 2.43751 2.43751
4.42649 0.00000 4.42649 4.42649
1.05042 0.00000 1.05042 1.05042
4.85968 0.00000 4.85968 4.85968
