# avg	std	min	max
4.65849 0.00000 4.65849 4.65849
3.25244 0.00000 3.25244 3.25244
0.80016 0.00000 0.80016 0.80016
-0.11465 0.00000 -0.11465 -0.11465
-0.00420 0.00000 -0.00420 -0.00420
0.20502 0.00000 0.20502 0.20502
3.31719 0.00000 3.31719 3.31719
13.03360 0.00000 13.03360 13.03360
2.49861 0.00000 2.49861 2.49861
4.47266 0.00000 4.47266 4.47266
3.20033 0.00000 3.20033 3.20033
2.60253 0.00000 2.60253 2.60253
5.77818 0.00000 5.77818 5.77818
3.46633 0.00000 3.46633 3.46633
3.27400 0.00000 3.27400 3.27400
5.26470 0.00000 5.26470 5.26470
4.66303 0.00000 4.66303 4.66303
4.56642 0.00000 4.56642 4.56642
8.62929 0.00000 8.62929 8.62929
4.95349 0.00000 4.95349 4.95349
8.39634 0.00000 8.39634 8.39634
19.03468 0.00000 19.03468 19.03468
11.28438 0.00000 11.28438 11.28438
