# avg	std	min	max
4.01146 0.00000 4.01146 4.01146
2.58418 0.00000 2.58418 2.58418
0.48598 0.00000 0.48598 0.48598
0.15463 0.00000 0.15463 0.15463
-0.03064 0.00000 -0.03064 -0.03064
0.11742 0.00000 0.11742 0.11742
-0.44222 0.00000 -0.44222 -0.44222
1.92595 0.00000 1.92595 1.92595
2.29912 0.00000 2.29912 2.29912
3.11341 0.00000 3.11341 3.11341
1.88932 0.00000 1.88932 1.88932
1.94482 0.00000 1.94482 1.94482
0.01929 0.00000 0.01929 0.01929
2.30373 0.00000 2.30373 2.30373
2.02077 0.00000 2.02077 2.02077
3.40426 0.00000 3.40426 3.40426
3.10381 0.00000 3.10381 3.10381
1.06712 0.00000 1.06712 1.06712
1.06192 0.00000 1.06192 1.06192
2.24535 0.00000 2.24535 2.24535
4.89571 0.00000 4.89571 4.89571
0.26157 0.00000 0.26157 0.26157
4.07356 0.00000 4.07356 4.07356
