# avg	std	min	max
3.16145 0.00000 3.16145 3.16145
1.91573 0.00000 1.91573 1.91573
0.73835 0.00000 0.73835 0.73835
0.92950 0.00000 0.92950 0.92950
-0.01676 0.00000 -0.01676 -0.01676
0.26526 0.00000 0.26526 0.26526
0.36337 0.00000 0.36337 0.36337
2.81485 0.00000 2.81485 2.81485
2.32278 0.00000 2.32278 2.32278
1.63047 0.00000 1.63047 1.63047
0.60956 0.00000 0.60956 0.60956
1.95014 0.00000 1.95014 1.95014
1.05227 0.00000 1.05227 1.05227
2.65083 0.00000 2.65083 2.65083
1.63825 0.00000 1.63825 1.63825
2.65307 0.00000 2.65307 2.65307
2.70607 0.00000 2.70607 2.70607
1.82733 0.00000 1.82733 1.82733
4.18097 0.00000 4.18097 4.18097
1.85560 0.00000 1.85560 1.85560
5.42920 0.00000 5.42920 5.42920
1.06188 0.00000 1.06188 1.06188
4.65772 0.00000 4.65772 4.65772
