# avg	std	min	max
3.79912 0.00000 3.79912 3.79912
2.33607 0.00000 2.33607 2.33607
1.31231 0.00000 1.31231 1.31231
-0.31103 0.00000 -0.31103 -0.31103
-0.00195 0.00000 -0.00195 -0.00195
-0.02976 0.00000 -0.02976 -0.02976
2.13905 0.00000 2.13905 2.13905
4.11191 0.00000 4.11191 4.11191
6.72620 0.00000 6.72620 6.72620
2.56135 0.00000 2.56135 2.56135
2.80276 0.00000 2.80276 2.80276
2.45059 0.00000 2.45059 2.45059
1.37628 0.00000 1.37628 1.37628
2.29890 0.00000 2.29890 2.29890
1.93983 0.00000 1.93983 1.93983
3.09894 0.00000 3.09894 3.09894
3.76554 0.00000 3.76554 3.76554
2.36237 0.00000 2.36237 2.36237
2.04172 0.00000 2.04172 2.04172
2.85753 0.00000 2.85753 2.85753
6.66351 0.00000 6.66351 6.66351
1.94252 0.00000 1.94252 1.94252
7.46650 0.00000 7.46650 7.46650
