# avg	std	min	max
5.63958 0.00000 5.63958 5.63958
3.66058 0.00000 3.66058 3.66058
1.13450 0.00000 1.13450 1.13450
0.71335 0.00000 0.71335 0.71335
0.00423 0.00000 0.00423 0.00423
0.39711 0.00000 0.39711 0.39711
6.00864 0.00000 6.00864 6.00864
16.82710 0.00000 16.82710 16.82710
4.35307 0.00000 4.35307 4.35307
5.03356 0.00000 5.03356 5.03356
3.34062 0.00000 3.34062 3.34062
3.68948 0.00000 3.68948 3.68948
10.03995 0.00000 10.03995 10.03995
4.33318 0.00000 4.33318 4.33318
3.86109 0.00000 3.86109 3.86109
5.39779 0.00000 5.39779 5.39779
5.10066 0.00000 5.10066 5.10066
5.04981 0.00000 5.04981 5.04981
7.70418 0.00000 7.70418 7.70418
5.05194 0.00000 5.05194 5.05194
9.74418 0.00000 9.74418 9.74418
37.01816 0.00000 37.01816 37.01816
9.56693 0.00000 9.56693 9.56693
