# avg	std	min	max
4.31951 0.00000 4.31951 4.31951
2.81857 0.00000 2.81857 2.81857
0.95302 0.00000 0.95302 0.95302
0.59416 0.00000 0.59416 0.59416
0.00041 0.00000 0.00041 0.00041
0.42500 0.00000 0.42500 0.42500
6.79698 0.00000 6.79698 6.79698
10.86213 0.00000 10.86213 10.86213
6.31662 0.00000 6.31662 6.31662
3.42088 0.00000 3.42088 3.42088
1.92952 0.00000 1.92952 1.92952
3.01175 0.00000 3.01175 3.01175
10.62345 0.00000 10.62345 10.62345
3.84059 0.00000 3.84059 3.84059
2.65513 0.00000 2.65513 2.65513
4.52811 0.00000 4.52811 4.52811
3.78341 0.00000 3.78341 3.78341
1.97944 0.00000 1.97944 1.97944
1.65425 0.00000 1.65425 1.65425
4.46935 0.00000 4.46935 4.46935
6.84582 0.00000 6.84582 6.84582
16.45406 0.00000 16.45406 16.45406
5.03921 0.00000 5.03921 5.03921
