# avg	std	min	max
4.85673 0.00000 4.85673 4.85673
2.95847 0.00000 2.95847 2.95847
1.26977 0.00000 1.26977 1.26977
-0.01596 0.00000 -0.01596 -0.01596
-0.05481 0.00000 -0.05481 -0.05481
0.07911 0.00000 0.07911 0.07911
4.35917 0.00000 4.35917 4.35917
11.45348 0.00000 11.45348 11.45348
4.88468 0.00000 4.88468 4.88468
3.38022 0.00000 3.38022 3.38022
1.99200 0.00000 1.99200 1.99200
3.15838 0.00000 3.15838 3.15838
6.92284 0.00000 6.92284 6.92284
2.94075 0.00000 2.94075 2.94075
3.74394 0.00000 3.74394 3.74394
3.39984 0.00000 3.39984 3.39984
4.73518 0.00000 4.73518 4.73518
5.28045 0.00000 5.28045 5.28045
8.76890 0.00000 8.76890 8.76890
8.12560 0.00000 8.12560 8.12560
9.08926 0.00000 9.08926 9.08926
29.34664 0.00000 29.34664 29.34664
8.14591 0.00000 8.14591 8.14591
