# avg	std	min	max
1.39129 0.00000 1.39129 1.39129
0.60657 0.00000 0.60657 0.60657
1.22401 0.00000 1.22401 1.22401
-0.06359 0.00000 -0.06359 -0.06359
0.77984 0.00000 0.77984 0.77984
0.07111 0.00000 0.07111 0.07111
0.48610 0.00000 0.48610 0.48610
-0.21866 0.00000 -0.21866 -0.21866
2.43562 0.00000 2.43562 2.43562
1.36279 0.00000 1.36279 1.36279
1.18461 0.00000 1.18461 1.18461
1.35869 0.00000 1.35869 1.35869
0.53860 0.00000 0.53860 0.53860
1.00677 0.00000 1.00677 1.00677
0.16498 0.00000 0.16498 0.16498
0.85312 0.00000 0.85312 0.85312
0.28692 0.00000 0.28692 0.28692
-0.00914 0.00000 -0.00914 -0.00914
-0.32766 0.00000 -0.32766 -0.32766
0.62543 0.00000 0.62543 0.62543
1.23973 0.00000 1.23973 1.23973
0.42964 0.00000 0.42964 0.42964
1.62578 0.00000 1.62578 1.62578
