# avg	std	min	max
2.53112 0.00000 2.53112 2.53112
1.95087 0.00000 1.95087 1.95087
1.81358 0.00000 1.81358 1.81358
-0.35564 0.00000 -0.35564 -0.35564
1.26617 0.00000 1.26617 1.26617
-0.24620 0.00000 -0.24620 -0.24620
0.28535 0.00000 0.28535 0.28535
0.94346 0.00000 0.94346 0.94346
5.26700 0.00000 5.26700 5.26700
2.10703 0.00000 2.10703 2.10703
1.74044 0.00000 1.74044 1.74044
1.44543 0.00000 1.44543 1.44543
0.62603 0.00000 0.62603 0.62603
1.68347 0.00000 1.68347 1.68347
0.59470 0.00000 0.59470 0.59470
2.27150 0.00000 2.27150 2.27150
1.51998 0.00000 1.51998 1.51998
-0.00610 0.00000 -0.00610 -0.00610
0.50843 0.00000 0.50843 0.50843
2.34171 0.00000 2.34171 2.34171
2.26290 0.00000 2.26290 2.26290
1.14414 0.00000 1.14414 1.14414
2.46045 0.00000 2.46045 2.46045
