# avg	std	min	max
1.17980 0.00000 1.17980 1.17980
0.86804 0.00000 0.86804 0.86804
0.75007 0.00000 0.75007 0.75007
-0.20926 0.00000 -0.20926 -0.20926
0.07585 0.00000 0.07585 0.07585
0.06459 0.00000 0.06459 0.06459
-0.36926 0.00000 -0.36926 -0.36926
-0.03905 0.00000 -0.03905 -0.03905
-1.28647 0.00000 -1.28647 -1.28647
1.35706 0.00000 1.35706 1.35706
0.99193 0.00000 0.99193 0.99193
1.13839 0.00000 1.13839 1.13839
0.04621 0.00000 0.04621 0.04621
1.33907 0.00000 1.33907 1.33907
0.52515 0.00000 0.52515 0.52515
0.77780 0.00000 0.77780 0.77780
0.09505 0.00000 0.09505 0.09505
0.01344 0.00000 0.01344 0.01344
-0.02929 0.00000 -0.02929 -0.02929
1.41724 0.00000 1.41724 1.41724
0.79777 0.00000 0.79777 0.79777
1.04468 0.00000 1.04468 1.04468
0.66427 0.00000 0.66427 0.66427
