# avg	std	min	max
2.66249 0.00000 2.66249 2.66249
1.02965 0.00000 1.02965 1.02965
0.38431 0.00000 0.38431 0.38431
-1.11025 0.00000 -1.11025 -1.11025
1.62397 0.00000 1.62397 1.62397
-0.93751 0.00000 -0.93751 -0.93751
-1.93021 0.00000 -1.93021 -1.93021
-0.80214 0.00000 -0.80214 -0.80214
5.32643 0.00000 5.32643 5.32643
1.77480 0.00000 1.77480 1.77480
0.72794 0.00000 0.72794 0.72794
1.36415 0.00000 1.36415 1.36415
-2.25593 0.00000 -2.25593 -2.25593
2.01844 0.00000 2.01844 2.01844
1.43417 0.00000 1.43417 1.43417
2.56549 0.00000 2.56549 2.56549
2.10127 0.00000 2.10127 2.10127
-0.02748 0.00000 -0.02748 -0.02748
-0.53346 0.00000 -0.53346 -0.53346
1.10494 0.00000 1.10494 1.10494
4.37620 0.00000 4.37620 4.37620
1.13072 0.00000 1.13072 1.13072
5.94787 0.00000 5.94787 5.94787
