# avg	std	min	max
1.96166 0.00000 1.96166 1.96166
0.35479 0.00000 0.35479 0.35479
0.99262 0.00000 0.99262 0.99262
-0.75800 0.00000 -0.75800 -0.75800
0.91980 0.00000 0.91980 0.91980
-0.91835 0.00000 -0.91835 -0.91835
-0.06196 0.00000 -0.06196 -0.06196
0.28969 0.00000 0.28969 0.28969
4.90687 0.00000 4.90687 4.90687
2.06101 0.00000 2.06101 2.06101
1.19862 0.00000 1.19862 1.19862
1.11893 0.00000 1.11893 1.11893
0.23795 0.00000 0.23795 0.23795
2.02234 0.00000 2.02234 2.02234
0.89268 0.00000 0.89268 0.89268
1.77734 0.00000 1.77734 1.77734
1.52441 0.00000 1.52441 1.52441
-0.00840 0.00000 -0.00840 -0.00840
0.39659 0.00000 0.39659 0.39659
0.97132 0.00000 0.97132 0.97132
3.56958 0.00000 3.56958 3.56958
1.38671 0.00000 1.38671 1.38671
5.81045 0.00000 5.81045 5.81045
