# avg	std	min	max
1.21998 0.00000 1.21998 1.21998
0.84710 0.00000 0.84710 0.84710
0.99700 0.00000 0.99700 0.99700
0.48216 0.00000 0.48216 0.48216
0.65540 0.00000 0.65540 0.65540
-0.09090 0.00000 -0.09090 -0.09090
0.17093 0.00000 0.17093 0.17093
0.25482 0.00000 0.25482 0.25482
-0.14755 0.00000 -0.14755 -0.14755
1.16962 0.00000 1.16962 1.16962
1.17531 0.00000 1.17531 1.17531
1.17136 0.00000 1.17136 1.17136
-0.11378 0.00000 -0.11378 -0.11378
1.03510 0.00000 1.03510 1.03510
0.58741 0.00000 0.58741 0.58741
1.50288 0.00000 1.50288 1.50288
0.66579 0.00000 0.66579 0.66579
-0.00234 0.00000 -0.00234 -0.00234
0.53797 0.00000 0.53797 0.53797
1.47514 0.00000 1.47514 1.47514
1.41244 0.00000 1.41244 1.41244
0.78446 0.00000 0.78446 0.78446
1.22421 0.00000 1.22421 1.22421
