# avg	std	min	max
0.82353 0.00000 0.82353 0.82353
0.61336 0.00000 0.61336 0.61336
0.31563 0.00000 0.31563 0.31563
-0.24144 0.00000 -0.24144 -0.24144
0.00044 0.00000 0.00044 0.00044
0.14671 0.00000 0.14671 0.14671
0.58988 0.00000 0.58988 0.58988
0.54335 0.00000 0.54335 0.54335
-0.33464 0.00000 -0.33464 -0.33464
0.16167 0.00000 0.16167 0.16167
0.34184 0.00000 0.34184 0.34184
0.56324 0.00000 0.56324 0.56324
0.59553 0.00000 0.59553 0.59553
0.00763 0.00000 0.00763 0.00763
-0.06910 0.00000 -0.06910 -0.06910
-0.44608 0.00000 -0.44608 -0.44608
0.04351 0.00000 0.04351 0.04351
-0.03206 0.00000 -0.03206 -0.03206
-0.42756 0.00000 -0.42756 -0.42756
0.99668 0.00000 0.99668 0.99668
0.38870 0.00000 0.38870 0.38870
0.78862 0.00000 0.78862 0.78862
0.42831 0.00000 0.42831 0.42831
