# avg	std	min	max
2.51295 0.00000 2.51295 2.51295
1.02212 0.00000 1.02212 1.02212
0.92834 0.00000 0.92834 0.92834
-0.64518 0.00000 -0.64518 -0.64518
0.70485 0.00000 0.70485 0.70485
-0.50372 0.00000 -0.50372 -0.50372
-0.03217 0.00000 -0.03217 -0.03217
0.25110 0.00000 0.25110 0.25110
4.62955 0.00000 4.62955 4.62955
1.60976 0.00000 1.60976 1.60976
0.63162 0.00000 0.63162 0.63162
1.42601 0.00000 1.42601 1.42601
0.21277 0.00000 0.21277 0.21277
0.46382 0.00000 0.46382 0.46382
0.39994 0.00000 0.39994 0.39994
1.94030 0.00000 1.94030 1.94030
0.95919 0.00000 0.95919 0.95919
-0.00900 0.00000 -0.00900 -0.00900
0.56552 0.00000 0.56552 0.56552
0.43722 0.00000 0.43722 0.43722
2.22277 0.00000 2.22277 2.22277
0.43695 0.00000 0.43695 0.43695
2.07020 0.00000 2.07020 2.07020
