# avg	std	min	max
0.49180 0.00000 0.49180 0.49180
0.31102 0.00000 0.31102 0.31102
0.05137 0.00000 0.05137 0.05137
-0.09793 0.00000 -0.09793 -0.09793
-0.06067 0.00000 -0.06067 -0.06067
-0.09741 0.00000 -0.09741 -0.09741
-0.11958 0.00000 -0.11958 -0.11958
0.01123 0.00000 0.01123 0.01123
-0.07983 0.00000 -0.07983 -0.07983
0.44237 0.00000 0.44237 0.44237
-0.01190 0.00000 -0.01190 -0.01190
0.14853 0.00000 0.14853 0.14853
-0.10443 0.00000 -0.10443 -0.10443
0.00296 0.00000 0.00296 0.00296
0.12043 0.00000 0.12043 0.12043
0.01057 0.00000 0.01057 0.01057
0.16179 0.00000 0.16179 0.16179
-0.00156 0.00000 -0.00156 -0.00156
-0.12439 0.00000 -0.12439 -0.12439
0.24576 0.00000 0.24576 0.24576
0.57254 0.00000 0.57254 0.57254
-0.23968 0.00000 -0.23968 -0.23968
0.14942 0.00000 0.14942 0.14942
