# avg	std	min	max
0.68585 0.00000 0.68585 0.68585
0.77674 0.00000 0.77674 0.77674
0.86433 0.00000 0.86433 0.86433
0.31733 0.00000 0.31733 0.31733
0.85583 0.00000 0.85583 0.85583
0.71757 0.00000 0.71757 0.71757
0.74671 0.00000 0.74671 0.74671
0.73931 0.00000 0.73931 0.73931
2.11571 0.00000 2.11571 2.11571
0.15435 0.00000 0.15435 0.15435
0.40319 0.00000 0.40319 0.40319
0.66127 0.00000 0.66127 0.66127
0.76492 0.00000 0.76492 0.76492
0.52226 0.00000 0.52226 0.52226
0.37295 0.00000 0.37295 0.37295
1.00630 0.00000 1.00630 1.00630
0.91985 0.00000 0.91985 0.91985
-0.00642 0.00000 -0.00642 -0.00642
-0.13258 0.00000 -0.13258 -0.13258
0.24218 0.00000 0.24218 0.24218
0.76420 0.00000 0.76420 0.76420
0.70003 0.00000 0.70003 0.70003
1.11540 0.00000 1.11540 1.11540
