# avg	std	min	max
1.54164 0.00000 1.54164 1.54164
0.38853 0.00000 0.38853 0.38853
1.16742 0.00000 1.16742 1.16742
-0.18668 0.00000 -0.18668 -0.18668
1.29922 0.00000 1.29922 1.29922
-0.21807 0.00000 -0.21807 -0.21807
-0.37022 0.00000 -0.37022 -0.37022
0.06811 0.00000 0.06811 0.06811
4.45005 0.00000 4.45005 4.45005
1.22631 0.00000 1.22631 1.22631
2.27849 0.00000 2.27849 2.27849
0.83290 0.00000 0.83290 0.83290
0.04706 0.00000 0.04706 0.04706
0.68783 0.00000 0.68783 0.68783
0.52961 0.00000 0.52961 0.52961
2.09207 0.00000 2.09207 2.09207
0.93605 0.00000 0.93605 0.93605
-0.02447 0.00000 -0.02447 -0.02447
0.32914 0.00000 0.32914 0.32914
0.46302 0.00000 0.46302 0.46302
2.44687 0.00000 2.44687 2.44687
0.30105 0.00000 0.30105 0.30105
6.05729 0.00000 6.05729 6.05729
