# avg	std	min	max
0.45639 0.00000 0.45639 0.45639
0.37477 0.00000 0.37477 0.37477
0.45519 0.00000 0.45519 0.45519
0.33354 0.00000 0.33354 0.33354
0.49404 0.00000 0.49404 0.49404
0.64297 0.00000 0.64297 0.64297
0.46956 0.00000 0.46956 0.46956
0.37291 0.00000 0.37291 0.37291
-0.06761 0.00000 -0.06761 -0.06761
0.63997 0.00000 0.63997 0.63997
0.27809 0.00000 0.27809 0.27809
0.45314 0.00000 0.45314 0.45314
0.42867 0.00000 0.42867 0.42867
0.65865 0.00000 0.65865 0.65865
0.37052 0.00000 0.37052 0.37052
0.56628 0.00000 0.56628 0.56628
0.40174 0.00000 0.40174 0.40174
-0.01415 0.00000 -0.01415 -0.01415
0.00100 0.00000 0.00100 0.00100
0.55655 0.00000 0.55655 0.55655
0.85504 0.00000 0.85504 0.85504
0.39905 0.00000 0.39905 0.39905
0.97212 0.00000 0.97212 0.97212
