# avg	std	min	max
1.98368 0.00000 1.98368 1.98368
1.08489 0.00000 1.08489 1.08489
0.28269 0.00000 0.28269 0.28269
-0.37802 0.00000 -0.37802 -0.37802
0.06592 0.00000 0.06592 0.06592
-0.24613 0.00000 -0.24613 -0.24613
-0.07664 0.00000 -0.07664 -0.07664
0.61603 0.00000 0.61603 0.61603
2.27842 0.00000 2.27842 2.27842
1.42756 0.00000 1.42756 1.42756
1.01147 0.00000 1.01147 1.01147
0.86046 0.00000 0.86046 0.86046
0.15514 0.00000 0.15514 0.15514
0.99154 0.00000 0.99154 0.99154
0.60048 0.00000 0.60048 0.60048
1.07447 0.00000 1.07447 1.07447
0.66266 0.00000 0.66266 0.66266
-0.01348 0.00000 -0.01348 -0.01348
0.13179 0.00000 0.13179 0.13179
1.12929 0.00000 1.12929 1.12929
1.45711 0.00000 1.45711 1.45711
0.02514 0.00000 0.02514 0.02514
1.82211 0.00000 1.82211 1.82211
