# avg	std	min	max
0.43270 0.00000 0.43270 0.43270
0.07375 0.00000 0.07375 0.07375
0.16767 0.00000 0.16767 0.16767
-0.67628 0.00000 -0.67628 -0.67628
-0.29950 0.00000 -0.29950 -0.29950
-0.76126 0.00000 -0.76126 -0.76126
-0.53558 0.00000 -0.53558 -0.53558
0.35436 0.00000 0.35436 0.35436
-0.40912 0.00000 -0.40912 -0.40912
0.38157 0.00000 0.38157 0.38157
0.24762 0.00000 0.24762 0.24762
0.26053 0.00000 0.26053 0.26053
-0.68903 0.00000 -0.68903 -0.68903
0.29503 0.00000 0.29503 0.29503
-0.07038 0.00000 -0.07038 -0.07038
0.48417 0.00000 0.48417 0.48417
0.20863 0.00000 0.20863 0.20863
-0.00376 0.00000 -0.00376 -0.00376
-0.06403 0.00000 -0.06403 -0.06403
0.56967 0.00000 0.56967 0.56967
0.50275 0.00000 0.50275 0.50275
-0.48995 0.00000 -0.48995 -0.48995
1.54204 0.00000 1.54204 1.54204
