# avg	std	min	max
0.25179 0.00000 0.25179 0.25179
0.01186 0.00000 0.01186 0.01186
0.38285 0.00000 0.38285 0.38285
0.04851 0.00000 0.04851 0.04851
0.25801 0.00000 0.25801 0.25801
0.13776 0.00000 0.13776 0.13776
-0.01883 0.00000 -0.01883 -0.01883
-0.01102 0.00000 -0.01102 -0.01102
-0.24079 0.00000 -0.24079 -0.24079
0.47798 0.00000 0.47798 0.47798
0.27690 0.00000 0.27690 0.27690
0.47066 0.00000 0.47066 0.47066
0.02947 0.00000 0.02947 0.02947
0.32184 0.00000 0.32184 0.32184
0.06062 0.00000 0.06062 0.06062
0.23652 0.00000 0.23652 0.23652
0.25351 0.00000 0.25351 0.25351
-0.01332 0.00000 -0.01332 -0.01332
-0.00065 0.00000 -0.00065 -0.00065
0.29545 0.00000 0.29545 0.29545
0.72763 0.00000 0.72763 0.72763
0.00143 0.00000 0.00143 0.00143
0.74771 0.00000 0.74771 0.74771
