# avg	std	min	max
0.34814 0.00000 0.34814 0.34814
-0.11213 0.00000 -0.11213 -0.11213
1.13249 0.00000 1.13249 1.13249
0.15605 0.00000 0.15605 0.15605
0.80890 0.00000 0.80890 0.80890
0.32317 0.00000 0.32317 0.32317
0.19431 0.00000 0.19431 0.19431
0.42798 0.00000 0.42798 0.42798
4.10969 0.00000 4.10969 4.10969
0.56208 0.00000 0.56208 0.56208
0.96072 0.00000 0.96072 0.96072
0.86208 0.00000 0.86208 0.86208
0.25563 0.00000 0.25563 0.25563
0.59391 0.00000 0.59391 0.59391
-0.26095 0.00000 -0.26095 -0.26095
0.37626 0.00000 0.37626 0.37626
0.26157 0.00000 0.26157 0.26157
-0.00561 0.00000 -0.00561 -0.00561
0.12235 0.00000 0.12235 0.12235
0.65973 0.00000 0.65973 0.65973
1.25449 0.00000 1.25449 1.25449
-0.59066 0.00000 -0.59066 -0.59066
2.52836 0.00000 2.52836 2.52836
