# avg	std	min	max
2.91552 0.00000 2.91552 2.91552
1.39576 0.00000 1.39576 1.39576
0.27260 0.00000 0.27260 0.27260
-0.99867 0.00000 -0.99867 -0.99867
0.09548 0.00000 0.09548 0.09548
-0.57269 0.00000 -0.57269 -0.57269
-0.66801 0.00000 -0.66801 -0.66801
0.73817 0.00000 0.73817 0.73817
2.62172 0.00000 2.62172 2.62172
2.38955 0.00000 2.38955 2.38955
1.97217 0.00000 1.97217 1.97217
1.00714 0.00000 1.00714 1.00714
-0.31118 0.00000 -0.31118 -0.31118
1.40652 0.00000 1.40652 1.40652
0.34431 0.00000 0.34431 0.34431
2.47417 0.00000 2.47417 2.47417
1.92435 0.00000 1.92435 1.92435
-0.00000 0.00000 -0.00000 -0.00000
-0.23912 0.00000 -0.23912 -0.23912
0.96463 0.00000 0.96463 0.96463
4.23331 0.00000 4.23331 4.23331
1.78806 0.00000 1.78806 1.78806
3.53190 0.00000 3.53190 3.53190
