# avg	std	min	max
1.14421 0.00000 1.14421 1.14421
0.16579 0.00000 0.16579 0.16579
-0.03795 0.00000 -0.03795 -0.03795
-0.92080 0.00000 -0.92080 -0.92080
-0.54051 0.00000 -0.54051 -0.54051
-1.35744 0.00000 -1.35744 -1.35744
-0.17155 0.00000 -0.17155 -0.17155
0.00755 0.00000 0.00755 0.00755
2.21604 0.00000 2.21604 2.21604
0.24114 0.00000 0.24114 0.24114
-0.10047 0.00000 -0.10047 -0.10047
0.74070 0.00000 0.74070 0.74070
0.09447 0.00000 0.09447 0.09447
-0.59761 0.00000 -0.59761 -0.59761
0.19555 0.00000 0.19555 0.19555
0.99041 0.00000 0.99041 0.99041
0.63060 0.00000 0.63060 0.63060
-0.00769 0.00000 -0.00769 -0.00769
-0.05522 0.00000 -0.05522 -0.05522
0.20147 0.00000 0.20147 0.20147
1.56890 0.00000 1.56890 1.56890
0.59974 0.00000 0.59974 0.59974
1.80789 0.00000 1.80789 1.80789
