# avg	std	min	max
1.29750 0.00000 1.29750 1.29750
0.51238 0.00000 0.51238 0.51238
0.89860 0.00000 0.89860 0.89860
-0.04185 0.00000 -0.04185 -0.04185
0.55769 0.00000 0.55769 0.55769
0.10253 0.00000 0.10253 0.10253
-0.10674 0.00000 -0.10674 -0.10674
0.44048 0.00000 0.44048 0.44048
0.08757 0.00000 0.08757 0.08757
1.06561 0.00000 1.06561 1.06561
1.16220 0.00000 1.16220 1.16220
0.93398 0.00000 0.93398 0.93398
-0.19959 0.00000 -0.19959 -0.19959
0.39145 0.00000 0.39145 0.39145
0.47663 0.00000 0.47663 0.47663
1.17005 0.00000 1.17005 1.17005
0.95269 0.00000 0.95269 0.95269
-0.00942 0.00000 -0.00942 -0.00942
0.23717 0.00000 0.23717 0.23717
0.38614 0.00000 0.38614 0.38614
1.64602 0.00000 1.64602 1.64602
0.77917 0.00000 0.77917 0.77917
2.51539 0.00000 2.51539 2.51539
