# avg	std	min	max
3.62358 0.00000 3.62358 3.62358
2.10220 0.00000 2.10220 2.10220
2.23087 0.00000 2.23087 2.23087
0.29634 0.00000 0.29634 0.29634
3.54689 0.00000 3.54689 3.54689
1.11923 0.00000 1.11923 1.11923
5.86720 0.00000 5.86720 5.86720
8.71187 0.00000 8.71187 8.71187
4.55519 0.00000 4.55519 4.55519
2.79681 0.00000 2.79681 2.79681
1.95590 0.00000 1.95590 1.95590
1.89509 0.00000 1.89509 1.89509
7.68931 0.00000 7.68931 7.68931
3.36355 0.00000 3.36355 3.36355
1.35204 0.00000 1.35204 1.35204
5.47782 0.00000 5.47782 5.47782
4.76654 0.00000 4.76654 4.76654
-0.00049 0.00000 -0.00049 -0.00049
0.45943 0.00000 0.45943 0.45943
6.34986 0.00000 6.34986 6.34986
5.79241 0.00000 5.79241 5.79241
9.03538 0.00000 9.03538 9.03538
12.09190 0.00000 12.09190 12.09190
