# avg	std	min	max
-1.97847 0.00000 -1.97847 -1.97847
-0.85529 0.00000 -0.85529 -0.85529
-0.41273 0.00000 -0.41273 -0.41273
-0.17604 0.00000 -0.17604 -0.17604
0.27280 0.00000 0.27280 0.27280
-0.16817 0.00000 -0.16817 -0.16817
-0.21565 0.00000 -0.21565 -0.21565
-0.42484 0.00000 -0.42484 -0.42484
-0.38670 0.00000 -0.38670 -0.38670
0.43942 0.00000 0.43942 0.43942
-0.58699 0.00000 -0.58699 -0.58699
0.33475 0.00000 0.33475 0.33475
-0.17258 0.00000 -0.17258 -0.17258
-1.16393 0.00000 -1.16393 -1.16393
-0.08898 0.00000 -0.08898 -0.08898
-0.41952 0.00000 -0.41952 -0.41952
-0.37551 0.00000 -0.37551 -0.37551
-0.02582 0.00000 -0.02582 -0.02582
0.10662 0.00000 0.10662 0.10662
0.26302 0.00000 0.26302 0.26302
-0.50916 0.00000 -0.50916 -0.50916
-0.40460 0.00000 -0.40460 -0.40460
-1.30877 0.00000 -1.30877 -1.30877
