# avg	std	min	max
2.55248 0.00000 2.55248 2.55248
1.16153 0.00000 1.16153 1.16153
1.27933 0.00000 1.27933 1.27933
-0.47111 0.00000 -0.47111 -0.47111
0.61915 0.00000 0.61915 0.61915
-0.04847 0.00000 -0.04847 -0.04847
-0.21832 0.00000 -0.21832 -0.21832
0.97753 0.00000 0.97753 0.97753
0.61457 0.00000 0.61457 0.61457
2.36563 0.00000 2.36563 2.36563
2.82379 0.00000 2.82379 2.82379
1.63654 0.00000 1.63654 1.63654
-1.29043 0.00000 -1.29043 -1.29043
1.87993 0.00000 1.87993 1.87993
1.03939 0.00000 1.03939 1.03939
2.63098 0.00000 2.63098 2.63098
0.72331 0.00000 0.72331 0.72331
0.00000 0.00000 0.00000 0.00000
1.40103 0.00000 1.40103 1.40103
0.93919 0.00000 0.93919 0.93919
3.87327 0.00000 3.87327 3.87327
-0.35643 0.00000 -0.35643 -0.35643
6.19161 0.00000 6.19161 6.19161
