# avg	std	min	max
-1.24465 0.00000 -1.24465 -1.24465
0.52686 0.00000 0.52686 0.52686
0.80543 0.00000 0.80543 0.80543
0.39767 0.00000 0.39767 0.39767
2.37989 0.00000 2.37989 2.37989
0.41058 0.00000 0.41058 0.41058
-0.08417 0.00000 -0.08417 -0.08417
0.19961 0.00000 0.19961 0.19961
5.15201 0.00000 5.15201 5.15201
0.31415 0.00000 0.31415 0.31415
0.27938 0.00000 0.27938 0.27938
0.12107 0.00000 0.12107 0.12107
0.13399 0.00000 0.13399 0.13399
0.03248 0.00000 0.03248 0.03248
0.07742 0.00000 0.07742 0.07742
-0.64048 0.00000 -0.64048 -0.64048
-0.05998 0.00000 -0.05998 -0.05998
-0.00255 0.00000 -0.00255 -0.00255
0.01671 0.00000 0.01671 0.01671
-0.09008 0.00000 -0.09008 -0.09008
0.07930 0.00000 0.07930 0.07930
-0.00301 0.00000 -0.00301 -0.00301
1.74000 0.00000 1.74000 1.74000
