# avg	std	min	max
0.97784 0.00000 0.97784 0.97784
0.32274 0.00000 0.32274 0.32274
0.43394 0.00000 0.43394 0.43394
-0.22741 0.00000 -0.22741 -0.22741
-0.19187 0.00000 -0.19187 -0.19187
-0.73861 0.00000 -0.73861 -0.73861
0.08843 0.00000 0.08843 0.08843
0.92326 0.00000 0.92326 0.92326
-0.70666 0.00000 -0.70666 -0.70666
0.66558 0.00000 0.66558 0.66558
1.16431 0.00000 1.16431 1.16431
0.35592 0.00000 0.35592 0.35592
0.07149 0.00000 0.07149 0.07149
1.02050 0.00000 1.02050 1.02050
0.41888 0.00000 0.41888 0.41888
2.18861 0.00000 2.18861 2.18861
0.40388 0.00000 0.40388 0.40388
-0.00104 0.00000 -0.00104 -0.00104
0.29004 0.00000 0.29004 0.29004
1.32394 0.00000 1.32394 1.32394
0.72372 0.00000 0.72372 0.72372
-0.04785 0.00000 -0.04785 -0.04785
1.03075 0.00000 1.03075 1.03075
