# avg	std	min	max
1.97762 0.00000 1.97762 1.97762
0.90762 0.00000 0.90762 0.90762
0.56124 0.00000 0.56124 0.56124
-0.13570 0.00000 -0.13570 -0.13570
-0.18892 0.00000 -0.18892 -0.18892
0.01085 0.00000 0.01085 0.01085
0.49092 0.00000 0.49092 0.49092
0.46647 0.00000 0.46647 0.46647
3.86360 0.00000 3.86360 3.86360
1.91073 0.00000 1.91073 1.91073
1.22151 0.00000 1.22151 1.22151
1.58322 0.00000 1.58322 1.58322
0.62080 0.00000 0.62080 0.62080
1.49916 0.00000 1.49916 1.49916
0.49167 0.00000 0.49167 0.49167
1.63696 0.00000 1.63696 1.63696
0.85979 0.00000 0.85979 0.85979
-0.01943 0.00000 -0.01943 -0.01943
-0.05697 0.00000 -0.05697 -0.05697
1.16625 0.00000 1.16625 1.16625
1.83094 0.00000 1.83094 1.83094
0.53580 0.00000 0.53580 0.53580
1.71212 0.00000 1.71212 1.71212
