# avg	std	min	max
2.40592 0.00000 2.40592 2.40592
1.10811 0.00000 1.10811 1.10811
0.18353 0.00000 0.18353 0.18353
-0.16316 0.00000 -0.16316 -0.16316
0.66230 0.00000 0.66230 0.66230
0.03422 0.00000 0.03422 0.03422
1.88496 0.00000 1.88496 1.88496
1.96192 0.00000 1.96192 1.96192
7.01876 0.00000 7.01876 7.01876
1.70603 0.00000 1.70603 1.70603
1.63478 0.00000 1.63478 1.63478
1.29620 0.00000 1.29620 1.29620
2.81075 0.00000 2.81075 2.81075
2.21400 0.00000 2.21400 2.21400
0.80724 0.00000 0.80724 0.80724
2.43503 0.00000 2.43503 2.43503
1.15962 0.00000 1.15962 1.15962
-0.01815 0.00000 -0.01815 -0.01815
0.36214 0.00000 0.36214 0.36214
2.00255 0.00000 2.00255 2.00255
2.69986 0.00000 2.69986 2.69986
2.58672 0.00000 2.58672 2.58672
5.41826 0.00000 5.41826 5.41826
