# avg	std	min	max
5.45251 0.00000 5.45251 5.45251
3.78649 0.00000 3.78649 3.78649
2.00555 0.00000 2.00555 2.00555
-0.01292 0.00000 -0.01292 -0.01292
1.74150 0.00000 1.74150 1.74150
0.17681 0.00000 0.17681 0.17681
4.93476 0.00000 4.93476 4.93476
13.70768 0.00000 13.70768 13.70768
6.05125 0.00000 6.05125 6.05125
5.22141 0.00000 5.22141 5.22141
4.02349 0.00000 4.02349 4.02349
3.60138 0.00000 3.60138 3.60138
8.00834 0.00000 8.00834 8.00834
4.67024 0.00000 4.67024 4.67024
4.35101 0.00000 4.35101 4.35101
5.13328 0.00000 5.13328 5.13328
4.91212 0.00000 4.91212 4.91212
4.00848 0.00000 4.00848 4.00848
10.62220 0.00000 10.62220 10.62220
4.46907 0.00000 4.46907 4.46907
7.97171 0.00000 7.97171 7.97171
28.89968 0.00000 28.89968 28.89968
9.44543 0.00000 9.44543 9.44543
