# avg	std	min	max
5.34207 0.00000 5.34207 5.34207
4.18932 0.00000 4.18932 4.18932
2.34572 0.00000 2.34572 2.34572
-0.09687 0.00000 -0.09687 -0.09687
0.81246 0.00000 0.81246 0.81246
0.59139 0.00000 0.59139 0.59139
-0.38083 0.00000 -0.38083 -0.38083
3.53230 0.00000 3.53230 3.53230
7.44222 0.00000 7.44222 7.44222
5.27722 0.00000 5.27722 5.27722
5.81418 0.00000 5.81418 5.81418
3.73762 0.00000 3.73762 3.73762
0.82326 0.00000 0.82326 0.82326
3.75998 0.00000 3.75998 3.75998
3.30421 0.00000 3.30421 3.30421
5.78885 0.00000 5.78885 5.78885
4.44297 0.00000 4.44297 4.44297
3.55687 0.00000 3.55687 3.55687
2.63402 0.00000 2.63402 2.63402
2.28174 0.00000 2.28174 2.28174
7.01706 0.00000 7.01706 7.01706
14.91212 0.00000 14.91212 14.91212
6.35520 0.00000 6.35520 6.35520
