# avg	std	min	max
5.34092 0.00000 5.34092 5.34092
3.40230 0.00000 3.40230 3.40230
3.53305 0.00000 3.53305 3.53305
-0.00415 0.00000 -0.00415 -0.00415
2.51775 0.00000 2.51775 2.51775
0.91287 0.00000 0.91287 0.91287
4.02652 0.00000 4.02652 4.02652
12.05906 0.00000 12.05906 12.05906
7.81559 0.00000 7.81559 7.81559
4.03904 0.00000 4.03904 4.03904
5.05646 0.00000 5.05646 5.05646
3.44792 0.00000 3.44792 3.44792
8.43215 0.00000 8.43215 8.43215
2.70828 0.00000 2.70828 2.70828
4.88476 0.00000 4.88476 4.88476
5.41408 0.00000 5.41408 5.41408
4.65222 0.00000 4.65222 4.65222
7.03582 0.00000 7.03582 7.03582
10.12872 0.00000 10.12872 10.12872
7.94806 0.00000 7.94806 7.94806
9.91541 0.00000 9.91541 9.91541
19.17296 0.00000 19.17296 19.17296
11.43444 0.00000 11.43444 11.43444
