# avg	std	min	max
5.01552 0.00000 5.01552 5.01552
3.81695 0.00000 3.81695 3.81695
2.18898 0.00000 2.18898 2.18898
-0.02135 0.00000 -0.02135 -0.02135
1.72217 0.00000 1.72217 1.72217
0.47992 0.00000 0.47992 0.47992
-0.26759 0.00000 -0.26759 -0.26759
4.93884 0.00000 4.93884 4.93884
3.12132 0.00000 3.12132 3.12132
4.56518 0.00000 4.56518 4.56518
4.11992 0.00000 4.11992 4.11992
3.72485 0.00000 3.72485 3.72485
4.16583 0.00000 4.16583 4.16583
2.72800 0.00000 2.72800 2.72800
2.18598 0.00000 2.18598 2.18598
4.19123 0.00000 4.19123 4.19123
3.35151 0.00000 3.35151 3.35151
4.42389 0.00000 4.42389 4.42389
6.41098 0.00000 6.41098 6.41098
3.27169 0.00000 3.27169 3.27169
5.75928 0.00000 5.75928 5.75928
19.52902 0.00000 19.52902 19.52902
6.76991 0.00000 6.76991 6.76991
