# avg	std	min	max
5.22736 0.00000 5.22736 5.22736
3.53500 0.00000 3.53500 3.53500
3.02414 0.00000 3.02414 3.02414
-0.01264 0.00000 -0.01264 -0.01264
2.62237 0.00000 2.62237 2.62237
-0.12001 0.00000 -0.12001 -0.12001
3.78460 0.00000 3.78460 3.78460
5.80352 0.00000 5.80352 5.80352
1.49939 0.00000 1.49939 1.49939
4.75926 0.00000 4.75926 4.75926
3.91944 0.00000 3.91944 3.91944
3.52719 0.00000 3.52719 3.52719
4.31890 0.00000 4.31890 4.31890
4.19371 0.00000 4.19371 4.19371
2.87496 0.00000 2.87496 2.87496
5.26940 0.00000 5.26940 5.26940
4.74558 0.00000 4.74558 4.74558
3.60822 0.00000 3.60822 3.60822
3.65644 0.00000 3.65644 3.65644
3.19005 0.00000 3.19005 3.19005
7.90372 0.00000 7.90372 7.90372
8.50319 0.00000 8.50319 8.50319
7.08033 0.00000 7.08033 7.08033
