# avg	std	min	max
2.98798 0.00000 2.98798 2.98798
2.03286 0.00000 2.03286 2.03286
1.58160 0.00000 1.58160 1.58160
-0.00876 0.00000 -0.00876 -0.00876
0.55988 0.00000 0.55988 0.55988
-0.46169 0.00000 -0.46169 -0.46169
0.24571 0.00000 0.24571 0.24571
1.54369 0.00000 1.54369 1.54369
5.44734 0.00000 5.44734 5.44734
2.82303 0.00000 2.82303 2.82303
3.63810 0.00000 3.63810 3.63810
1.92117 0.00000 1.92117 1.92117
0.37571 0.00000 0.37571 0.37571
2.27842 0.00000 2.27842 2.27842
1.45985 0.00000 1.45985 1.45985
2.86330 0.00000 2.86330 2.86330
1.97552 0.00000 1.97552 1.97552
0.75940 0.00000 0.75940 0.75940
1.44993 0.00000 1.44993 1.44993
2.25143 0.00000 2.25143 2.25143
2.87641 0.00000 2.87641 2.87641
0.48794 0.00000 0.48794 0.48794
3.72689 0.00000 3.72689 3.72689
