# avg	std	min	max
5.52356 0.00000 5.52356 5.52356
3.90584 0.00000 3.90584 3.90584
2.92543 0.00000 2.92543 2.92543
-0.05952 0.00000 -0.05952 -0.05952
2.23838 0.00000 2.23838 2.23838
-0.30010 0.00000 -0.30010 -0.30010
0.44342 0.00000 0.44342 0.44342
6.87710 0.00000 6.87710 6.87710
10.29765 0.00000 10.29765 10.29765
5.49249 0.00000 5.49249 5.49249
5.62317 0.00000 5.62317 5.62317
4.01548 0.00000 4.01548 4.01548
4.57752 0.00000 4.57752 4.57752
4.04182 0.00000 4.04182 4.04182
3.42343 0.00000 3.42343 3.42343
6.43983 0.00000 6.43983 6.43983
5.85597 0.00000 5.85597 5.85597
1.74298 0.00000 1.74298 1.74298
1.49571 0.00000 1.49571 1.49571
3.71889 0.00000 3.71889 3.71889
9.96414 0.00000 9.96414 9.96414
16.78444 0.00000 16.78444 16.78444
13.45256 0.00000 13.45256 13.45256
