# avg	std	min	max
5.79025 0.00000 5.79025 5.79025
3.92753 0.00000 3.92753 3.92753
3.75967 0.00000 3.75967 3.75967
-0.01437 0.00000 -0.01437 -0.01437
3.82887 0.00000 3.82887 3.82887
0.35412 0.00000 0.35412 0.35412
5.91272 0.00000 5.91272 5.91272
10.03345 0.00000 10.03345 10.03345
12.21540 0.00000 12.21540 12.21540
5.56644 0.00000 5.56644 5.56644
3.04189 0.00000 3.04189 3.04189
4.01204 0.00000 4.01204 4.01204
7.92430 0.00000 7.92430 7.92430
4.67315 0.00000 4.67315 4.67315
3.61082 0.00000 3.61082 3.61082
5.64237 0.00000 5.64237 5.64237
4.70529 0.00000 4.70529 4.70529
6.04669 0.00000 6.04669 6.04669
7.95520 0.00000 7.95520 7.95520
5.04789 0.00000 5.04789 5.04789
7.87515 0.00000 7.87515 7.87515
26.65064 0.00000 26.65064 26.65064
10.54708 0.00000 10.54708 10.54708
