# avg	std	min	max
3.06611 0.00000 3.06611 3.06611
2.24664 0.00000 2.24664 2.24664
1.92012 0.00000 1.92012 1.92012
-0.05629 0.00000 -0.05629 -0.05629
0.41516 0.00000 0.41516 0.41516
-0.26893 0.00000 -0.26893 -0.26893
0.18996 0.00000 0.18996 0.18996
0.61536 0.00000 0.61536 0.61536
5.42780 0.00000 5.42780 5.42780
2.27698 0.00000 2.27698 2.27698
1.69500 0.00000 1.69500 1.69500
2.17688 0.00000 2.17688 2.17688
1.52287 0.00000 1.52287 1.52287
2.03286 0.00000 2.03286 2.03286
1.68840 0.00000 1.68840 1.68840
3.43455 0.00000 3.43455 3.43455
2.36089 0.00000 2.36089 2.36089
0.95787 0.00000 0.95787 0.95787
0.36577 0.00000 0.36577 0.36577
-0.10993 0.00000 -0.10993 -0.10993
3.12912 0.00000 3.12912 3.12912
1.88846 0.00000 1.88846 1.88846
3.05954 0.00000 3.05954 3.05954
