# avg	std	min	max
4.48484 0.00000 4.48484 4.48484
3.16522 0.00000 3.16522 3.16522
2.85167 0.00000 2.85167 2.85167
-0.01755 0.00000 -0.01755 -0.01755
3.09616 0.00000 3.09616 3.09616
-0.46113 0.00000 -0.46113 -0.46113
-1.55686 0.00000 -1.55686 -1.55686
0.27849 0.00000 0.27849 0.27849
1.33553 0.00000 1.33553 1.33553
4.27279 0.00000 4.27279 4.27279
3.68148 0.00000 3.68148 3.68148
3.24323 0.00000 3.24323 3.24323
1.42753 0.00000 1.42753 1.42753
3.95349 0.00000 3.95349 3.95349
2.79978 0.00000 2.79978 2.79978
4.62566 0.00000 4.62566 4.62566
3.51544 0.00000 3.51544 3.51544
3.02395 0.00000 3.02395 3.02395
2.74715 0.00000 2.74715 2.74715
2.95799 0.00000 2.95799 2.95799
6.82320 0.00000 6.82320 6.82320
8.67126 0.00000 8.67126 8.67126
8.38649 0.00000 8.38649 8.38649
