# avg	std	min	max
0.77408 0.00000 0.77408 0.77408
0.52721 0.00000 0.52721 0.52721
1.11978 0.00000 1.11978 1.11978
-0.02530 0.00000 -0.02530 -0.02530
1.84469 0.00000 1.84469 1.84469
-0.14636 0.00000 -0.14636 -0.14636
-0.96720 0.00000 -0.96720 -0.96720
-1.00055 0.00000 -1.00055 -1.00055
2.89764 0.00000 2.89764 2.89764
0.85086 0.00000 0.85086 0.85086
1.64471 0.00000 1.64471 1.64471
0.68448 0.00000 0.68448 0.68448
-1.33603 0.00000 -1.33603 -1.33603
1.80330 0.00000 1.80330 1.80330
1.17685 0.00000 1.17685 1.17685
2.66355 0.00000 2.66355 2.66355
2.28045 0.00000 2.28045 2.28045
0.12473 0.00000 0.12473 0.12473
-0.66624 0.00000 -0.66624 -0.66624
0.58575 0.00000 0.58575 0.58575
3.77137 0.00000 3.77137 3.77137
-0.08655 0.00000 -0.08655 -0.08655
10.89978 0.00000 10.89978 10.89978
