# avg	std	min	max
3.15176 0.00000 3.15176 3.15176
2.67615 0.00000 2.67615 2.67615
1.26101 0.00000 1.26101 1.26101
0.00083 0.00000 0.00083 0.00083
0.39147 0.00000 0.39147 0.39147
-0.73477 0.00000 -0.73477 -0.73477
1.93297 0.00000 1.93297 1.93297
2.86448 0.00000 2.86448 2.86448
6.98114 0.00000 6.98114 6.98114
2.23487 0.00000 2.23487 2.23487
2.09597 0.00000 2.09597 2.09597
2.49656 0.00000 2.49656 2.49656
2.11289 0.00000 2.11289 2.11289
2.08689 0.00000 2.08689 2.08689
2.05396 0.00000 2.05396 2.05396
3.46890 0.00000 3.46890 3.46890
1.75292 0.00000 1.75292 1.75292
1.22399 0.00000 1.22399 1.22399
1.58229 0.00000 1.58229 1.58229
2.73120 0.00000 2.73120 2.73120
3.18491 0.00000 3.18491 3.18491
1.78956 0.00000 1.78956 1.78956
4.73516 0.00000 4.73516 4.73516
