# avg	std	min	max
2.01683 0.00000 2.01683 2.01683
1.77638 0.00000 1.77638 1.77638
1.25101 0.00000 1.25101 1.25101
-0.02364 0.00000 -0.02364 -0.02364
1.78648 0.00000 1.78648 1.78648
0.32960 0.00000 0.32960 0.32960
-0.39940 0.00000 -0.39940 -0.39940
1.77390 0.00000 1.77390 1.77390
8.18265 0.00000 8.18265 8.18265
1.40045 0.00000 1.40045 1.40045
0.82689 0.00000 0.82689 0.82689
2.52568 0.00000 2.52568 2.52568
-0.14763 0.00000 -0.14763 -0.14763
1.04399 0.00000 1.04399 1.04399
1.21883 0.00000 1.21883 1.21883
2.61511 0.00000 2.61511 2.61511
2.01479 0.00000 2.01479 2.01479
1.12627 0.00000 1.12627 1.12627
1.45629 0.00000 1.45629 1.45629
1.69557 0.00000 1.69557 1.69557
4.70381 0.00000 4.70381 4.70381
2.78330 0.00000 2.78330 2.78330
7.14301 0.00000 7.14301 7.14301
