# avg	std	min	max
4.96107 0.00000 4.96107 4.96107
3.41700 0.00000 3.41700 3.41700
0.83466 0.00000 0.83466 0.83466
-0.02107 0.00000 -0.02107 -0.02107
-0.07962 0.00000 -0.07962 -0.07962
-0.28478 0.00000 -0.28478 -0.28478
11.94210 0.00000 11.94210 11.94210
8.24351 0.00000 8.24351 8.24351
7.92679 0.00000 7.92679 7.92679
4.48427 0.00000 4.48427 4.48427
2.74826 0.00000 2.74826 2.74826
2.72689 0.00000 2.72689 2.72689
12.40643 0.00000 12.40643 12.40643
4.26226 0.00000 4.26226 4.26226
2.07169 0.00000 2.07169 2.07169
3.88481 0.00000 3.88481 3.88481
2.54411 0.00000 2.54411 2.54411
3.40698 0.00000 3.40698 3.40698
4.22795 0.00000 4.22795 4.22795
7.93458 0.00000 7.93458 7.93458
5.57103 0.00000 5.57103 5.57103
24.25130 0.00000 24.25130 24.25130
4.83864 0.00000 4.83864 4.83864
