# avg	std	min	max
2.61409 0.00000 2.61409 2.61409
1.87467 0.00000 1.87467 1.87467
0.92292 0.00000 0.92292 0.92292
0.01449 0.00000 0.01449 0.01449
0.25951 0.00000 0.25951 0.25951
-0.10568 0.00000 -0.10568 -0.10568
1.65648 0.00000 1.65648 1.65648
3.33374 0.00000 3.33374 3.33374
4.94579 0.00000 4.94579 4.94579
3.05827 0.00000 3.05827 3.05827
2.52390 0.00000 2.52390 2.52390
2.42745 0.00000 2.42745 2.42745
2.83867 0.00000 2.83867 2.83867
2.77439 0.00000 2.77439 2.77439
1.76380 0.00000 1.76380 1.76380
2.59941 0.00000 2.59941 2.59941
1.51050 0.00000 1.51050 1.51050
1.11411 0.00000 1.11411 1.11411
2.60456 0.00000 2.60456 2.60456
2.18453 0.00000 2.18453 2.18453
4.04033 0.00000 4.04033 4.04033
1.19070 0.00000 1.19070 1.19070
4.32194 0.00000 4.32194 4.32194
