# avg	std	min	max
1.57080 0.00000 1.57080 1.57080
0.96697 0.00000 0.96697 0.96697
1.23229 0.00000 1.23229 1.23229
0.00000 0.00000 0.00000 0.00000
1.09030 0.00000 1.09030 1.09030
0.21673 0.00000 0.21673 0.21673
0.37670 0.00000 0.37670 0.37670
0.61318 0.00000 0.61318 0.61318
0.74884 0.00000 0.74884 0.74884
1.59669 0.00000 1.59669 1.59669
2.19076 0.00000 2.19076 2.19076
1.08579 0.00000 1.08579 1.08579
0.48054 0.00000 0.48054 0.48054
1.30093 0.00000 1.30093 1.30093
0.86682 0.00000 0.86682 0.86682
1.40658 0.00000 1.40658 1.40658
0.53381 0.00000 0.53381 0.53381
0.33173 0.00000 0.33173 0.33173
0.63727 0.00000 0.63727 0.63727
1.08871 0.00000 1.08871 1.08871
1.34489 0.00000 1.34489 1.34489
-0.43340 0.00000 -0.43340 -0.43340
3.07536 0.00000 3.07536 3.07536
