# avg	std	min	max
2.38786 0.00000 2.38786 2.38786
1.83176 0.00000 1.83176 1.83176
1.64231 0.00000 1.64231 1.64231
-0.00490 0.00000 -0.00490 -0.00490
0.82574 0.00000 0.82574 0.82574
-0.12050 0.00000 -0.12050 -0.12050
0.20886 0.00000 0.20886 0.20886
0.49230 0.00000 0.49230 0.49230
3.60361 0.00000 3.60361 3.60361
2.55051 0.00000 2.55051 2.55051
2.50393 0.00000 2.50393 2.50393
1.55695 0.00000 1.55695 1.55695
0.74619 0.00000 0.74619 0.74619
1.60232 0.00000 1.60232 1.60232
1.44351 0.00000 1.44351 1.44351
2.68496 0.00000 2.68496 2.68496
2.30121 0.00000 2.30121 2.30121
1.40137 0.00000 1.40137 1.40137
1.95547 0.00000 1.95547 1.95547
2.12434 0.00000 2.12434 2.12434
3.99358 0.00000 3.99358 3.99358
0.67754 0.00000 0.67754 0.67754
5.98360 0.00000 5.98360 5.98360
