# avg	std	min	max
6.27313 0.00000 6.27313 6.27313
4.55810 0.00000 4.55810 4.55810
4.05440 0.00000 4.05440 4.05440
-0.01551 0.00000 -0.01551 -0.01551
2.80060 0.00000 2.80060 2.80060
0.51708 0.00000 0.51708 0.51708
4.35811 0.00000 4.35811 4.35811
8.94345 0.00000 8.94345 8.94345
8.20421 0.00000 8.20421 8.20421
5.18179 0.00000 5.18179 5.18179
3.44287 0.00000 3.44287 3.44287
4.38942 0.00000 4.38942 4.38942
6.03851 0.00000 6.03851 6.03851
5.13589 0.00000 5.13589 5.13589
3.94195 0.00000 3.94195 3.94195
5.99664 0.00000 5.99664 5.99664
5.12491 0.00000 5.12491 5.12491
4.71971 0.00000 4.71971 4.71971
6.15182 0.00000 6.15182 6.15182
4.12922 0.00000 4.12922 4.12922
9.61437 0.00000 9.61437 9.61437
23.78122 0.00000 23.78122 23.78122
11.36158 0.00000 11.36158 11.36158
