# avg	std	min	max
2.56506 0.00000 2.56506 2.56506
1.40780 0.00000 1.40780 1.40780
1.48111 0.00000 1.48111 1.48111
-0.00503 0.00000 -0.00503 -0.00503
0.85750 0.00000 0.85750 0.85750
0.24633 0.00000 0.24633 0.24633
-0.61564 0.00000 -0.61564 -0.61564
1.43542 0.00000 1.43542 1.43542
5.85219 0.00000 5.85219 5.85219
2.68624 0.00000 2.68624 2.68624
1.65654 0.00000 1.65654 1.65654
2.07132 0.00000 2.07132 2.07132
-0.54389 0.00000 -0.54389 -0.54389
2.40274 0.00000 2.40274 2.40274
1.03136 0.00000 1.03136 1.03136
2.43147 0.00000 2.43147 2.43147
1.34967 0.00000 1.34967 1.34967
1.05142 0.00000 1.05142 1.05142
1.49004 0.00000 1.49004 1.49004
1.87563 0.00000 1.87563 1.87563
2.25817 0.00000 2.25817 2.25817
0.38548 0.00000 0.38548 0.38548
3.76522 0.00000 3.76522 3.76522
