# avg	std	min	max
4.65038 0.00000 4.65038 4.65038
3.23958 0.00000 3.23958 3.23958
2.31678 0.00000 2.31678 2.31678
-0.02355 0.00000 -0.02355 -0.02355
0.93295 0.00000 0.93295 0.93295
0.16568 0.00000 0.16568 0.16568
0.27089 0.00000 0.27089 0.27089
9.55758 0.00000 9.55758 9.55758
6.41989 0.00000 6.41989 6.41989
4.68790 0.00000 4.68790 4.68790
4.02731 0.00000 4.02731 4.02731
3.32647 0.00000 3.32647 3.32647
3.72187 0.00000 3.72187 3.72187
3.71931 0.00000 3.71931 3.71931
2.90799 0.00000 2.90799 2.90799
5.09578 0.00000 5.09578 5.09578
3.85016 0.00000 3.85016 3.85016
3.27639 0.00000 3.27639 3.27639
4.03799 0.00000 4.03799 4.03799
2.52616 0.00000 2.52616 2.52616
7.07344 0.00000 7.07344 7.07344
18.43868 0.00000 18.43868 18.43868
6.59357 0.00000 6.59357 6.59357
