# avg	std	min	max
5.79667 0.00000 5.79667 5.79667
3.84984 0.00000 3.84984 3.84984
5.57687 0.00000 5.57687 5.57687
-0.00714 0.00000 -0.00714 -0.00714
6.10736 0.00000 6.10736 6.10736
0.48069 0.00000 0.48069 0.48069
0.30060 0.00000 0.30060 0.30060
6.86159 0.00000 6.86159 6.86159
7.62286 0.00000 7.62286 7.62286
5.45541 0.00000 5.45541 5.45541
3.81349 0.00000 3.81349 3.81349
3.55617 0.00000 3.55617 3.55617
2.54940 0.00000 2.54940 2.54940
3.47199 0.00000 3.47199 3.47199
3.68475 0.00000 3.68475 3.68475
6.00293 0.00000 6.00293 6.00293
4.97172 0.00000 4.97172 4.97172
3.18421 0.00000 3.18421 3.18421
3.10255 0.00000 3.10255 3.10255
4.09638 0.00000 4.09638 4.09638
8.86707 0.00000 8.86707 8.86707
13.80855 0.00000 13.80855 13.80855
12.56988 0.00000 12.56988 12.56988
