# avg	std	min	max
5.59220 0.00000 5.59220 5.59220
3.97667 0.00000 3.97667 3.97667
1.62445 0.00000 1.62445 1.62445
-0.05225 0.00000 -0.05225 -0.05225
0.70083 0.00000 0.70083 0.70083
0.32938 0.00000 0.32938 0.32938
0.66330 0.00000 0.66330 0.66330
7.00512 0.00000 7.00512 7.00512
5.47933 0.00000 5.47933 5.47933
5.14561 0.00000 5.14561 5.14561
3.85373 0.00000 3.85373 3.85373
3.46740 0.00000 3.46740 3.46740
6.77945 0.00000 6.77945 6.77945
3.82913 0.00000 3.82913 3.82913
3.64332 0.00000 3.64332 3.64332
6.01477 0.00000 6.01477 6.01477
5.79061 0.00000 5.79061 5.79061
3.70985 0.00000 3.70985 3.70985
3.94397 0.00000 3.94397 3.94397
3.51837 0.00000 3.51837 3.51837
9.25288 0.00000 9.25288 9.25288
19.42928 0.00000 19.42928 19.42928
10.66424 0.00000 10.66424 10.66424
