# avg	std	min	max
1.45032 0.00000 1.45032 1.45032
0.64026 0.00000 0.64026 0.64026
0.10039 0.00000 0.10039 0.10039
-0.00347 0.00000 -0.00347 -0.00347
-0.35591 0.00000 -0.35591 -0.35591
-0.37542 0.00000 -0.37542 -0.37542
0.16447 0.00000 0.16447 0.16447
-1.21895 0.00000 -1.21895 -1.21895
1.82813 0.00000 1.82813 1.82813
1.17122 0.00000 1.17122 1.17122
0.68789 0.00000 0.68789 0.68789
0.55805 0.00000 0.55805 0.55805
0.62340 0.00000 0.62340 0.62340
0.49967 0.00000 0.49967 0.49967
-0.03634 0.00000 -0.03634 -0.03634
1.25402 0.00000 1.25402 1.25402
0.92692 0.00000 0.92692 0.92692
0.08857 0.00000 0.08857 0.08857
-0.02424 0.00000 -0.02424 -0.02424
0.77427 0.00000 0.77427 0.77427
1.93288 0.00000 1.93288 1.93288
4.11256 0.00000 4.11256 4.11256
1.68901 0.00000 1.68901 1.68901
