# avg	std	min	max
5.15060 0.00000 5.15060 5.15060
3.27095 0.00000 3.27095 3.27095
4.76290 0.00000 4.76290 4.76290
-0.05893 0.00000 -0.05893 -0.05893
5.66761 0.00000 5.66761 5.66761
0.01854 0.00000 0.01854 0.01854
5.34941 0.00000 5.34941 5.34941
8.47021 0.00000 8.47021 8.47021
0.68924 0.00000 0.68924 0.68924
4.57064 0.00000 4.57064 4.57064
5.04998 0.00000 5.04998 5.04998
3.02635 0.00000 3.02635 3.02635
7.02503 0.00000 7.02503 7.02503
2.98240 0.00000 2.98240 2.98240
2.84534 0.00000 2.84534 2.84534
4.19878 0.00000 4.19878 4.19878
3.07157 0.00000 3.07157 3.07157
3.80841 0.00000 3.80841 3.80841
3.63590 0.00000 3.63590 3.63590
5.90268 0.00000 5.90268 5.90268
5.37129 0.00000 5.37129 5.37129
11.92874 0.00000 11.92874 11.92874
11.68788 0.00000 11.68788 11.68788
