# avg	std	min	max
5.60708 0.00000 5.60708 5.60708
3.86777 0.00000 3.86777 3.86777
1.83468 0.00000 1.83468 1.83468
-0.00873 0.00000 -0.00873 -0.00873
0.70130 0.00000 0.70130 0.70130
0.62256 0.00000 0.62256 0.62256
3.25061 0.00000 3.25061 3.25061
11.89830 0.00000 11.89830 11.89830
5.46098 0.00000 5.46098 5.46098
4.41519 0.00000 4.41519 4.41519
2.99704 0.00000 2.99704 2.99704
3.73961 0.00000 3.73961 3.73961
9.95087 0.00000 9.95087 9.95087
4.12116 0.00000 4.12116 4.12116
3.65041 0.00000 3.65041 3.65041
5.13453 0.00000 5.13453 5.13453
4.38182 0.00000 4.38182 4.38182
4.56197 0.00000 4.56197 4.56197
7.96937 0.00000 7.96937 7.96937
4.73652 0.00000 4.73652 4.73652
7.17289 0.00000 7.17289 7.17289
22.33574 0.00000 22.33574 22.33574
7.82899 0.00000 7.82899 7.82899
