# avg	std	min	max
3.43183 0.00000 3.43183 3.43183
2.91317 0.00000 2.91317 2.91317
2.10142 0.00000 2.10142 2.10142
-0.02322 0.00000 -0.02322 -0.02322
0.95208 0.00000 0.95208 0.95208
0.47961 0.00000 0.47961 0.47961
0.37733 0.00000 0.37733 0.37733
2.09454 0.00000 2.09454 2.09454
9.44968 0.00000 9.44968 9.44968
3.55977 0.00000 3.55977 3.55977
2.85429 0.00000 2.85429 2.85429
2.49723 0.00000 2.49723 2.49723
0.86938 0.00000 0.86938 0.86938
2.55372 0.00000 2.55372 2.55372
2.23622 0.00000 2.23622 2.23622
3.81746 0.00000 3.81746 3.81746
2.89327 0.00000 2.89327 2.89327
1.93319 0.00000 1.93319 1.93319
2.55149 0.00000 2.55149 2.55149
3.13289 0.00000 3.13289 3.13289
4.35301 0.00000 4.35301 4.35301
1.07344 0.00000 1.07344 1.07344
8.18225 0.00000 8.18225 8.18225
