# avg	std	min	max
7.10283 0.00000 7.10283 7.10283
4.90437 0.00000 4.90437 4.90437
2.25972 0.00000 2.25972 2.25972
-0.00511 0.00000 -0.00511 -0.00511
3.61636 0.00000 3.61636 3.61636
0.03598 0.00000 0.03598 0.03598
6.32536 0.00000 6.32536 6.32536
7.85421 0.00000 7.85421 7.85421
8.55618 0.00000 8.55618 8.55618
5.16496 0.00000 5.16496 5.16496
3.15999 0.00000 3.15999 3.15999
3.56239 0.00000 3.56239 3.56239
9.41330 0.00000 9.41330 9.41330
3.46702 0.00000 3.46702 3.46702
3.14103 0.00000 3.14103 3.14103
5.34466 0.00000 5.34466 5.34466
4.21730 0.00000 4.21730 4.21730
3.91399 0.00000 3.91399 3.91399
5.65073 0.00000 5.65073 5.65073
3.94116 0.00000 3.94116 3.94116
6.98901 0.00000 6.98901 6.98901
17.18194 0.00000 17.18194 17.18194
10.53427 0.00000 10.53427 10.53427
