# avg	std	min	max
0.49713 0.00000 0.49713 0.49713
0.50838 0.00000 0.50838 0.50838
0.14394 0.00000 0.14394 0.14394
0.00143 0.00000 0.00143 0.00143
-0.13845 0.00000 -0.13845 -0.13845
0.10472 0.00000 0.10472 0.10472
0.17499 0.00000 0.17499 0.17499
0.86751 0.00000 0.86751 0.86751
3.90967 0.00000 3.90967 3.90967
0.79094 0.00000 0.79094 0.79094
0.16778 0.00000 0.16778 0.16778
0.63100 0.00000 0.63100 0.63100
0.46007 0.00000 0.46007 0.46007
0.60699 0.00000 0.60699 0.60699
0.37014 0.00000 0.37014 0.37014
0.65128 0.00000 0.65128 0.65128
0.33564 0.00000 0.33564 0.33564
-0.07107 0.00000 -0.07107 -0.07107
-0.32914 0.00000 -0.32914 -0.32914
0.93790 0.00000 0.93790 0.93790
0.97909 0.00000 0.97909 0.97909
0.55617 0.00000 0.55617 0.55617
0.84034 0.00000 0.84034 0.84034
