# avg	std	min	max
3.83123 0.00000 3.83123 3.83123
2.57005 0.00000 2.57005 2.57005
4.73366 0.00000 4.73366 4.73366
2.18952 0.00000 2.18952 2.18952
6.43848 0.00000 6.43848 6.43848
-0.10434 0.00000 -0.10434 -0.10434
7.87080 0.00000 7.87080 7.87080
14.28448 0.00000 14.28448 14.28448
8.06081 0.00000 8.06081 8.06081
3.25217 0.00000 3.25217 3.25217
5.15763 0.00000 5.15763 5.15763
2.51035 0.00000 2.51035 2.51035
10.19127 0.00000 10.19127 10.19127
6.01401 0.00000 6.01401 6.01401
3.65742 0.00000 3.65742 3.65742
5.49107 0.00000 5.49107 5.49107
3.16823 0.00000 3.16823 3.16823
5.59491 0.00000 5.59491 5.59491
8.84251 0.00000 8.84251 8.84251
5.93273 0.00000 5.93273 5.93273
5.99734 0.00000 5.99734 5.99734
24.19972 0.00000 24.19972 24.19972
11.77832 0.00000 11.77832 11.77832
