# avg	std	min	max
2.23262 0.00000 2.23262 2.23262
1.67874 0.00000 1.67874 1.67874
0.20179 0.00000 0.20179 0.20179
-0.47510 0.00000 -0.47510 -0.47510
-0.67492 0.00000 -0.67492 -0.67492
-0.01048 0.00000 -0.01048 -0.01048
-0.58917 0.00000 -0.58917 -0.58917
-0.01475 0.00000 -0.01475 -0.01475
5.93735 0.00000 5.93735 5.93735
2.36147 0.00000 2.36147 2.36147
1.61077 0.00000 1.61077 1.61077
1.42278 0.00000 1.42278 1.42278
-0.99312 0.00000 -0.99312 -0.99312
1.15265 0.00000 1.15265 1.15265
1.20270 0.00000 1.20270 1.20270
2.25139 0.00000 2.25139 2.25139
1.50193 0.00000 1.50193 1.50193
0.67922 0.00000 0.67922 0.67922
0.71373 0.00000 0.71373 0.71373
1.94752 0.00000 1.94752 1.94752
3.31385 0.00000 3.31385 3.31385
1.20918 0.00000 1.20918 1.20918
3.24829 0.00000 3.24829 3.24829
