# avg	std	min	max
0.84758 0.00000 0.84758 0.84758
0.26458 0.00000 0.26458 0.26458
0.64083 0.00000 0.64083 0.64083
-0.06608 0.00000 -0.06608 -0.06608
0.13110 0.00000 0.13110 0.13110
-0.01004 0.00000 -0.01004 -0.01004
0.03970 0.00000 0.03970 0.03970
0.12758 0.00000 0.12758 0.12758
-1.71814 0.00000 -1.71814 -1.71814
0.52883 0.00000 0.52883 0.52883
0.53799 0.00000 0.53799 0.53799
0.62228 0.00000 0.62228 0.62228
0.01548 0.00000 0.01548 0.01548
0.49691 0.00000 0.49691 0.49691
0.20916 0.00000 0.20916 0.20916
0.28679 0.00000 0.28679 0.28679
-0.00103 0.00000 -0.00103 -0.00103
0.00014 0.00000 0.00014 0.00014
0.23642 0.00000 0.23642 0.23642
0.15448 0.00000 0.15448 0.15448
0.28801 0.00000 0.28801 0.28801
-0.30778 0.00000 -0.30778 -0.30778
0.39168 0.00000 0.39168 0.39168
