# avg	std	min	max
1.46590 0.00000 1.46590 1.46590
1.43881 0.00000 1.43881 1.43881
1.25820 0.00000 1.25820 1.25820
0.28342 0.00000 0.28342 0.28342
0.32683 0.00000 0.32683 0.32683
-0.01704 0.00000 -0.01704 -0.01704
-0.20109 0.00000 -0.20109 -0.20109
0.03062 0.00000 0.03062 0.03062
1.35612 0.00000 1.35612 1.35612
1.92305 0.00000 1.92305 1.92305
1.78606 0.00000 1.78606 1.78606
1.81097 0.00000 1.81097 1.81097
0.19954 0.00000 0.19954 0.19954
1.06397 0.00000 1.06397 1.06397
0.81967 0.00000 0.81967 0.81967
1.17804 0.00000 1.17804 1.17804
1.24551 0.00000 1.24551 1.24551
0.80777 0.00000 0.80777 0.80777
0.84179 0.00000 0.84179 0.84179
0.87453 0.00000 0.87453 0.87453
1.93413 0.00000 1.93413 1.93413
0.18538 0.00000 0.18538 0.18538
1.75728 0.00000 1.75728 1.75728
