# avg	std	min	max
4.24754 0.00000 4.24754 4.24754
2.68416 0.00000 2.68416 2.68416
2.26945 0.00000 2.26945 2.26945
0.06383 0.00000 0.06383 0.06383
1.10580 0.00000 1.10580 1.10580
-0.02748 0.00000 -0.02748 -0.02748
3.92869 0.00000 3.92869 3.92869
4.18417 0.00000 4.18417 4.18417
5.07385 0.00000 5.07385 5.07385
2.94397 0.00000 2.94397 2.94397
2.89301 0.00000 2.89301 2.89301
2.85119 0.00000 2.85119 2.85119
2.79690 0.00000 2.79690 2.79690
2.47962 0.00000 2.47962 2.47962
1.83598 0.00000 1.83598 1.83598
4.29963 0.00000 4.29963 4.29963
3.79978 0.00000 3.79978 3.79978
1.36370 0.00000 1.36370 1.36370
0.52238 0.00000 0.52238 0.52238
4.83826 0.00000 4.83826 4.83826
6.96764 0.00000 6.96764 6.96764
23.09914 0.00000 23.09914 23.09914
6.49299 0.00000 6.49299 6.49299
