# avg	std	min	max
-1.20879 0.00000 -1.20879 -1.20879
-0.26587 0.00000 -0.26587 -0.26587
0.56409 0.00000 0.56409 0.56409
0.37042 0.00000 0.37042 0.37042
1.16572 0.00000 1.16572 1.16572
-0.01088 0.00000 -0.01088 -0.01088
0.24686 0.00000 0.24686 0.24686
1.39453 0.00000 1.39453 1.39453
-2.19386 0.00000 -2.19386 -2.19386
0.80200 0.00000 0.80200 0.80200
0.88315 0.00000 0.88315 0.88315
0.29541 0.00000 0.29541 0.29541
0.32288 0.00000 0.32288 0.32288
0.25745 0.00000 0.25745 0.25745
0.61502 0.00000 0.61502 0.61502
0.73438 0.00000 0.73438 0.73438
0.93233 0.00000 0.93233 0.93233
0.57585 0.00000 0.57585 0.57585
1.02224 0.00000 1.02224 1.02224
0.37775 0.00000 0.37775 0.37775
3.46909 0.00000 3.46909 3.46909
-0.41752 0.00000 -0.41752 -0.41752
7.44120 0.00000 7.44120 7.44120
