# avg	std	min	max
2.80457 0.00000 2.80457 2.80457
1.48190 0.00000 1.48190 1.48190
1.78144 0.00000 1.78144 1.78144
0.09499 0.00000 0.09499 0.09499
1.31105 0.00000 1.31105 1.31105
-0.05440 0.00000 -0.05440 -0.05440
5.03050 0.00000 5.03050 5.03050
7.63699 0.00000 7.63699 7.63699
3.93003 0.00000 3.93003 3.93003
1.90314 0.00000 1.90314 1.90314
1.25271 0.00000 1.25271 1.25271
2.20785 0.00000 2.20785 2.20785
5.17557 0.00000 5.17557 5.17557
2.08552 0.00000 2.08552 2.08552
1.15069 0.00000 1.15069 1.15069
4.49553 0.00000 4.49553 4.49553
2.99117 0.00000 2.99117 2.99117
0.63380 0.00000 0.63380 0.63380
2.90526 0.00000 2.90526 2.90526
3.11527 0.00000 3.11527 3.11527
6.26166 0.00000 6.26166 6.26166
19.26496 0.00000 19.26496 19.26496
7.97599 0.00000 7.97599 7.97599
