# avg	std	min	max
2.47381 0.00000 2.47381 2.47381
2.47068 0.00000 2.47068 2.47068
3.37157 0.00000 3.37157 3.37157
1.22436 0.00000 1.22436 1.22436
3.37093 0.00000 3.37093 3.37093
-0.01053 0.00000 -0.01053 -0.01053
-0.30568 0.00000 -0.30568 -0.30568
1.86964 0.00000 1.86964 1.86964
6.30248 0.00000 6.30248 6.30248
2.84943 0.00000 2.84943 2.84943
3.01856 0.00000 3.01856 3.01856
1.94382 0.00000 1.94382 1.94382
1.41012 0.00000 1.41012 1.41012
0.91216 0.00000 0.91216 0.91216
1.67332 0.00000 1.67332 1.67332
4.18193 0.00000 4.18193 4.18193
3.03267 0.00000 3.03267 3.03267
0.81280 0.00000 0.81280 0.81280
1.06320 0.00000 1.06320 1.06320
2.53519 0.00000 2.53519 2.53519
6.81035 0.00000 6.81035 6.81035
3.07197 0.00000 3.07197 3.07197
9.00727 0.00000 9.00727 9.00727
