# avg	std	min	max
5.69141 0.00000 5.69141 5.69141
3.90836 0.00000 3.90836 3.90836
2.22574 0.00000 2.22574 2.22574
0.65953 0.00000 0.65953 0.65953
1.47986 0.00000 1.47986 1.47986
0.00330 0.00000 0.00330 0.00330
6.63342 0.00000 6.63342 6.63342
9.62346 0.00000 9.62346 9.62346
7.83099 0.00000 7.83099 7.83099
4.52193 0.00000 4.52193 4.52193
4.37641 0.00000 4.37641 4.37641
4.05678 0.00000 4.05678 4.05678
11.41498 0.00000 11.41498 11.41498
3.73267 0.00000 3.73267 3.73267
3.99310 0.00000 3.99310 3.99310
5.51649 0.00000 5.51649 5.51649
4.86523 0.00000 4.86523 4.86523
4.47897 0.00000 4.47897 4.47897
5.78600 0.00000 5.78600 5.78600
6.60467 0.00000 6.60467 6.60467
8.11517 0.00000 8.11517 8.11517
27.98592 0.00000 27.98592 27.98592
8.10120 0.00000 8.10120 8.10120
