# avg	std	min	max
5.15877 0.00000 5.15877 5.15877
3.30786 0.00000 3.30786 3.30786
1.80250 0.00000 1.80250 1.80250
0.40420 0.00000 0.40420 0.40420
0.51642 0.00000 0.51642 0.51642
-0.00367 0.00000 -0.00367 -0.00367
3.25902 0.00000 3.25902 3.25902
9.46271 0.00000 9.46271 9.46271
7.00605 0.00000 7.00605 7.00605
4.08438 0.00000 4.08438 4.08438
2.62334 0.00000 2.62334 2.62334
3.41799 0.00000 3.41799 3.41799
6.82023 0.00000 6.82023 6.82023
4.50941 0.00000 4.50941 4.50941
3.76721 0.00000 3.76721 3.76721
5.59413 0.00000 5.59413 5.59413
4.70386 0.00000 4.70386 4.70386
4.40622 0.00000 4.40622 4.40622
6.05635 0.00000 6.05635 6.05635
3.60441 0.00000 3.60441 3.60441
8.23704 0.00000 8.23704 8.23704
21.75906 0.00000 21.75906 21.75906
7.98410 0.00000 7.98410 7.98410
