# avg	std	min	max
1.12276 0.00000 1.12276 1.12276
0.20792 0.00000 0.20792 0.20792
-0.26963 0.00000 -0.26963 -0.26963
-1.85388 0.00000 -1.85388 -1.85388
-0.92931 0.00000 -0.92931 -0.92931
-1.48664 0.00000 -1.48664 -1.48664
-1.74436 0.00000 -1.74436 -1.74436
-1.28110 0.00000 -1.28110 -1.28110
3.30877 0.00000 3.30877 3.30877
0.57468 0.00000 0.57468 0.57468
-0.26108 0.00000 -0.26108 -0.26108
0.63146 0.00000 0.63146 0.63146
-2.26098 0.00000 -2.26098 -2.26098
-0.00223 0.00000 -0.00223 -0.00223
-0.20235 0.00000 -0.20235 -0.20235
0.87797 0.00000 0.87797 0.87797
-0.19066 0.00000 -0.19066 -0.19066
0.02381 0.00000 0.02381 0.02381
0.28130 0.00000 0.28130 0.28130
-0.49379 0.00000 -0.49379 -0.49379
1.24622 0.00000 1.24622 1.24622
0.06270 0.00000 0.06270 0.06270
0.48564 0.00000 0.48564 0.48564
