# avg	std	min	max
0.22918 0.00000 0.22918 0.22918
0.06651 0.00000 0.06651 0.06651
0.16003 0.00000 0.16003 0.16003
-0.94442 0.00000 -0.94442 -0.94442
-0.57577 0.00000 -0.57577 -0.57577
-1.01107 0.00000 -1.01107 -1.01107
0.08929 0.00000 0.08929 0.08929
0.12965 0.00000 0.12965 0.12965
-0.18976 0.00000 -0.18976 -0.18976
-0.02964 0.00000 -0.02964 -0.02964
0.75191 0.00000 0.75191 0.75191
-0.28403 0.00000 -0.28403 -0.28403
0.12975 0.00000 0.12975 0.12975
-0.00014 0.00000 -0.00014 -0.00014
-0.68537 0.00000 -0.68537 -0.68537
-0.12033 0.00000 -0.12033 -0.12033
-1.05899 0.00000 -1.05899 -1.05899
-0.52589 0.00000 -0.52589 -0.52589
-0.17480 0.00000 -0.17480 -0.17480
0.38618 0.00000 0.38618 0.38618
-0.24579 0.00000 -0.24579 -0.24579
-0.22420 0.00000 -0.22420 -0.22420
0.52089 0.00000 0.52089 0.52089
