# avg	std	min	max
2.41080 0.00000 2.41080 2.41080
0.87412 0.00000 0.87412 0.87412
0.62125 0.00000 0.62125 0.62125
0.31595 0.00000 0.31595 0.31595
-0.02582 0.00000 -0.02582 -0.02582
-0.37364 0.00000 -0.37364 -0.37364
3.13665 0.00000 3.13665 3.13665
6.67740 0.00000 6.67740 6.67740
1.56000 0.00000 1.56000 1.56000
2.75369 0.00000 2.75369 2.75369
2.08481 0.00000 2.08481 2.08481
1.22193 0.00000 1.22193 1.22193
1.40681 0.00000 1.40681 1.40681
0.00189 0.00000 0.00189 0.00189
1.47166 0.00000 1.47166 1.47166
2.29400 0.00000 2.29400 2.29400
0.79992 0.00000 0.79992 0.79992
4.10998 0.00000 4.10998 4.10998
4.34209 0.00000 4.34209 4.34209
5.37094 0.00000 5.37094 5.37094
7.05989 0.00000 7.05989 7.05989
11.53622 0.00000 11.53622 11.53622
5.82833 0.00000 5.82833 5.82833
