# avg	std	min	max
0.27858 0.00000 0.27858 0.27858
0.28218 0.00000 0.28218 0.28218
0.07270 0.00000 0.07270 0.07270
-0.14974 0.00000 -0.14974 -0.14974
-0.10748 0.00000 -0.10748 -0.10748
-0.03766 0.00000 -0.03766 -0.03766
-0.34229 0.00000 -0.34229 -0.34229
-0.15611 0.00000 -0.15611 -0.15611
1.06949 0.00000 1.06949 1.06949
0.22202 0.00000 0.22202 0.22202
0.20973 0.00000 0.20973 0.20973
0.14570 0.00000 0.14570 0.14570
-0.27054 0.00000 -0.27054 -0.27054
0.00025 0.00000 0.00025 0.00025
-0.01574 0.00000 -0.01574 -0.01574
-0.22265 0.00000 -0.22265 -0.22265
-0.04848 0.00000 -0.04848 -0.04848
-0.05982 0.00000 -0.05982 -0.05982
-0.09566 0.00000 -0.09566 -0.09566
0.12647 0.00000 0.12647 0.12647
-0.00904 0.00000 -0.00904 -0.00904
-0.84480 0.00000 -0.84480 -0.84480
0.06215 0.00000 0.06215 0.06215
