# avg	std	min	max
0.29354 0.00000 0.29354 0.29354
1.61309 0.00000 1.61309 1.61309
1.60532 0.00000 1.60532 1.60532
1.35211 0.00000 1.35211 1.35211
1.67429 0.00000 1.67429 1.67429
1.81508 0.00000 1.81508 1.81508
1.02278 0.00000 1.02278 1.02278
2.00557 0.00000 2.00557 2.00557
0.13161 0.00000 0.13161 0.13161
0.24542 0.00000 0.24542 0.24542
0.70257 0.00000 0.70257 0.70257
1.56931 0.00000 1.56931 1.56931
1.33593 0.00000 1.33593 1.33593
-0.00824 0.00000 -0.00824 -0.00824
1.09979 0.00000 1.09979 1.09979
-0.26171 0.00000 -0.26171 -0.26171
0.71542 0.00000 0.71542 0.71542
1.30864 0.00000 1.30864 1.30864
1.43553 0.00000 1.43553 1.43553
1.36727 0.00000 1.36727 1.36727
0.19824 0.00000 0.19824 0.19824
1.14989 0.00000 1.14989 1.14989
1.45232 0.00000 1.45232 1.45232
