# avg	std	min	max
1.02340 0.00000 1.02340 1.02340
0.49890 0.00000 0.49890 0.49890
0.04893 0.00000 0.04893 0.04893
-1.06546 0.00000 -1.06546 -1.06546
-0.14874 0.00000 -0.14874 -0.14874
-0.83269 0.00000 -0.83269 -0.83269
0.84203 0.00000 0.84203 0.84203
0.93229 0.00000 0.93229 0.93229
-0.15133 0.00000 -0.15133 -0.15133
1.27274 0.00000 1.27274 1.27274
0.93223 0.00000 0.93223 0.93223
0.45262 0.00000 0.45262 0.45262
0.74038 0.00000 0.74038 0.74038
0.02377 0.00000 0.02377 0.02377
-0.21958 0.00000 -0.21958 -0.21958
0.94278 0.00000 0.94278 0.94278
0.04426 0.00000 0.04426 0.04426
0.18541 0.00000 0.18541 0.18541
0.12338 0.00000 0.12338 0.12338
1.26361 0.00000 1.26361 1.26361
0.57502 0.00000 0.57502 0.57502
0.47488 0.00000 0.47488 0.47488
0.30968 0.00000 0.30968 0.30968
