# avg	std	min	max
0.94995 0.00000 0.94995 0.94995
-0.40160 0.00000 -0.40160 -0.40160
-0.02258 0.00000 -0.02258 -0.02258
-1.40699 0.00000 -1.40699 -1.40699
-0.10526 0.00000 -0.10526 -0.10526
-1.42122 0.00000 -1.42122 -1.42122
7.33195 0.00000 7.33195 7.33195
7.75796 0.00000 7.75796 7.75796
4.13485 0.00000 4.13485 4.13485
0.25158 0.00000 0.25158 0.25158
1.04476 0.00000 1.04476 1.04476
-0.06778 0.00000 -0.06778 -0.06778
7.14847 0.00000 7.14847 7.14847
-0.01124 0.00000 -0.01124 -0.01124
0.19796 0.00000 0.19796 0.19796
0.63857 0.00000 0.63857 0.63857
-0.15261 0.00000 -0.15261 -0.15261
-0.46475 0.00000 -0.46475 -0.46475
0.04447 0.00000 0.04447 0.04447
5.46413 0.00000 5.46413 5.46413
1.91176 0.00000 1.91176 1.91176
6.66720 0.00000 6.66720 6.66720
4.70523 0.00000 4.70523 4.70523
