# avg	std	min	max
0.28710 0.00000 0.28710 0.28710
0.46359 0.00000 0.46359 0.46359
0.47267 0.00000 0.47267 0.47267
-0.91252 0.00000 -0.91252 -0.91252
0.05412 0.00000 0.05412 0.05412
-0.86070 0.00000 -0.86070 -0.86070
-0.83004 0.00000 -0.83004 -0.83004
-0.10605 0.00000 -0.10605 -0.10605
1.83532 0.00000 1.83532 1.83532
0.69461 0.00000 0.69461 0.69461
0.52304 0.00000 0.52304 0.52304
0.45799 0.00000 0.45799 0.45799
-0.44817 0.00000 -0.44817 -0.44817
-0.00104 0.00000 -0.00104 -0.00104
-0.22697 0.00000 -0.22697 -0.22697
0.21860 0.00000 0.21860 0.21860
0.13176 0.00000 0.13176 0.13176
-0.32318 0.00000 -0.32318 -0.32318
-0.50205 0.00000 -0.50205 -0.50205
0.19007 0.00000 0.19007 0.19007
0.51410 0.00000 0.51410 0.51410
-0.66095 0.00000 -0.66095 -0.66095
1.08970 0.00000 1.08970 1.08970
