# avg	std	min	max
0.30355 0.00000 0.30355 0.30355
0.47709 0.00000 0.47709 0.47709
1.48377 0.00000 1.48377 1.48377
-0.02400 0.00000 -0.02400 -0.02400
0.05761 0.00000 0.05761 0.05761
-0.57602 0.00000 -0.57602 -0.57602
-0.78534 0.00000 -0.78534 -0.78534
0.36650 0.00000 0.36650 0.36650
0.87939 0.00000 0.87939 0.87939
0.54490 0.00000 0.54490 0.54490
1.76270 0.00000 1.76270 1.76270
0.07656 0.00000 0.07656 0.07656
-0.23850 0.00000 -0.23850 -0.23850
0.00000 0.00000 0.00000 0.00000
-0.35885 0.00000 -0.35885 -0.35885
0.10579 0.00000 0.10579 0.10579
-0.09795 0.00000 -0.09795 -0.09795
-0.21839 0.00000 -0.21839 -0.21839
-0.32226 0.00000 -0.32226 -0.32226
-0.14077 0.00000 -0.14077 -0.14077
-0.10325 0.00000 -0.10325 -0.10325
-0.33267 0.00000 -0.33267 -0.33267
1.32042 0.00000 1.32042 1.32042
