# avg	std	min	max
-1.24709 0.00000 -1.24709 -1.24709
0.69169 0.00000 0.69169 0.69169
2.06976 0.00000 2.06976 2.06976
0.46372 0.00000 0.46372 0.46372
3.00074 0.00000 3.00074 3.00074
0.12163 0.00000 0.12163 0.12163
0.44594 0.00000 0.44594 0.44594
-0.05117 0.00000 -0.05117 -0.05117
3.90708 0.00000 3.90708 3.90708
1.05398 0.00000 1.05398 1.05398
1.66305 0.00000 1.66305 1.66305
0.61585 0.00000 0.61585 0.61585
-0.12898 0.00000 -0.12898 -0.12898
0.00443 0.00000 0.00443 0.00443
0.58608 0.00000 0.58608 0.58608
0.73145 0.00000 0.73145 0.73145
0.65291 0.00000 0.65291 0.65291
1.83538 0.00000 1.83538 1.83538
2.07793 0.00000 2.07793 2.07793
0.84959 0.00000 0.84959 0.84959
0.82942 0.00000 0.82942 0.82942
3.49721 0.00000 3.49721 3.49721
3.29341 0.00000 3.29341 3.29341
