# avg	std	min	max
0.46516 0.00000 0.46516 0.46516
-0.41621 0.00000 -0.41621 -0.41621
-0.54674 0.00000 -0.54674 -0.54674
-0.56627 0.00000 -0.56627 -0.56627
-1.03103 0.00000 -1.03103 -1.03103
-0.95400 0.00000 -0.95400 -0.95400
-0.50317 0.00000 -0.50317 -0.50317
-0.44640 0.00000 -0.44640 -0.44640
-2.14905 0.00000 -2.14905 -2.14905
0.37627 0.00000 0.37627 0.37627
-0.08962 0.00000 -0.08962 -0.08962
-0.05803 0.00000 -0.05803 -0.05803
-0.42647 0.00000 -0.42647 -0.42647
-0.00054 0.00000 -0.00054 -0.00054
-0.58521 0.00000 -0.58521 -0.58521
-0.15467 0.00000 -0.15467 -0.15467
-1.37853 0.00000 -1.37853 -1.37853
-0.72922 0.00000 -0.72922 -0.72922
-0.18875 0.00000 -0.18875 -0.18875
-0.09091 0.00000 -0.09091 -0.09091
-0.13478 0.00000 -0.13478 -0.13478
-0.96393 0.00000 -0.96393 -0.96393
-0.41229 0.00000 -0.41229 -0.41229
