# avg	std	min	max
0.27840 0.00000 0.27840 0.27840
-0.28709 0.00000 -0.28709 -0.28709
-0.02133 0.00000 -0.02133 -0.02133
-1.45273 0.00000 -1.45273 -1.45273
-0.76712 0.00000 -0.76712 -0.76712
-1.77230 0.00000 -1.77230 -1.77230
-1.38600 0.00000 -1.38600 -1.38600
-1.72629 0.00000 -1.72629 -1.72629
-2.06042 0.00000 -2.06042 -2.06042
-0.32280 0.00000 -0.32280 -0.32280
-0.48259 0.00000 -0.48259 -0.48259
0.16027 0.00000 0.16027 0.16027
-1.05746 0.00000 -1.05746 -1.05746
-0.00000 0.00000 -0.00000 -0.00000
-0.58205 0.00000 -0.58205 -0.58205
0.02203 0.00000 0.02203 0.02203
-0.85438 0.00000 -0.85438 -0.85438
-0.83846 0.00000 -0.83846 -0.83846
-0.85761 0.00000 -0.85761 -0.85761
-0.21011 0.00000 -0.21011 -0.21011
-0.17904 0.00000 -0.17904 -0.17904
-1.73215 0.00000 -1.73215 -1.73215
-0.14283 0.00000 -0.14283 -0.14283
