# avg	std	min	max
2.23492 0.00000 2.23492 2.23492
1.67806 0.00000 1.67806 1.67806
1.71680 0.00000 1.71680 1.71680
1.21131 0.00000 1.21131 1.21131
1.59707 0.00000 1.59707 1.59707
1.79840 0.00000 1.79840 1.79840
0.87238 0.00000 0.87238 0.87238
2.25148 0.00000 2.25148 2.25148
3.02981 0.00000 3.02981 3.02981
1.31414 0.00000 1.31414 1.31414
1.52959 0.00000 1.52959 1.52959
1.67023 0.00000 1.67023 1.67023
1.79387 0.00000 1.79387 1.79387
0.00925 0.00000 0.00925 0.00925
1.47308 0.00000 1.47308 1.47308
4.33388 0.00000 4.33388 4.33388
4.78123 0.00000 4.78123 4.78123
1.46555 0.00000 1.46555 1.46555
2.37707 0.00000 2.37707 2.37707
2.20375 0.00000 2.20375 2.20375
7.14098 0.00000 7.14098 7.14098
3.63913 0.00000 3.63913 3.63913
10.49808 0.00000 10.49808 10.49808
