# avg	std	min	max
1.51110 0.00000 1.51110 1.51110
0.52795 0.00000 0.52795 0.52795
0.48574 0.00000 0.48574 0.48574
-1.52734 0.00000 -1.52734 -1.52734
0.36996 0.00000 0.36996 0.36996
-2.18739 0.00000 -2.18739 -2.18739
-1.86393 0.00000 -1.86393 -1.86393
5.99274 0.00000 5.99274 5.99274
5.60556 0.00000 5.60556 5.60556
1.46374 0.00000 1.46374 1.46374
1.57887 0.00000 1.57887 1.57887
0.03272 0.00000 0.03272 0.03272
5.58869 0.00000 5.58869 5.58869
0.00415 0.00000 0.00415 0.00415
-0.10606 0.00000 -0.10606 -0.10606
0.11812 0.00000 0.11812 0.11812
0.55031 0.00000 0.55031 0.55031
2.40929 0.00000 2.40929 2.40929
2.58769 0.00000 2.58769 2.58769
3.01415 0.00000 3.01415 3.01415
3.86475 0.00000 3.86475 3.86475
9.82131 0.00000 9.82131 9.82131
5.53799 0.00000 5.53799 5.53799
