# avg	std	min	max
0.32237 0.00000 0.32237 0.32237
-0.31654 0.00000 -0.31654 -0.31654
-0.22828 0.00000 -0.22828 -0.22828
-0.79119 0.00000 -0.79119 -0.79119
-0.41905 0.00000 -0.41905 -0.41905
-1.22119 0.00000 -1.22119 -1.22119
-0.30259 0.00000 -0.30259 -0.30259
-0.75739 0.00000 -0.75739 -0.75739
-1.13039 0.00000 -1.13039 -1.13039
0.04134 0.00000 0.04134 0.04134
0.10259 0.00000 0.10259 0.10259
0.21426 0.00000 0.21426 0.21426
-0.16367 0.00000 -0.16367 -0.16367
-0.00182 0.00000 -0.00182 -0.00182
-0.67766 0.00000 -0.67766 -0.67766
-0.83930 0.00000 -0.83930 -0.83930
-1.40562 0.00000 -1.40562 -1.40562
-0.26500 0.00000 -0.26500 -0.26500
0.08694 0.00000 0.08694 0.08694
0.31990 0.00000 0.31990 0.31990
-0.90748 0.00000 -0.90748 -0.90748
-0.99059 0.00000 -0.99059 -0.99059
-0.87405 0.00000 -0.87405 -0.87405
