# avg	std	min	max
1.12271 0.00000 1.12271 1.12271
0.88265 0.00000 0.88265 0.88265
1.11477 0.00000 1.11477 1.11477
0.37425 0.00000 0.37425 0.37425
0.61167 0.00000 0.61167 0.61167
-0.72901 0.00000 -0.72901 -0.72901
-0.62133 0.00000 -0.62133 -0.62133
0.86336 0.00000 0.86336 0.86336
-0.49398 0.00000 -0.49398 -0.49398
1.16861 0.00000 1.16861 1.16861
1.09432 0.00000 1.09432 1.09432
1.52608 0.00000 1.52608 1.52608
-0.28709 0.00000 -0.28709 -0.28709
0.00002 0.00000 0.00002 0.00002
0.75357 0.00000 0.75357 0.75357
-1.18232 0.00000 -1.18232 -1.18232
-0.56593 0.00000 -0.56593 -0.56593
0.93810 0.00000 0.93810 0.93810
1.60872 0.00000 1.60872 1.60872
1.29193 0.00000 1.29193 1.29193
-0.16429 0.00000 -0.16429 -0.16429
-0.89119 0.00000 -0.89119 -0.89119
0.03289 0.00000 0.03289 0.03289
