# avg	std	min	max
0.28133 0.00000 0.28133 0.28133
0.22094 0.00000 0.22094 0.22094
0.02354 0.00000 0.02354 0.02354
-0.51798 0.00000 -0.51798 -0.51798
-0.37889 0.00000 -0.37889 -0.37889
-0.08105 0.00000 -0.08105 -0.08105
-0.64817 0.00000 -0.64817 -0.64817
-0.20798 0.00000 -0.20798 -0.20798
2.27731 0.00000 2.27731 2.27731
0.65420 0.00000 0.65420 0.65420
0.30487 0.00000 0.30487 0.30487
0.09766 0.00000 0.09766 0.09766
-0.55852 0.00000 -0.55852 -0.55852
-0.00000 0.00000 -0.00000 -0.00000
-0.44022 0.00000 -0.44022 -0.44022
-0.06255 0.00000 -0.06255 -0.06255
-0.25040 0.00000 -0.25040 -0.25040
-0.38933 0.00000 -0.38933 -0.38933
-0.44161 0.00000 -0.44161 -0.44161
0.05162 0.00000 0.05162 0.05162
0.52059 0.00000 0.52059 0.52059
-1.10238 0.00000 -1.10238 -1.10238
-0.04437 0.00000 -0.04437 -0.04437
