# avg	std	min	max
-0.32106 0.00000 -0.32106 -0.32106
0.83391 0.00000 0.83391 0.83391
1.67260 0.00000 1.67260 1.67260
0.31757 0.00000 0.31757 0.31757
2.96878 0.00000 2.96878 2.96878
0.23233 0.00000 0.23233 0.23233
0.10891 0.00000 0.10891 0.10891
0.12230 0.00000 0.12230 0.12230
4.90572 0.00000 4.90572 4.90572
0.15329 0.00000 0.15329 0.15329
1.38360 0.00000 1.38360 1.38360
0.50644 0.00000 0.50644 0.50644
0.08128 0.00000 0.08128 0.08128
-0.00565 0.00000 -0.00565 -0.00565
0.62591 0.00000 0.62591 0.62591
0.39616 0.00000 0.39616 0.39616
0.39811 0.00000 0.39811 0.39811
0.02070 0.00000 0.02070 0.02070
0.28323 0.00000 0.28323 0.28323
0.37348 0.00000 0.37348 0.37348
0.62585 0.00000 0.62585 0.62585
-0.19108 0.00000 -0.19108 -0.19108
1.43772 0.00000 1.43772 1.43772
