# avg	std	min	max
1.99627 0.00000 1.99627 1.99627
1.63143 0.00000 1.63143 1.63143
2.55374 0.00000 2.55374 2.55374
2.02874 0.00000 2.02874 2.02874
2.51623 0.00000 2.51623 2.51623
1.64701 0.00000 1.64701 1.64701
2.13765 0.00000 2.13765 2.13765
2.48334 0.00000 2.48334 2.48334
0.00035 0.00000 0.00035 0.00035
2.02450 0.00000 2.02450 2.02450
3.14361 0.00000 3.14361 3.14361
1.83305 0.00000 1.83305 1.83305
2.14067 0.00000 2.14067 2.14067
2.08284 0.00000 2.08284 2.08284
1.83498 0.00000 1.83498 1.83498
2.66292 0.00000 2.66292 2.66292
2.44261 0.00000 2.44261 2.44261
1.31781 0.00000 1.31781 1.31781
1.42552 0.00000 1.42552 1.42552
2.51329 0.00000 2.51329 2.51329
2.77727 0.00000 2.77727 2.77727
2.24924 0.00000 2.24924 2.24924
3.79740 0.00000 3.79740 3.79740
