# avg	std	min	max
2.98241 0.00000 2.98241 2.98241
2.01135 0.00000 2.01135 2.01135
2.47439 0.00000 2.47439 2.47439
2.38077 0.00000 2.38077 2.38077
2.05241 0.00000 2.05241 2.05241
1.91853 0.00000 1.91853 1.91853
3.02656 0.00000 3.02656 3.02656
2.97385 0.00000 2.97385 2.97385
0.00016 0.00000 0.00016 0.00016
1.99765 0.00000 1.99765 1.99765
2.09523 0.00000 2.09523 2.09523
2.52037 0.00000 2.52037 2.52037
3.37057 0.00000 3.37057 3.37057
3.34108 0.00000 3.34108 3.34108
2.03413 0.00000 2.03413 2.03413
3.99528 0.00000 3.99528 3.99528
2.38192 0.00000 2.38192 2.38192
2.87315 0.00000 2.87315 2.87315
2.83285 0.00000 2.83285 2.83285
3.50900 0.00000 3.50900 3.50900
3.46097 0.00000 3.46097 3.46097
2.38283 0.00000 2.38283 2.38283
4.00410 0.00000 4.00410 4.00410
