# avg	std	min	max
3.28416 0.00000 3.28416 3.28416
2.79061 0.00000 2.79061 2.79061
5.17534 0.00000 5.17534 5.17534
4.42333 0.00000 4.42333 4.42333
5.29476 0.00000 5.29476 5.29476
3.48089 0.00000 3.48089 3.48089
10.51477 0.00000 10.51477 10.51477
14.72694 0.00000 14.72694 14.72694
-0.00116 0.00000 -0.00116 -0.00116
3.36130 0.00000 3.36130 3.36130
3.25642 0.00000 3.25642 3.25642
2.84665 0.00000 2.84665 2.84665
14.12472 0.00000 14.12472 14.12472
3.46789 0.00000 3.46789 3.46789
5.45438 0.00000 5.45438 5.45438
4.46828 0.00000 4.46828 4.46828
6.83023 0.00000 6.83023 6.83023
5.26676 0.00000 5.26676 5.26676
5.00492 0.00000 5.00492 5.00492
9.82359 0.00000 9.82359 9.82359
13.42340 0.00000 13.42340 13.42340
20.89064 0.00000 20.89064 20.89064
13.03870 0.00000 13.03870 13.03870
