# avg	std	min	max
1.75458 0.00000 1.75458 1.75458
1.89685 0.00000 1.89685 1.89685
1.24830 0.00000 1.24830 1.24830
1.26290 0.00000 1.26290 1.26290
0.64976 0.00000 0.64976 0.64976
0.42729 0.00000 0.42729 0.42729
1.21950 0.00000 1.21950 1.21950
1.01523 0.00000 1.01523 1.01523
0.00295 0.00000 0.00295 0.00295
1.69620 0.00000 1.69620 1.69620
1.59098 0.00000 1.59098 1.59098
1.37254 0.00000 1.37254 1.37254
1.27812 0.00000 1.27812 1.27812
1.39318 0.00000 1.39318 1.39318
0.56991 0.00000 0.56991 0.56991
2.00866 0.00000 2.00866 2.00866
1.80313 0.00000 1.80313 1.80313
-0.92706 0.00000 -0.92706 -0.92706
-0.32152 0.00000 -0.32152 -0.32152
1.42561 0.00000 1.42561 1.42561
2.21605 0.00000 2.21605 2.21605
1.23210 0.00000 1.23210 1.23210
2.65288 0.00000 2.65288 2.65288
