# avg	std	min	max
3.24536 0.00000 3.24536 3.24536
1.98832 0.00000 1.98832 1.98832
3.41546 0.00000 3.41546 3.41546
2.58026 0.00000 2.58026 2.58026
2.59297 0.00000 2.59297 2.59297
4.62211 0.00000 4.62211 4.62211
2.63186 0.00000 2.63186 2.63186
7.37533 0.00000 7.37533 7.37533
-0.01555 0.00000 -0.01555 -0.01555
3.07816 0.00000 3.07816 3.07816
2.89959 0.00000 2.89959 2.89959
2.69165 0.00000 2.69165 2.69165
2.94000 0.00000 2.94000 2.94000
2.25724 0.00000 2.25724 2.25724
5.02106 0.00000 5.02106 5.02106
5.49839 0.00000 5.49839 5.49839
6.27163 0.00000 6.27163 6.27163
6.83968 0.00000 6.83968 6.83968
7.04780 0.00000 7.04780 7.04780
3.37895 0.00000 3.37895 3.37895
10.21760 0.00000 10.21760 10.21760
6.26960 0.00000 6.26960 6.26960
10.70942 0.00000 10.70942 10.70942
