# avg	std	min	max
1.88104 0.00000 1.88104 1.88104
1.42509 0.00000 1.42509 1.42509
2.70007 0.00000 2.70007 2.70007
0.53377 0.00000 0.53377 0.53377
2.31111 0.00000 2.31111 2.31111
0.44808 0.00000 0.44808 0.44808
1.15421 0.00000 1.15421 1.15421
1.32182 0.00000 1.32182 1.32182
-0.00230 0.00000 -0.00230 -0.00230
1.93285 0.00000 1.93285 1.93285
2.77164 0.00000 2.77164 2.77164
1.56768 0.00000 1.56768 1.56768
1.14680 0.00000 1.14680 1.14680
1.43348 0.00000 1.43348 1.43348
1.52168 0.00000 1.52168 1.52168
2.55221 0.00000 2.55221 2.55221
1.39323 0.00000 1.39323 1.39323
1.02906 0.00000 1.02906 1.02906
1.31372 0.00000 1.31372 1.31372
2.26221 0.00000 2.26221 2.26221
2.56501 0.00000 2.56501 2.56501
1.51057 0.00000 1.51057 1.51057
3.55851 0.00000 3.55851 3.55851
