# avg	std	min	max
0.90046 0.00000 0.90046 0.90046
0.68476 0.00000 0.68476 0.68476
1.29309 0.00000 1.29309 1.29309
0.86066 0.00000 0.86066 0.86066
1.07931 0.00000 1.07931 1.07931
0.97644 0.00000 0.97644 0.97644
1.03090 0.00000 1.03090 1.03090
0.98795 0.00000 0.98795 0.98795
-0.00096 0.00000 -0.00096 -0.00096
0.93338 0.00000 0.93338 0.93338
1.22131 0.00000 1.22131 1.22131
1.07092 0.00000 1.07092 1.07092
1.02730 0.00000 1.02730 1.02730
1.03729 0.00000 1.03729 1.03729
0.65018 0.00000 0.65018 0.65018
1.01537 0.00000 1.01537 1.01537
0.89024 0.00000 0.89024 0.89024
0.76925 0.00000 0.76925 0.76925
0.83000 0.00000 0.83000 0.83000
1.17950 0.00000 1.17950 1.17950
1.11677 0.00000 1.11677 1.11677
0.94324 0.00000 0.94324 0.94324
1.49332 0.00000 1.49332 1.49332
