# avg	std	min	max
1.21702 0.00000 1.21702 1.21702
0.56309 0.00000 0.56309 0.56309
0.33031 0.00000 0.33031 0.33031
-0.26818 0.00000 -0.26818 -0.26818
-0.56600 0.00000 -0.56600 -0.56600
-0.80999 0.00000 -0.80999 -0.80999
1.26998 0.00000 1.26998 1.26998
1.46611 0.00000 1.46611 1.46611
-0.00107 0.00000 -0.00107 -0.00107
1.50986 0.00000 1.50986 1.50986
0.58979 0.00000 0.58979 0.58979
0.24837 0.00000 0.24837 0.24837
1.28719 0.00000 1.28719 1.28719
1.31229 0.00000 1.31229 1.31229
1.11185 0.00000 1.11185 1.11185
1.25250 0.00000 1.25250 1.25250
0.51386 0.00000 0.51386 0.51386
0.45710 0.00000 0.45710 0.45710
1.06951 0.00000 1.06951 1.06951
1.34975 0.00000 1.34975 1.34975
1.17097 0.00000 1.17097 1.17097
1.31546 0.00000 1.31546 1.31546
0.26560 0.00000 0.26560 0.26560
