# avg	std	min	max
1.96571 0.00000 1.96571 1.96571
1.59898 0.00000 1.59898 1.59898
1.99325 0.00000 1.99325 1.99325
1.68168 0.00000 1.68168 1.68168
1.97835 0.00000 1.97835 1.97835
1.41209 0.00000 1.41209 1.41209
1.48188 0.00000 1.48188 1.48188
1.78128 0.00000 1.78128 1.78128
0.00338 0.00000 0.00338 0.00338
1.61499 0.00000 1.61499 1.61499
2.24515 0.00000 2.24515 2.24515
2.01241 0.00000 2.01241 2.01241
1.72804 0.00000 1.72804 1.72804
1.95271 0.00000 1.95271 1.95271
1.67706 0.00000 1.67706 1.67706
1.63147 0.00000 1.63147 1.63147
1.36123 0.00000 1.36123 1.36123
1.31627 0.00000 1.31627 1.31627
1.71318 0.00000 1.71318 1.71318
2.07927 0.00000 2.07927 2.07927
1.54290 0.00000 1.54290 1.54290
1.69292 0.00000 1.69292 1.69292
3.01484 0.00000 3.01484 3.01484
