# avg	std	min	max
0.63827 0.00000 0.63827 0.63827
0.41520 0.00000 0.41520 0.41520
0.61832 0.00000 0.61832 0.61832
0.36397 0.00000 0.36397 0.36397
0.56967 0.00000 0.56967 0.56967
0.40186 0.00000 0.40186 0.40186
0.07396 0.00000 0.07396 0.07396
0.21792 0.00000 0.21792 0.21792
-0.00039 0.00000 -0.00039 -0.00039
0.53083 0.00000 0.53083 0.53083
0.47952 0.00000 0.47952 0.47952
0.61787 0.00000 0.61787 0.61787
0.08987 0.00000 0.08987 0.08987
0.60713 0.00000 0.60713 0.60713
0.46073 0.00000 0.46073 0.46073
0.40723 0.00000 0.40723 0.40723
0.34033 0.00000 0.34033 0.34033
0.46461 0.00000 0.46461 0.46461
0.44197 0.00000 0.44197 0.44197
0.48232 0.00000 0.48232 0.48232
0.51313 0.00000 0.51313 0.51313
-0.11344 0.00000 -0.11344 -0.11344
0.57215 0.00000 0.57215 0.57215
