# avg	std	min	max
1.16784 0.00000 1.16784 1.16784
1.00232 0.00000 1.00232 1.00232
1.84042 0.00000 1.84042 1.84042
1.33924 0.00000 1.33924 1.33924
1.58869 0.00000 1.58869 1.58869
1.32648 0.00000 1.32648 1.32648
1.17565 0.00000 1.17565 1.17565
1.46100 0.00000 1.46100 1.46100
-0.00043 0.00000 -0.00043 -0.00043
1.23887 0.00000 1.23887 1.23887
1.85846 0.00000 1.85846 1.85846
1.46971 0.00000 1.46971 1.46971
1.33624 0.00000 1.33624 1.33624
1.06301 0.00000 1.06301 1.06301
1.13264 0.00000 1.13264 1.13264
0.99165 0.00000 0.99165 0.99165
0.77446 0.00000 0.77446 0.77446
1.25699 0.00000 1.25699 1.25699
1.32827 0.00000 1.32827 1.32827
1.71159 0.00000 1.71159 1.71159
0.81862 0.00000 0.81862 0.81862
1.32689 0.00000 1.32689 1.32689
2.18914 0.00000 2.18914 2.18914
