# avg	std	min	max
2.16903 0.00000 2.16903 2.16903
1.38638 0.00000 1.38638 1.38638
2.17761 0.00000 2.17761 2.17761
1.13009 0.00000 1.13009 1.13009
1.85047 0.00000 1.85047 1.85047
1.67941 0.00000 1.67941 1.67941
1.63061 0.00000 1.63061 1.63061
1.84501 0.00000 1.84501 1.84501
-0.01314 0.00000 -0.01314 -0.01314
1.65355 0.00000 1.65355 1.65355
2.34664 0.00000 2.34664 2.34664
2.03061 0.00000 2.03061 2.03061
1.71296 0.00000 1.71296 1.71296
1.96023 0.00000 1.96023 1.96023
1.37673 0.00000 1.37673 1.37673
1.45959 0.00000 1.45959 1.45959
1.21696 0.00000 1.21696 1.21696
0.82731 0.00000 0.82731 0.82731
1.03704 0.00000 1.03704 1.03704
2.15289 0.00000 2.15289 2.15289
1.62446 0.00000 1.62446 1.62446
1.81053 0.00000 1.81053 1.81053
2.95277 0.00000 2.95277 2.95277
