# avg	std	min	max
2.41920 0.00000 2.41920 2.41920
1.58254 0.00000 1.58254 1.58254
1.51805 0.00000 1.51805 1.51805
0.80581 0.00000 0.80581 0.80581
0.93041 0.00000 0.93041 0.93041
-0.01504 0.00000 -0.01504 -0.01504
1.84488 0.00000 1.84488 1.84488
1.61757 0.00000 1.61757 1.61757
-0.00385 0.00000 -0.00385 -0.00385
2.26675 0.00000 2.26675 2.26675
2.05784 0.00000 2.05784 2.05784
1.82777 0.00000 1.82777 1.82777
1.83650 0.00000 1.83650 1.83650
2.00982 0.00000 2.00982 2.00982
1.19676 0.00000 1.19676 1.19676
1.82763 0.00000 1.82763 1.82763
1.39656 0.00000 1.39656 1.39656
1.48339 0.00000 1.48339 1.48339
1.61308 0.00000 1.61308 1.61308
2.46187 0.00000 2.46187 2.46187
2.23502 0.00000 2.23502 2.23502
1.52226 0.00000 1.52226 1.52226
2.13863 0.00000 2.13863 2.13863
