# avg	std	min	max
1.85516 0.00000 1.85516 1.85516
1.10546 0.00000 1.10546 1.10546
1.95769 0.00000 1.95769 1.95769
0.60155 0.00000 0.60155 0.60155
2.66806 0.00000 2.66806 2.66806
0.21006 0.00000 0.21006 0.21006
0.45224 0.00000 0.45224 0.45224
0.34685 0.00000 0.34685 0.34685
-0.00111 0.00000 -0.00111 -0.00111
2.11683 0.00000 2.11683 2.11683
2.30868 0.00000 2.30868 2.30868
1.25473 0.00000 1.25473 1.25473
0.86732 0.00000 0.86732 0.86732
0.85295 0.00000 0.85295 0.85295
0.62043 0.00000 0.62043 0.62043
2.49673 0.00000 2.49673 2.49673
1.59986 0.00000 1.59986 1.59986
0.09856 0.00000 0.09856 0.09856
0.49741 0.00000 0.49741 0.49741
1.03775 0.00000 1.03775 1.03775
4.32157 0.00000 4.32157 4.32157
0.97756 0.00000 0.97756 0.97756
8.04806 0.00000 8.04806 8.04806
