# avg	std	min	max
3.84304 0.00000 3.84304 3.84304
2.91997 0.00000 2.91997 2.91997
0.98875 0.00000 0.98875 0.98875
2.99186 0.00000 2.99186 2.99186
1.29970 0.00000 1.29970 1.29970
1.82000 0.00000 1.82000 1.82000
7.97525 0.00000 7.97525 7.97525
14.25572 0.00000 14.25572 14.25572
-0.00355 0.00000 -0.00355 -0.00355
2.79863 0.00000 2.79863 2.79863
2.62028 0.00000 2.62028 2.62028
2.13717 0.00000 2.13717 2.13717
11.50822 0.00000 11.50822 11.50822
2.87113 0.00000 2.87113 2.87113
2.86288 0.00000 2.86288 2.86288
2.38229 0.00000 2.38229 2.38229
2.44200 0.00000 2.44200 2.44200
6.28271 0.00000 6.28271 6.28271
8.21653 0.00000 8.21653 8.21653
10.35160 0.00000 10.35160 10.35160
7.78920 0.00000 7.78920 7.78920
24.65382 0.00000 24.65382 24.65382
7.73900 0.00000 7.73900 7.73900
