# avg	std	min	max
4.84467 0.00000 4.84467 4.84467
2.78162 0.00000 2.78162 2.78162
1.85626 0.00000 1.85626 1.85626
4.53032 0.00000 4.53032 4.53032
4.03763 0.00000 4.03763 4.03763
5.27114 0.00000 5.27114 5.27114
13.38320 0.00000 13.38320 13.38320
30.23768 0.00000 30.23768 30.23768
0.00059 0.00000 0.00059 0.00059
4.56690 0.00000 4.56690 4.56690
3.52722 0.00000 3.52722 3.52722
3.89416 0.00000 3.89416 3.89416
19.27948 0.00000 19.27948 19.27948
5.28560 0.00000 5.28560 5.28560
5.84729 0.00000 5.84729 5.84729
6.61559 0.00000 6.61559 6.61559
7.00028 0.00000 7.00028 7.00028
12.27155 0.00000 12.27155 12.27155
10.73445 0.00000 10.73445 10.73445
14.05660 0.00000 14.05660 14.05660
16.85534 0.00000 16.85534 16.85534
21.97868 0.00000 21.97868 21.97868
18.57006 0.00000 18.57006 18.57006
