# avg	std	min	max
1.84611 0.00000 1.84611 1.84611
1.56593 0.00000 1.56593 1.56593
1.56430 0.00000 1.56430 1.56430
1.49978 0.00000 1.49978 1.49978
1.58962 0.00000 1.58962 1.58962
1.30112 0.00000 1.30112 1.30112
1.38023 0.00000 1.38023 1.38023
1.44566 0.00000 1.44566 1.44566
-0.00076 0.00000 -0.00076 -0.00076
1.62270 0.00000 1.62270 1.62270
1.49419 0.00000 1.49419 1.49419
1.65859 0.00000 1.65859 1.65859
1.39807 0.00000 1.39807 1.39807
1.72943 0.00000 1.72943 1.72943
1.19347 0.00000 1.19347 1.19347
1.54917 0.00000 1.54917 1.54917
0.99045 0.00000 0.99045 0.99045
1.30394 0.00000 1.30394 1.30394
1.30682 0.00000 1.30682 1.30682
1.54634 0.00000 1.54634 1.54634
1.28462 0.00000 1.28462 1.28462
1.29749 0.00000 1.29749 1.29749
1.78812 0.00000 1.78812 1.78812
