# avg	std	min	max
3.15174 0.00000 3.15174 3.15174
2.79646 0.00000 2.79646 2.79646
2.18920 0.00000 2.18920 2.18920
2.21325 0.00000 2.21325 2.21325
2.45761 0.00000 2.45761 2.45761
1.61233 0.00000 1.61233 1.61233
2.15316 0.00000 2.15316 2.15316
2.98248 0.00000 2.98248 2.98248
0.00030 0.00000 0.00030 0.00030
2.51560 0.00000 2.51560 2.51560
1.18242 0.00000 1.18242 1.18242
3.18860 0.00000 3.18860 3.18860
1.88357 0.00000 1.88357 1.88357
1.19944 0.00000 1.19944 1.19944
3.17106 0.00000 3.17106 3.17106
-1.14527 0.00000 -1.14527 -1.14527
0.96506 0.00000 0.96506 0.96506
2.86709 0.00000 2.86709 2.86709
3.47527 0.00000 3.47527 3.47527
2.71161 0.00000 2.71161 2.71161
1.50767 0.00000 1.50767 1.50767
2.35731 0.00000 2.35731 2.35731
3.27467 0.00000 3.27467 3.27467
