# avg	std	min	max
1.84718 0.00000 1.84718 1.84718
1.64842 0.00000 1.64842 1.64842
2.35059 0.00000 2.35059 2.35059
1.14149 0.00000 1.14149 1.14149
1.89117 0.00000 1.89117 1.89117
0.91191 0.00000 0.91191 0.91191
1.34960 0.00000 1.34960 1.34960
1.70576 0.00000 1.70576 1.70576
-0.00669 0.00000 -0.00669 -0.00669
1.62424 0.00000 1.62424 1.62424
2.26597 0.00000 2.26597 2.26597
1.73860 0.00000 1.73860 1.73860
1.68259 0.00000 1.68259 1.68259
1.91430 0.00000 1.91430 1.91430
1.26218 0.00000 1.26218 1.26218
1.22944 0.00000 1.22944 1.22944
0.88032 0.00000 0.88032 0.88032
1.33621 0.00000 1.33621 1.33621
0.68246 0.00000 0.68246 0.68246
1.97442 0.00000 1.97442 1.97442
1.71595 0.00000 1.71595 1.71595
0.56978 0.00000 0.56978 0.56978
2.59038 0.00000 2.59038 2.59038
