# avg	std	min	max
2.35956 0.00000 2.35956 2.35956
1.81548 0.00000 1.81548 1.81548
2.08572 0.00000 2.08572 2.08572
1.55055 0.00000 1.55055 1.55055
1.87295 0.00000 1.87295 1.87295
1.52172 0.00000 1.52172 1.52172
1.71056 0.00000 1.71056 1.71056
1.97494 0.00000 1.97494 1.97494
-0.00230 0.00000 -0.00230 -0.00230
2.17323 0.00000 2.17323 2.17323
2.10738 0.00000 2.10738 2.10738
2.38113 0.00000 2.38113 2.38113
1.78976 0.00000 1.78976 1.78976
2.14505 0.00000 2.14505 2.14505
1.36410 0.00000 1.36410 1.36410
1.23993 0.00000 1.23993 1.23993
0.67795 0.00000 0.67795 0.67795
1.69283 0.00000 1.69283 1.69283
1.87462 0.00000 1.87462 1.87462
2.37880 0.00000 2.37880 2.37880
1.55258 0.00000 1.55258 1.55258
1.35949 0.00000 1.35949 1.35949
1.78695 0.00000 1.78695 1.78695
