# avg	std	min	max
3.76013 0.00000 3.76013 3.76013
2.55082 0.00000 2.55082 2.55082
4.31137 0.00000 4.31137 4.31137
4.65551 0.00000 4.65551 4.65551
5.08214 0.00000 5.08214 5.08214
2.20859 0.00000 2.20859 2.20859
2.29705 0.00000 2.29705 2.29705
3.40348 0.00000 3.40348 3.40348
-0.00245 0.00000 -0.00245 -0.00245
3.18752 0.00000 3.18752 3.18752
4.54647 0.00000 4.54647 4.54647
3.08907 0.00000 3.08907 3.08907
2.45796 0.00000 2.45796 2.45796
4.28082 0.00000 4.28082 4.28082
3.51700 0.00000 3.51700 3.51700
4.62087 0.00000 4.62087 4.62087
3.71166 0.00000 3.71166 3.71166
3.09639 0.00000 3.09639 3.09639
3.41962 0.00000 3.41962 3.41962
4.76556 0.00000 4.76556 4.76556
3.62498 0.00000 3.62498 3.62498
2.84799 0.00000 2.84799 2.84799
6.40338 0.00000 6.40338 6.40338
