# avg	std	min	max
3.36325 0.00000 3.36325 3.36325
2.78681 0.00000 2.78681 2.78681
1.81764 0.00000 1.81764 1.81764
1.12751 0.00000 1.12751 1.12751
2.45778 0.00000 2.45778 2.45778
0.66579 0.00000 0.66579 0.66579
2.04065 0.00000 2.04065 2.04065
2.96569 0.00000 2.96569 2.96569
-0.03163 0.00000 -0.03163 -0.03163
3.04765 0.00000 3.04765 3.04765
3.20471 0.00000 3.20471 3.20471
2.93028 0.00000 2.93028 2.93028
2.02192 0.00000 2.02192 2.02192
3.12625 0.00000 3.12625 3.12625
2.00663 0.00000 2.00663 2.00663
3.95477 0.00000 3.95477 3.95477
3.35952 0.00000 3.35952 3.35952
1.92058 0.00000 1.92058 1.92058
2.67491 0.00000 2.67491 2.67491
2.79587 0.00000 2.79587 2.79587
5.77694 0.00000 5.77694 5.77694
2.34309 0.00000 2.34309 2.34309
8.00191 0.00000 8.00191 8.00191
