# avg	std	min	max
2.59251 0.00000 2.59251 2.59251
1.09047 0.00000 1.09047 1.09047
2.77279 0.00000 2.77279 2.77279
-1.13626 0.00000 -1.13626 -1.13626
2.10636 0.00000 2.10636 2.10636
-0.55494 0.00000 -0.55494 -0.55494
2.83380 0.00000 2.83380 2.83380
7.04645 0.00000 7.04645 7.04645
9.74228 0.00000 9.74228 9.74228
3.01334 0.00000 3.01334 3.01334
2.06205 0.00000 2.06205 2.06205
1.86207 0.00000 1.86207 1.86207
3.66440 0.00000 3.66440 3.66440
2.73450 0.00000 2.73450 2.73450
-0.02118 0.00000 -0.02118 -0.02118
2.59412 0.00000 2.59412 2.59412
0.09969 0.00000 0.09969 0.09969
0.60290 0.00000 0.60290 0.60290
1.25669 0.00000 1.25669 1.25669
3.50853 0.00000 3.50853 3.50853
3.32272 0.00000 3.32272 3.32272
4.96246 0.00000 4.96246 4.96246
7.12361 0.00000 7.12361 7.12361
