# avg	std	min	max
1.20910 0.00000 1.20910 1.20910
0.50855 0.00000 0.50855 0.50855
0.15158 0.00000 0.15158 0.15158
-1.17833 0.00000 -1.17833 -1.17833
-0.45934 0.00000 -0.45934 -0.45934
-1.64388 0.00000 -1.64388 -1.64388
-0.73574 0.00000 -0.73574 -0.73574
-0.56554 0.00000 -0.56554 -0.56554
-0.71469 0.00000 -0.71469 -0.71469
1.05412 0.00000 1.05412 1.05412
0.31207 0.00000 0.31207 0.31207
0.51805 0.00000 0.51805 0.51805
-0.11495 0.00000 -0.11495 -0.11495
1.01093 0.00000 1.01093 1.01093
-0.00652 0.00000 -0.00652 -0.00652
1.53398 0.00000 1.53398 1.53398
0.54711 0.00000 0.54711 0.54711
-0.89247 0.00000 -0.89247 -0.89247
-0.98154 0.00000 -0.98154 -0.98154
0.87664 0.00000 0.87664 0.87664
1.67300 0.00000 1.67300 1.67300
0.52134 0.00000 0.52134 0.52134
0.95811 0.00000 0.95811 0.95811
