# avg	std	min	max
1.48432 0.00000 1.48432 1.48432
0.26492 0.00000 0.26492 0.26492
-0.33504 0.00000 -0.33504 -0.33504
-0.51236 0.00000 -0.51236 -0.51236
-0.98378 0.00000 -0.98378 -0.98378
-0.66921 0.00000 -0.66921 -0.66921
-0.46580 0.00000 -0.46580 -0.46580
-0.08751 0.00000 -0.08751 -0.08751
4.67478 0.00000 4.67478 4.67478
1.15432 0.00000 1.15432 1.15432
0.95232 0.00000 0.95232 0.95232
0.50855 0.00000 0.50855 0.50855
-0.28882 0.00000 -0.28882 -0.28882
1.01492 0.00000 1.01492 1.01492
-0.00149 0.00000 -0.00149 -0.00149
1.35731 0.00000 1.35731 1.35731
0.98905 0.00000 0.98905 0.98905
-0.23217 0.00000 -0.23217 -0.23217
0.63315 0.00000 0.63315 0.63315
1.09283 0.00000 1.09283 1.09283
1.78375 0.00000 1.78375 1.78375
-0.74431 0.00000 -0.74431 -0.74431
3.73889 0.00000 3.73889 3.73889
