# avg	std	min	max
1.44400 0.00000 1.44400 1.44400
0.49067 0.00000 0.49067 0.49067
0.87093 0.00000 0.87093 0.87093
-0.44334 0.00000 -0.44334 -0.44334
1.70295 0.00000 1.70295 1.70295
-0.19830 0.00000 -0.19830 -0.19830
0.08640 0.00000 0.08640 0.08640
0.92699 0.00000 0.92699 0.92699
3.54953 0.00000 3.54953 3.54953
0.62700 0.00000 0.62700 0.62700
0.36013 0.00000 0.36013 0.36013
0.82727 0.00000 0.82727 0.82727
0.18280 0.00000 0.18280 0.18280
0.31283 0.00000 0.31283 0.31283
-0.01237 0.00000 -0.01237 -0.01237
0.57427 0.00000 0.57427 0.57427
0.03285 0.00000 0.03285 0.03285
-0.01256 0.00000 -0.01256 -0.01256
0.21368 0.00000 0.21368 0.21368
0.29232 0.00000 0.29232 0.29232
0.22294 0.00000 0.22294 0.22294
0.06387 0.00000 0.06387 0.06387
4.51300 0.00000 4.51300 4.51300
