# avg	std	min	max
0.65074 0.00000 0.65074 0.65074
0.62572 0.00000 0.62572 0.62572
0.22295 0.00000 0.22295 0.22295
-0.48097 0.00000 -0.48097 -0.48097
-0.43325 0.00000 -0.43325 -0.43325
0.00226 0.00000 0.00226 0.00226
-0.06514 0.00000 -0.06514 -0.06514
0.49409 0.00000 0.49409 0.49409
4.00768 0.00000 4.00768 4.00768
1.04375 0.00000 1.04375 1.04375
0.61156 0.00000 0.61156 0.61156
0.83809 0.00000 0.83809 0.83809
0.11765 0.00000 0.11765 0.11765
0.59639 0.00000 0.59639 0.59639
-0.01683 0.00000 -0.01683 -0.01683
0.60079 0.00000 0.60079 0.60079
0.08604 0.00000 0.08604 0.08604
-0.08550 0.00000 -0.08550 -0.08550
0.10314 0.00000 0.10314 0.10314
0.81548 0.00000 0.81548 0.81548
1.02961 0.00000 1.02961 1.02961
-0.20995 0.00000 -0.20995 -0.20995
0.64507 0.00000 0.64507 0.64507
