# avg	std	min	max
0.62792 0.00000 0.62792 0.62792
-0.02758 0.00000 -0.02758 -0.02758
0.23595 0.00000 0.23595 0.23595
-0.49810 0.00000 -0.49810 -0.49810
0.02727 0.00000 0.02727 0.02727
-0.63524 0.00000 -0.63524 -0.63524
-0.72155 0.00000 -0.72155 -0.72155
0.23424 0.00000 0.23424 0.23424
2.67662 0.00000 2.67662 2.67662
-0.28208 0.00000 -0.28208 -0.28208
-0.51773 0.00000 -0.51773 -0.51773
0.27652 0.00000 0.27652 0.27652
-0.42406 0.00000 -0.42406 -0.42406
1.02644 0.00000 1.02644 1.02644
-0.01693 0.00000 -0.01693 -0.01693
1.14941 0.00000 1.14941 1.14941
0.30141 0.00000 0.30141 0.30141
-0.40439 0.00000 -0.40439 -0.40439
-0.53079 0.00000 -0.53079 -0.53079
0.64779 0.00000 0.64779 0.64779
0.56424 0.00000 0.56424 0.56424
-0.99006 0.00000 -0.99006 -0.99006
1.83005 0.00000 1.83005 1.83005
