# avg	std	min	max
1.33756 0.00000 1.33756 1.33756
0.97566 0.00000 0.97566 0.97566
-0.00806 0.00000 -0.00806 -0.00806
-0.61170 0.00000 -0.61170 -0.61170
-0.92229 0.00000 -0.92229 -0.92229
-0.97389 0.00000 -0.97389 -0.97389
-1.26349 0.00000 -1.26349 -1.26349
-0.78271 0.00000 -0.78271 -0.78271
3.84684 0.00000 3.84684 3.84684
1.31736 0.00000 1.31736 1.31736
0.99447 0.00000 0.99447 0.99447
0.38254 0.00000 0.38254 0.38254
-1.16267 0.00000 -1.16267 -1.16267
0.43995 0.00000 0.43995 0.43995
-0.03070 0.00000 -0.03070 -0.03070
0.29941 0.00000 0.29941 0.29941
0.24271 0.00000 0.24271 0.24271
-0.58142 0.00000 -0.58142 -0.58142
-0.10095 0.00000 -0.10095 -0.10095
0.43852 0.00000 0.43852 0.43852
0.36661 0.00000 0.36661 0.36661
-1.14557 0.00000 -1.14557 -1.14557
0.47113 0.00000 0.47113 0.47113
