# avg	std	min	max
-3.07521 0.00000 -3.07521 -3.07521
-1.11452 0.00000 -1.11452 -1.11452
0.61108 0.00000 0.61108 0.61108
0.35833 0.00000 0.35833 0.35833
0.49259 0.00000 0.49259 0.49259
-0.04300 0.00000 -0.04300 -0.04300
-0.05668 0.00000 -0.05668 -0.05668
-1.07736 0.00000 -1.07736 -1.07736
1.76993 0.00000 1.76993 1.76993
-0.99397 0.00000 -0.99397 -0.99397
0.53020 0.00000 0.53020 0.53020
0.19601 0.00000 0.19601 0.19601
0.05301 0.00000 0.05301 0.05301
-0.19931 0.00000 -0.19931 -0.19931
-0.01269 0.00000 -0.01269 -0.01269
-1.84773 0.00000 -1.84773 -1.84773
-1.50668 0.00000 -1.50668 -1.50668
0.04088 0.00000 0.04088 0.04088
0.03372 0.00000 0.03372 0.03372
0.31071 0.00000 0.31071 0.31071
-1.03108 0.00000 -1.03108 -1.03108
0.28941 0.00000 0.28941 0.28941
0.44456 0.00000 0.44456 0.44456
