# avg	std	min	max
1.47872 0.00000 1.47872 1.47872
0.47268 0.00000 0.47268 0.47268
-0.42093 0.00000 -0.42093 -0.42093
-1.21903 0.00000 -1.21903 -1.21903
-0.53522 0.00000 -0.53522 -0.53522
-0.98994 0.00000 -0.98994 -0.98994
1.35285 0.00000 1.35285 1.35285
0.57523 0.00000 0.57523 0.57523
2.29004 0.00000 2.29004 2.29004
0.87856 0.00000 0.87856 0.87856
-0.20875 0.00000 -0.20875 -0.20875
0.26740 0.00000 0.26740 0.26740
0.75861 0.00000 0.75861 0.75861
1.24809 0.00000 1.24809 1.24809
-0.00069 0.00000 -0.00069 -0.00069
1.81618 0.00000 1.81618 1.81618
0.01009 0.00000 0.01009 0.01009
-0.53641 0.00000 -0.53641 -0.53641
-0.01709 0.00000 -0.01709 -0.01709
1.93889 0.00000 1.93889 1.93889
0.52166 0.00000 0.52166 0.52166
1.06565 0.00000 1.06565 1.06565
2.26678 0.00000 2.26678 2.26678
