# avg	std	min	max
0.15341 0.00000 0.15341 0.15341
-0.08324 0.00000 -0.08324 -0.08324
-0.03447 0.00000 -0.03447 -0.03447
-0.06512 0.00000 -0.06512 -0.06512
-0.03275 0.00000 -0.03275 -0.03275
-0.07469 0.00000 -0.07469 -0.07469
-0.11564 0.00000 -0.11564 -0.11564
0.08009 0.00000 0.08009 0.08009
-0.03432 0.00000 -0.03432 -0.03432
0.03239 0.00000 0.03239 0.03239
-0.06955 0.00000 -0.06955 -0.06955
-0.11530 0.00000 -0.11530 -0.11530
-0.06131 0.00000 -0.06131 -0.06131
0.05631 0.00000 0.05631 0.05631
-0.00143 0.00000 -0.00143 -0.00143
-0.19489 0.00000 -0.19489 -0.19489
0.07524 0.00000 0.07524 0.07524
-0.12518 0.00000 -0.12518 -0.12518
-0.06209 0.00000 -0.06209 -0.06209
0.09601 0.00000 0.09601 0.09601
0.61336 0.00000 0.61336 0.61336
-0.68777 0.00000 -0.68777 -0.68777
0.64519 0.00000 0.64519 0.64519
