# avg	std	min	max
1.34798 0.00000 1.34798 1.34798
0.64412 0.00000 0.64412 0.64412
1.30875 0.00000 1.30875 1.30875
0.13496 0.00000 0.13496 0.13496
0.61992 0.00000 0.61992 0.61992
-0.12543 0.00000 -0.12543 -0.12543
0.15000 0.00000 0.15000 0.15000
0.15609 0.00000 0.15609 0.15609
2.10624 0.00000 2.10624 2.10624
-0.28708 0.00000 -0.28708 -0.28708
0.28420 0.00000 0.28420 0.28420
0.08875 0.00000 0.08875 0.08875
0.52737 0.00000 0.52737 0.52737
0.73239 0.00000 0.73239 0.73239
-0.00280 0.00000 -0.00280 -0.00280
1.00511 0.00000 1.00511 1.00511
0.64508 0.00000 0.64508 0.64508
0.30596 0.00000 0.30596 0.30596
0.40747 0.00000 0.40747 0.40747
0.68350 0.00000 0.68350 0.68350
0.91681 0.00000 0.91681 0.91681
0.18248 0.00000 0.18248 0.18248
2.50218 0.00000 2.50218 2.50218
