# avg	std	min	max
1.49328 0.00000 1.49328 1.49328
0.34827 0.00000 0.34827 0.34827
0.97905 0.00000 0.97905 0.97905
-0.28725 0.00000 -0.28725 -0.28725
0.31432 0.00000 0.31432 0.31432
-0.65715 0.00000 -0.65715 -0.65715
-0.07967 0.00000 -0.07967 -0.07967
-0.49539 0.00000 -0.49539 -0.49539
4.72027 0.00000 4.72027 4.72027
0.32698 0.00000 0.32698 0.32698
0.05915 0.00000 0.05915 0.05915
0.60285 0.00000 0.60285 0.60285
-1.01019 0.00000 -1.01019 -1.01019
0.23235 0.00000 0.23235 0.23235
0.00000 0.00000 0.00000 0.00000
0.59130 0.00000 0.59130 0.59130
0.00442 0.00000 0.00442 0.00442
0.09086 0.00000 0.09086 0.09086
0.01484 0.00000 0.01484 0.01484
0.83597 0.00000 0.83597 0.83597
0.79622 0.00000 0.79622 0.79622
-1.48860 0.00000 -1.48860 -1.48860
2.41825 0.00000 2.41825 2.41825
