# avg	std	min	max
1.66112 0.00000 1.66112 1.66112
0.82363 0.00000 0.82363 0.82363
0.35247 0.00000 0.35247 0.35247
-0.01550 0.00000 -0.01550 -0.01550
-0.08494 0.00000 -0.08494 -0.08494
0.02598 0.00000 0.02598 0.02598
0.49307 0.00000 0.49307 0.49307
0.90817 0.00000 0.90817 0.90817
3.74525 0.00000 3.74525 3.74525
0.95672 0.00000 0.95672 0.95672
1.54482 0.00000 1.54482 1.54482
0.47922 0.00000 0.47922 0.47922
0.91081 0.00000 0.91081 0.91081
0.05782 0.00000 0.05782 0.05782
-0.01279 0.00000 -0.01279 -0.01279
2.26406 0.00000 2.26406 2.26406
1.14726 0.00000 1.14726 1.14726
0.10467 0.00000 0.10467 0.10467
-0.16179 0.00000 -0.16179 -0.16179
1.36256 0.00000 1.36256 1.36256
2.07726 0.00000 2.07726 2.07726
0.12151 0.00000 0.12151 0.12151
2.26831 0.00000 2.26831 2.26831
