# avg	std	min	max
1.52192 0.00000 1.52192 1.52192
0.29676 0.00000 0.29676 0.29676
0.20448 0.00000 0.20448 0.20448
-1.11589 0.00000 -1.11589 -1.11589
-0.30384 0.00000 -0.30384 -0.30384
-1.15648 0.00000 -1.15648 -1.15648
-1.06425 0.00000 -1.06425 -1.06425
-0.96442 0.00000 -0.96442 -0.96442
2.86681 0.00000 2.86681 2.86681
1.54428 0.00000 1.54428 1.54428
0.95771 0.00000 0.95771 0.95771
0.79186 0.00000 0.79186 0.79186
-0.90119 0.00000 -0.90119 -0.90119
0.27007 0.00000 0.27007 0.27007
-0.00107 0.00000 -0.00107 -0.00107
0.94866 0.00000 0.94866 0.94866
-0.04642 0.00000 -0.04642 -0.04642
-0.66811 0.00000 -0.66811 -0.66811
-0.47707 0.00000 -0.47707 -0.47707
-0.00903 0.00000 -0.00903 -0.00903
1.31142 0.00000 1.31142 1.31142
-0.80396 0.00000 -0.80396 -0.80396
0.90086 0.00000 0.90086 0.90086
