# avg	std	min	max
1.46219 0.00000 1.46219 1.46219
0.17368 0.00000 0.17368 0.17368
1.26496 0.00000 1.26496 1.26496
-0.65371 0.00000 -0.65371 -0.65371
1.55132 0.00000 1.55132 1.55132
-0.51635 0.00000 -0.51635 -0.51635
12.20392 0.00000 12.20392 12.20392
10.82528 0.00000 10.82528 10.82528
6.34325 0.00000 6.34325 6.34325
1.03069 0.00000 1.03069 1.03069
1.55550 0.00000 1.55550 1.55550
0.63555 0.00000 0.63555 0.63555
18.89268 0.00000 18.89268 18.89268
0.42212 0.00000 0.42212 0.42212
0.92795 0.00000 0.92795 0.92795
2.84397 0.00000 2.84397 2.84397
2.19620 0.00000 2.19620 2.19620
0.08993 0.00000 0.08993 0.08993
-0.04383 0.00000 -0.04383 -0.04383
6.51282 0.00000 6.51282 6.51282
6.86646 0.00000 6.86646 6.86646
21.89248 0.00000 21.89248 21.89248
10.45802 0.00000 10.45802 10.45802
