# avg	std	min	max
4.97799 0.00000 4.97799 4.97799
3.07761 0.00000 3.07761 3.07761
3.84157 0.00000 3.84157 3.84157
2.21299 0.00000 2.21299 2.21299
4.79058 0.00000 4.79058 4.79058
1.33696 0.00000 1.33696 1.33696
5.94115 0.00000 5.94115 5.94115
9.75028 0.00000 9.75028 9.75028
10.53068 0.00000 10.53068 10.53068
3.80076 0.00000 3.80076 3.80076
4.67172 0.00000 4.67172 4.67172
3.58764 0.00000 3.58764 3.58764
4.64246 0.00000 4.64246 4.64246
5.56001 0.00000 5.56001 5.56001
4.17960 0.00000 4.17960 4.17960
6.79309 0.00000 6.79309 6.79309
5.74878 0.00000 5.74878 5.74878
3.18026 0.00000 3.18026 3.18026
-0.01296 0.00000 -0.01296 -0.01296
6.33969 0.00000 6.33969 6.33969
9.39332 0.00000 9.39332 9.39332
9.33320 0.00000 9.33320 9.33320
13.84612 0.00000 13.84612 13.84612
