# avg	std	min	max
1.97454 0.00000 1.97454 1.97454
1.07824 0.00000 1.07824 1.07824
0.98284 0.00000 0.98284 0.98284
1.09568 0.00000 1.09568 1.09568
1.47868 0.00000 1.47868 1.47868
1.14096 0.00000 1.14096 1.14096
0.42588 0.00000 0.42588 0.42588
1.00266 0.00000 1.00266 1.00266
-0.46413 0.00000 -0.46413 -0.46413
1.45753 0.00000 1.45753 1.45753
0.62906 0.00000 0.62906 0.62906
1.14994 0.00000 1.14994 1.14994
0.46729 0.00000 0.46729 0.46729
0.37879 0.00000 0.37879 0.37879
1.80206 0.00000 1.80206 1.80206
-0.76665 0.00000 -0.76665 -0.76665
0.87381 0.00000 0.87381 0.87381
1.39345 0.00000 1.39345 1.39345
-0.01048 0.00000 -0.01048 -0.01048
1.63478 0.00000 1.63478 1.63478
1.01836 0.00000 1.01836 1.01836
0.92237 0.00000 0.92237 0.92237
2.11974 0.00000 2.11974 2.11974
