# avg	std	min	max
2.00663 0.00000 2.00663 2.00663
0.97407 0.00000 0.97407 0.97407
0.94578 0.00000 0.94578 0.94578
0.23515 0.00000 0.23515 0.23515
0.72883 0.00000 0.72883 0.72883
0.01496 0.00000 0.01496 0.01496
0.36914 0.00000 0.36914 0.36914
0.23618 0.00000 0.23618 0.23618
2.54170 0.00000 2.54170 2.54170
1.13793 0.00000 1.13793 1.13793
1.05859 0.00000 1.05859 1.05859
1.07829 0.00000 1.07829 1.07829
0.60401 0.00000 0.60401 0.60401
-0.00124 0.00000 -0.00124 -0.00124
0.31931 0.00000 0.31931 0.31931
1.43676 0.00000 1.43676 1.43676
0.91355 0.00000 0.91355 0.91355
0.04429 0.00000 0.04429 0.04429
-0.04345 0.00000 -0.04345 -0.04345
1.19907 0.00000 1.19907 1.19907
1.61829 0.00000 1.61829 1.61829
0.71005 0.00000 0.71005 0.71005
2.37751 0.00000 2.37751 2.37751
