# avg	std	min	max
0.87953 0.00000 0.87953 0.87953
0.24704 0.00000 0.24704 0.24704
1.03334 0.00000 1.03334 1.03334
-1.23937 0.00000 -1.23937 -1.23937
0.44522 0.00000 0.44522 0.44522
-0.68528 0.00000 -0.68528 -0.68528
0.41673 0.00000 0.41673 0.41673
0.25906 0.00000 0.25906 0.25906
4.58855 0.00000 4.58855 4.58855
-0.01979 0.00000 -0.01979 -0.01979
1.00994 0.00000 1.00994 1.00994
-0.38674 0.00000 -0.38674 -0.38674
-0.56160 0.00000 -0.56160 -0.56160
-0.21599 0.00000 -0.21599 -0.21599
0.68115 0.00000 0.68115 0.68115
1.19499 0.00000 1.19499 1.19499
0.84480 0.00000 0.84480 0.84480
-0.26444 0.00000 -0.26444 -0.26444
-0.00577 0.00000 -0.00577 -0.00577
0.77217 0.00000 0.77217 0.77217
2.95454 0.00000 2.95454 2.95454
4.43839 0.00000 4.43839 4.43839
2.31759 0.00000 2.31759 2.31759
