# avg	std	min	max
-0.45243 0.00000 -0.45243 -0.45243
0.31210 0.00000 0.31210 0.31210
-0.67890 0.00000 -0.67890 -0.67890
-0.71577 0.00000 -0.71577 -0.71577
-0.43972 0.00000 -0.43972 -0.43972
-0.71923 0.00000 -0.71923 -0.71923
2.87852 0.00000 2.87852 2.87852
4.56156 0.00000 4.56156 4.56156
4.41613 0.00000 4.41613 4.41613
0.60649 0.00000 0.60649 0.60649
0.24417 0.00000 0.24417 0.24417
0.21634 0.00000 0.21634 0.21634
2.35479 0.00000 2.35479 2.35479
1.12327 0.00000 1.12327 1.12327
0.14559 0.00000 0.14559 0.14559
4.46692 0.00000 4.46692 4.46692
2.42666 0.00000 2.42666 2.42666
0.12131 0.00000 0.12131 0.12131
-0.09040 0.00000 -0.09040 -0.09040
1.55452 0.00000 1.55452 1.55452
4.66942 0.00000 4.66942 4.66942
9.89762 0.00000 9.89762 9.89762
4.83731 0.00000 4.83731 4.83731
