# avg	std	min	max
-0.33144 0.00000 -0.33144 -0.33144
-0.17271 0.00000 -0.17271 -0.17271
0.19437 0.00000 0.19437 0.19437
-0.33614 0.00000 -0.33614 -0.33614
0.12725 0.00000 0.12725 0.12725
-0.25304 0.00000 -0.25304 -0.25304
0.66240 0.00000 0.66240 0.66240
-0.07586 0.00000 -0.07586 -0.07586
0.03652 0.00000 0.03652 0.03652
-0.20504 0.00000 -0.20504 -0.20504
0.08720 0.00000 0.08720 0.08720
-0.16086 0.00000 -0.16086 -0.16086
0.64775 0.00000 0.64775 0.64775
-0.34284 0.00000 -0.34284 -0.34284
-0.18993 0.00000 -0.18993 -0.18993
-1.11868 0.00000 -1.11868 -1.11868
-0.61053 0.00000 -0.61053 -0.61053
-0.03046 0.00000 -0.03046 -0.03046
-0.04966 0.00000 -0.04966 -0.04966
0.33710 0.00000 0.33710 0.33710
-0.80950 0.00000 -0.80950 -0.80950
0.29474 0.00000 0.29474 0.29474
0.52666 0.00000 0.52666 0.52666
