# avg	std	min	max
0.64392 0.00000 0.64392 0.64392
0.16971 0.00000 0.16971 0.16971
0.57957 0.00000 0.57957 0.57957
-0.02305 0.00000 -0.02305 -0.02305
0.31308 0.00000 0.31308 0.31308
-0.18302 0.00000 -0.18302 -0.18302
-0.09664 0.00000 -0.09664 -0.09664
0.06634 0.00000 0.06634 0.06634
4.49656 0.00000 4.49656 4.49656
0.13128 0.00000 0.13128 0.13128
0.54208 0.00000 0.54208 0.54208
0.48963 0.00000 0.48963 0.48963
-0.01618 0.00000 -0.01618 -0.01618
0.16367 0.00000 0.16367 0.16367
-0.08517 0.00000 -0.08517 -0.08517
0.02327 0.00000 0.02327 0.02327
-0.27356 0.00000 -0.27356 -0.27356
0.15504 0.00000 0.15504 0.15504
-0.00101 0.00000 -0.00101 -0.00101
0.30106 0.00000 0.30106 0.30106
-0.01877 0.00000 -0.01877 -0.01877
-0.40335 0.00000 -0.40335 -0.40335
0.77663 0.00000 0.77663 0.77663
