# avg	std	min	max
0.55039 0.00000 0.55039 0.55039
0.23031 0.00000 0.23031 0.23031
0.28259 0.00000 0.28259 0.28259
0.19283 0.00000 0.19283 0.19283
0.46140 0.00000 0.46140 0.46140
0.27550 0.00000 0.27550 0.27550
0.05916 0.00000 0.05916 0.05916
0.23026 0.00000 0.23026 0.23026
-0.36246 0.00000 -0.36246 -0.36246
0.26250 0.00000 0.26250 0.26250
0.18917 0.00000 0.18917 0.18917
0.33924 0.00000 0.33924 0.33924
0.18115 0.00000 0.18115 0.18115
0.31615 0.00000 0.31615 0.31615
-0.11238 0.00000 -0.11238 -0.11238
0.19748 0.00000 0.19748 0.19748
-0.30965 0.00000 -0.30965 -0.30965
-0.14989 0.00000 -0.14989 -0.14989
-0.00492 0.00000 -0.00492 -0.00492
0.30867 0.00000 0.30867 0.30867
0.32209 0.00000 0.32209 0.32209
0.03128 0.00000 0.03128 0.03128
0.09946 0.00000 0.09946 0.09946
