# avg	std	min	max
2.02126 0.00000 2.02126 2.02126
1.17151 0.00000 1.17151 1.17151
1.64704 0.00000 1.64704 1.64704
-0.15853 0.00000 -0.15853 -0.15853
0.59752 0.00000 0.59752 0.59752
-0.51968 0.00000 -0.51968 -0.51968
1.17119 0.00000 1.17119 1.17119
1.46346 0.00000 1.46346 1.46346
-0.47497 0.00000 -0.47497 -0.47497
1.86309 0.00000 1.86309 1.86309
2.07164 0.00000 2.07164 2.07164
1.52136 0.00000 1.52136 1.52136
1.20245 0.00000 1.20245 1.20245
1.60416 0.00000 1.60416 1.60416
1.08744 0.00000 1.08744 1.08744
1.77262 0.00000 1.77262 1.77262
1.26897 0.00000 1.26897 1.26897
0.62750 0.00000 0.62750 0.62750
-0.01558 0.00000 -0.01558 -0.01558
2.03594 0.00000 2.03594 2.03594
1.80936 0.00000 1.80936 1.80936
1.18736 0.00000 1.18736 1.18736
1.67312 0.00000 1.67312 1.67312
