# avg	std	min	max
1.63924 0.00000 1.63924 1.63924
1.52080 0.00000 1.52080 1.52080
1.88285 0.00000 1.88285 1.88285
1.10437 0.00000 1.10437 1.10437
1.54705 0.00000 1.54705 1.54705
1.27846 0.00000 1.27846 1.27846
1.72416 0.00000 1.72416 1.72416
2.06374 0.00000 2.06374 2.06374
0.32691 0.00000 0.32691 0.32691
1.48746 0.00000 1.48746 1.48746
2.01350 0.00000 2.01350 2.01350
1.60020 0.00000 1.60020 1.60020
1.75117 0.00000 1.75117 1.75117
1.66713 0.00000 1.66713 1.66713
1.14610 0.00000 1.14610 1.14610
1.17778 0.00000 1.17778 1.17778
0.81678 0.00000 0.81678 0.81678
1.29168 0.00000 1.29168 1.29168
-0.00000 0.00000 -0.00000 -0.00000
1.98605 0.00000 1.98605 1.98605
1.45219 0.00000 1.45219 1.45219
1.66260 0.00000 1.66260 1.66260
2.15704 0.00000 2.15704 2.15704
