# avg	std	min	max
1.37052 0.00000 1.37052 1.37052
0.81164 0.00000 0.81164 0.81164
-0.88922 0.00000 -0.88922 -0.88922
-1.13256 0.00000 -1.13256 -1.13256
-1.21348 0.00000 -1.21348 -1.21348
-0.90848 0.00000 -0.90848 -0.90848
-0.67674 0.00000 -0.67674 -0.67674
-0.26612 0.00000 -0.26612 -0.26612
-0.47849 0.00000 -0.47849 -0.47849
1.68560 0.00000 1.68560 1.68560
0.97757 0.00000 0.97757 0.97757
0.80966 0.00000 0.80966 0.80966
0.28624 0.00000 0.28624 0.28624
1.04306 0.00000 1.04306 1.04306
0.64977 0.00000 0.64977 0.64977
1.43978 0.00000 1.43978 1.43978
0.19115 0.00000 0.19115 0.19115
-0.00780 0.00000 -0.00780 -0.00780
-0.00000 0.00000 -0.00000 -0.00000
0.61876 0.00000 0.61876 0.61876
1.50787 0.00000 1.50787 1.50787
0.16058 0.00000 0.16058 0.16058
2.91154 0.00000 2.91154 2.91154
