# avg	std	min	max
0.86424 0.00000 0.86424 0.86424
0.07787 0.00000 0.07787 0.07787
0.32180 0.00000 0.32180 0.32180
-0.00127 0.00000 -0.00127 -0.00127
-0.04867 0.00000 -0.04867 -0.04867
-0.16014 0.00000 -0.16014 -0.16014
0.58543 0.00000 0.58543 0.58543
2.51790 0.00000 2.51790 2.51790
-0.09931 0.00000 -0.09931 -0.09931
0.76216 0.00000 0.76216 0.76216
0.93830 0.00000 0.93830 0.93830
0.42854 0.00000 0.42854 0.42854
0.65115 0.00000 0.65115 0.65115
0.18015 0.00000 0.18015 0.18015
-0.17213 0.00000 -0.17213 -0.17213
1.79165 0.00000 1.79165 1.79165
0.93373 0.00000 0.93373 0.93373
0.14385 0.00000 0.14385 0.14385
-0.02755 0.00000 -0.02755 -0.02755
2.63350 0.00000 2.63350 2.63350
2.82545 0.00000 2.82545 2.82545
2.81914 0.00000 2.81914 2.81914
2.89235 0.00000 2.89235 2.89235
