# avg	std	min	max
0.19600 0.00000 0.19600 0.19600
2.03105 0.00000 2.03105 2.03105
2.37027 0.00000 2.37027 2.37027
-0.05282 0.00000 -0.05282 -0.05282
1.95344 0.00000 1.95344 1.95344
-0.28817 0.00000 -0.28817 -0.28817
3.73077 0.00000 3.73077 3.73077
3.03863 0.00000 3.03863 3.03863
7.19391 0.00000 7.19391 7.19391
1.06762 0.00000 1.06762 1.06762
2.07834 0.00000 2.07834 2.07834
0.99510 0.00000 0.99510 0.99510
4.51563 0.00000 4.51563 4.51563
1.89773 0.00000 1.89773 1.89773
0.21542 0.00000 0.21542 0.21542
3.25630 0.00000 3.25630 3.25630
0.98496 0.00000 0.98496 0.98496
0.30667 0.00000 0.30667 0.30667
-0.05102 0.00000 -0.05102 -0.05102
2.43660 0.00000 2.43660 2.43660
1.87757 0.00000 1.87757 1.87757
4.47292 0.00000 4.47292 4.47292
3.41826 0.00000 3.41826 3.41826
