# avg	std	min	max
2.76187 0.00000 2.76187 2.76187
0.93743 0.00000 0.93743 0.93743
-0.27627 0.00000 -0.27627 -0.27627
-0.22075 0.00000 -0.22075 -0.22075
-0.96682 0.00000 -0.96682 -0.96682
-0.48966 0.00000 -0.48966 -0.48966
0.14183 0.00000 0.14183 0.14183
0.29020 0.00000 0.29020 0.29020
2.90338 0.00000 2.90338 2.90338
1.38189 0.00000 1.38189 1.38189
1.03024 0.00000 1.03024 1.03024
0.47606 0.00000 0.47606 0.47606
0.49958 0.00000 0.49958 0.49958
0.07701 0.00000 0.07701 0.07701
-0.04104 0.00000 -0.04104 -0.04104
-0.22144 0.00000 -0.22144 -0.22144
-0.13168 0.00000 -0.13168 -0.13168
-0.23165 0.00000 -0.23165 -0.23165
-0.01896 0.00000 -0.01896 -0.01896
-0.02587 0.00000 -0.02587 -0.02587
0.20957 0.00000 0.20957 0.20957
0.35633 0.00000 0.35633 0.35633
2.13520 0.00000 2.13520 2.13520
