# avg	std	min	max
1.39144 0.00000 1.39144 1.39144
0.26735 0.00000 0.26735 0.26735
1.11923 0.00000 1.11923 1.11923
-0.46688 0.00000 -0.46688 -0.46688
0.40591 0.00000 0.40591 0.40591
-0.76540 0.00000 -0.76540 -0.76540
-0.26472 0.00000 -0.26472 -0.26472
-0.85591 0.00000 -0.85591 -0.85591
1.39348 0.00000 1.39348 1.39348
1.43466 0.00000 1.43466 1.43466
3.12170 0.00000 3.12170 3.12170
1.23668 0.00000 1.23668 1.23668
0.00880 0.00000 0.00880 0.00880
1.16819 0.00000 1.16819 1.16819
0.16527 0.00000 0.16527 0.16527
1.46481 0.00000 1.46481 1.46481
0.79385 0.00000 0.79385 0.79385
-0.60856 0.00000 -0.60856 -0.60856
-0.00824 0.00000 -0.00824 -0.00824
0.74299 0.00000 0.74299 0.74299
2.36748 0.00000 2.36748 2.36748
0.31958 0.00000 0.31958 0.31958
3.53555 0.00000 3.53555 3.53555
