# avg	std	min	max
4.74357 0.00000 4.74357 4.74357
3.97401 0.00000 3.97401 3.97401
3.22613 0.00000 3.22613 3.22613
2.68632 0.00000 2.68632 2.68632
2.64491 0.00000 2.64491 2.64491
1.98975 0.00000 1.98975 1.98975
2.50270 0.00000 2.50270 2.50270
1.92698 0.00000 1.92698 1.92698
5.79064 0.00000 5.79064 5.79064
4.11222 0.00000 4.11222 4.11222
3.69592 0.00000 3.69592 3.69592
3.43471 0.00000 3.43471 3.43471
1.93303 0.00000 1.93303 1.93303
3.30235 0.00000 3.30235 3.30235
3.51543 0.00000 3.51543 3.51543
4.81116 0.00000 4.81116 4.81116
4.07267 0.00000 4.07267 4.07267
2.38114 0.00000 2.38114 2.38114
-0.21572 0.00000 -0.21572 -0.21572
1.90944 0.00000 1.90944 1.90944
5.03641 0.00000 5.03641 5.03641
1.48852 0.00000 1.48852 1.48852
5.08466 0.00000 5.08466 5.08466
