# avg	std	min	max
2.01110 0.00000 2.01110 2.01110
1.33147 0.00000 1.33147 1.33147
2.78558 0.00000 2.78558 2.78558
0.79549 0.00000 0.79549 0.79549
2.48713 0.00000 2.48713 2.48713
0.29265 0.00000 0.29265 0.29265
0.15232 0.00000 0.15232 0.15232
0.40146 0.00000 0.40146 0.40146
8.22859 0.00000 8.22859 8.22859
1.85077 0.00000 1.85077 1.85077
3.10741 0.00000 3.10741 3.10741
1.98431 0.00000 1.98431 1.98431
0.55055 0.00000 0.55055 0.55055
1.96347 0.00000 1.96347 1.96347
0.97448 0.00000 0.97448 0.97448
2.59334 0.00000 2.59334 2.59334
1.96549 0.00000 1.96549 1.96549
0.72432 0.00000 0.72432 0.72432
-0.06648 0.00000 -0.06648 -0.06648
1.64746 0.00000 1.64746 1.64746
2.84929 0.00000 2.84929 2.84929
1.27835 0.00000 1.27835 1.27835
4.70399 0.00000 4.70399 4.70399
