# avg	std	min	max
-0.36799 0.00000 -0.36799 -0.36799
-1.14292 0.00000 -1.14292 -1.14292
-0.16791 0.00000 -0.16791 -0.16791
-1.72257 0.00000 -1.72257 -1.72257
-0.81357 0.00000 -0.81357 -0.81357
-0.95691 0.00000 -0.95691 -0.95691
-1.09261 0.00000 -1.09261 -1.09261
-0.90029 0.00000 -0.90029 -0.90029
-0.83480 0.00000 -0.83480 -0.83480
-0.00925 0.00000 -0.00925 -0.00925
-0.17737 0.00000 -0.17737 -0.17737
-1.02134 0.00000 -1.02134 -1.02134
-1.47551 0.00000 -1.47551 -1.47551
-0.13132 0.00000 -0.13132 -0.13132
-0.07855 0.00000 -0.07855 -0.07855
0.36055 0.00000 0.36055 0.36055
-0.31381 0.00000 -0.31381 -0.31381
-0.63397 0.00000 -0.63397 -0.63397
-0.26678 0.00000 -0.26678 -0.26678
-0.10434 0.00000 -0.10434 -0.10434
0.33402 0.00000 0.33402 0.33402
-1.32054 0.00000 -1.32054 -1.32054
1.14306 0.00000 1.14306 1.14306
