# avg	std	min	max
0.82652 0.00000 0.82652 0.82652
-0.33651 0.00000 -0.33651 -0.33651
-0.34246 0.00000 -0.34246 -0.34246
-1.50741 0.00000 -1.50741 -1.50741
-1.07371 0.00000 -1.07371 -1.07371
-1.85645 0.00000 -1.85645 -1.85645
-1.26431 0.00000 -1.26431 -1.26431
-1.02522 0.00000 -1.02522 -1.02522
3.61174 0.00000 3.61174 3.61174
0.00011 0.00000 0.00011 0.00011
0.37312 0.00000 0.37312 0.37312
0.21853 0.00000 0.21853 0.21853
-0.81931 0.00000 -0.81931 -0.81931
-0.61233 0.00000 -0.61233 -0.61233
-0.78404 0.00000 -0.78404 -0.78404
0.26203 0.00000 0.26203 0.26203
-0.26820 0.00000 -0.26820 -0.26820
-0.70271 0.00000 -0.70271 -0.70271
-0.68818 0.00000 -0.68818 -0.68818
-0.86871 0.00000 -0.86871 -0.86871
0.76138 0.00000 0.76138 0.76138
-1.25833 0.00000 -1.25833 -1.25833
1.48406 0.00000 1.48406 1.48406
