# avg	std	min	max
-0.35773 0.00000 -0.35773 -0.35773
-0.01998 0.00000 -0.01998 -0.01998
0.52457 0.00000 0.52457 0.52457
-0.20528 0.00000 -0.20528 -0.20528
0.22617 0.00000 0.22617 0.22617
-1.01383 0.00000 -1.01383 -1.01383
-0.22443 0.00000 -0.22443 -0.22443
-0.04181 0.00000 -0.04181 -0.04181
3.22636 0.00000 3.22636 3.22636
-0.00775 0.00000 -0.00775 -0.00775
0.32904 0.00000 0.32904 0.32904
-0.69234 0.00000 -0.69234 -0.69234
-0.14206 0.00000 -0.14206 -0.14206
-0.04508 0.00000 -0.04508 -0.04508
0.07314 0.00000 0.07314 0.07314
0.47544 0.00000 0.47544 0.47544
0.41227 0.00000 0.41227 0.41227
-0.92776 0.00000 -0.92776 -0.92776
-0.37282 0.00000 -0.37282 -0.37282
-0.43856 0.00000 -0.43856 -0.43856
0.70606 0.00000 0.70606 0.70606
-0.00274 0.00000 -0.00274 -0.00274
2.05248 0.00000 2.05248 2.05248
