# avg	std	min	max
0.63604 0.00000 0.63604 0.63604
0.70172 0.00000 0.70172 0.70172
0.81084 0.00000 0.81084 0.81084
0.59941 0.00000 0.59941 0.59941
0.69869 0.00000 0.69869 0.69869
-0.06617 0.00000 -0.06617 -0.06617
0.40333 0.00000 0.40333 0.40333
0.76667 0.00000 0.76667 0.76667
0.53972 0.00000 0.53972 0.53972
-0.00004 0.00000 -0.00004 -0.00004
0.79121 0.00000 0.79121 0.79121
0.69454 0.00000 0.69454 0.69454
0.58022 0.00000 0.58022 0.58022
0.29994 0.00000 0.29994 0.29994
0.61508 0.00000 0.61508 0.61508
0.01663 0.00000 0.01663 0.01663
0.38347 0.00000 0.38347 0.38347
0.10203 0.00000 0.10203 0.10203
0.52914 0.00000 0.52914 0.52914
0.81260 0.00000 0.81260 0.81260
0.29504 0.00000 0.29504 0.29504
0.49009 0.00000 0.49009 0.49009
1.07663 0.00000 1.07663 1.07663
