# avg	std	min	max
-1.22323 0.00000 -1.22323 -1.22323
0.61707 0.00000 0.61707 0.61707
1.00699 0.00000 1.00699 1.00699
0.33730 0.00000 0.33730 0.33730
0.60047 0.00000 0.60047 0.60047
-0.02804 0.00000 -0.02804 -0.02804
-0.39068 0.00000 -0.39068 -0.39068
0.24697 0.00000 0.24697 0.24697
-0.14233 0.00000 -0.14233 -0.14233
0.00224 0.00000 0.00224 0.00224
0.44530 0.00000 0.44530 0.44530
0.63015 0.00000 0.63015 0.63015
0.51048 0.00000 0.51048 0.51048
-0.53494 0.00000 -0.53494 -0.53494
0.27060 0.00000 0.27060 0.27060
0.82604 0.00000 0.82604 0.82604
0.13337 0.00000 0.13337 0.13337
0.38895 0.00000 0.38895 0.38895
0.29057 0.00000 0.29057 0.29057
0.66645 0.00000 0.66645 0.66645
0.95163 0.00000 0.95163 0.95163
0.51503 0.00000 0.51503 0.51503
1.46706 0.00000 1.46706 1.46706
