# avg	std	min	max
0.68054 0.00000 0.68054 0.68054
0.28502 0.00000 0.28502 0.28502
-0.70445 0.00000 -0.70445 -0.70445
-1.92594 0.00000 -1.92594 -1.92594
-0.20609 0.00000 -0.20609 -0.20609
-1.60512 0.00000 -1.60512 -1.60512
-0.25933 0.00000 -0.25933 -0.25933
1.35113 0.00000 1.35113 1.35113
3.09680 0.00000 3.09680 3.09680
-0.01209 0.00000 -0.01209 -0.01209
0.00485 0.00000 0.00485 0.00485
0.00160 0.00000 0.00160 0.00160
-0.37042 0.00000 -0.37042 -0.37042
0.54588 0.00000 0.54588 0.54588
0.19412 0.00000 0.19412 0.19412
2.49774 0.00000 2.49774 2.49774
1.68120 0.00000 1.68120 1.68120
-0.64292 0.00000 -0.64292 -0.64292
-0.46563 0.00000 -0.46563 -0.46563
1.40283 0.00000 1.40283 1.40283
4.05663 0.00000 4.05663 4.05663
1.40386 0.00000 1.40386 1.40386
3.41555 0.00000 3.41555 3.41555
