# avg	std	min	max
0.27789 0.00000 0.27789 0.27789
-0.79137 0.00000 -0.79137 -0.79137
0.98057 0.00000 0.98057 0.98057
-2.32732 0.00000 -2.32732 -2.32732
2.44044 0.00000 2.44044 2.44044
-1.49124 0.00000 -1.49124 -1.49124
-2.50892 0.00000 -2.50892 -2.50892
-1.53073 0.00000 -1.53073 -1.53073
5.46536 0.00000 5.46536 5.46536
-0.00601 0.00000 -0.00601 -0.00601
1.84355 0.00000 1.84355 1.84355
-0.88766 0.00000 -0.88766 -0.88766
-1.94159 0.00000 -1.94159 -1.94159
-1.32437 0.00000 -1.32437 -1.32437
-0.67227 0.00000 -0.67227 -0.67227
-0.37531 0.00000 -0.37531 -0.37531
0.26132 0.00000 0.26132 0.26132
-1.06868 0.00000 -1.06868 -1.06868
-0.79315 0.00000 -0.79315 -0.79315
-1.09056 0.00000 -1.09056 -1.09056
1.05475 0.00000 1.05475 1.05475
-1.42040 0.00000 -1.42040 -1.42040
6.22515 0.00000 6.22515 6.22515
