# avg	std	min	max
0.98899 0.00000 0.98899 0.98899
1.14292 0.00000 1.14292 1.14292
2.46539 0.00000 2.46539 2.46539
2.54496 0.00000 2.54496 2.54496
2.62006 0.00000 2.62006 2.62006
1.61094 0.00000 1.61094 1.61094
1.67480 0.00000 1.67480 1.67480
1.57732 0.00000 1.57732 1.57732
3.97734 0.00000 3.97734 3.97734
-0.00010 0.00000 -0.00010 -0.00010
0.60850 0.00000 0.60850 0.60850
1.68793 0.00000 1.68793 1.68793
1.87726 0.00000 1.87726 1.87726
0.55801 0.00000 0.55801 0.55801
2.12821 0.00000 2.12821 2.12821
-1.83481 0.00000 -1.83481 -1.83481
-0.19995 0.00000 -0.19995 -0.19995
1.49042 0.00000 1.49042 1.49042
1.43188 0.00000 1.43188 1.43188
0.97491 0.00000 0.97491 0.97491
0.48084 0.00000 0.48084 0.48084
0.89337 0.00000 0.89337 0.89337
1.60008 0.00000 1.60008 1.60008
