# avg	std	min	max
1.17348 0.00000 1.17348 1.17348
0.35520 0.00000 0.35520 0.35520
2.13674 0.00000 2.13674 2.13674
0.53154 0.00000 0.53154 0.53154
1.54339 0.00000 1.54339 1.54339
0.25909 0.00000 0.25909 0.25909
-0.24099 0.00000 -0.24099 -0.24099
0.72404 0.00000 0.72404 0.72404
-0.22594 0.00000 -0.22594 -0.22594
-0.00398 0.00000 -0.00398 -0.00398
0.01578 0.00000 0.01578 0.01578
0.70452 0.00000 0.70452 0.70452
0.22119 0.00000 0.22119 0.22119
0.98645 0.00000 0.98645 0.98645
0.91605 0.00000 0.91605 0.91605
2.24665 0.00000 2.24665 2.24665
1.57697 0.00000 1.57697 1.57697
0.65298 0.00000 0.65298 0.65298
0.72947 0.00000 0.72947 0.72947
1.50910 0.00000 1.50910 1.50910
2.80471 0.00000 2.80471 2.80471
0.23898 0.00000 0.23898 0.23898
5.90685 0.00000 5.90685 5.90685
