# avg	std	min	max
0.20674 0.00000 0.20674 0.20674
0.30997 0.00000 0.30997 0.30997
0.59858 0.00000 0.59858 0.59858
0.63905 0.00000 0.63905 0.63905
0.48557 0.00000 0.48557 0.48557
0.25832 0.00000 0.25832 0.25832
0.03583 0.00000 0.03583 0.03583
-0.10131 0.00000 -0.10131 -0.10131
2.18466 0.00000 2.18466 2.18466
-0.00345 0.00000 -0.00345 -0.00345
0.26430 0.00000 0.26430 0.26430
0.27729 0.00000 0.27729 0.27729
0.13507 0.00000 0.13507 0.13507
0.37787 0.00000 0.37787 0.37787
0.36303 0.00000 0.36303 0.36303
1.07530 0.00000 1.07530 1.07530
1.07121 0.00000 1.07121 1.07121
0.41697 0.00000 0.41697 0.41697
0.48496 0.00000 0.48496 0.48496
1.01322 0.00000 1.01322 1.01322
1.58669 0.00000 1.58669 1.58669
-0.19617 0.00000 -0.19617 -0.19617
2.07535 0.00000 2.07535 2.07535
