# avg	std	min	max
-3.01827 0.00000 -3.01827 -3.01827
0.16430 0.00000 0.16430 0.16430
1.12082 0.00000 1.12082 1.12082
-0.02117 0.00000 -0.02117 -0.02117
0.99296 0.00000 0.99296 0.99296
-0.74295 0.00000 -0.74295 -0.74295
-0.04280 0.00000 -0.04280 -0.04280
0.51318 0.00000 0.51318 0.51318
3.27962 0.00000 3.27962 3.27962
0.00080 0.00000 0.00080 0.00080
0.24646 0.00000 0.24646 0.24646
0.13383 0.00000 0.13383 0.13383
0.36020 0.00000 0.36020 0.36020
0.08277 0.00000 0.08277 0.08277
-0.18372 0.00000 -0.18372 -0.18372
-0.58895 0.00000 -0.58895 -0.58895
0.12977 0.00000 0.12977 0.12977
-0.12257 0.00000 -0.12257 -0.12257
-0.37630 0.00000 -0.37630 -0.37630
-0.16141 0.00000 -0.16141 -0.16141
0.04668 0.00000 0.04668 0.04668
0.32132 0.00000 0.32132 0.32132
1.09947 0.00000 1.09947 1.09947
