# avg	std	min	max
-1.55640 0.00000 -1.55640 -1.55640
-0.26643 0.00000 -0.26643 -0.26643
0.15888 0.00000 0.15888 0.15888
-0.35718 0.00000 -0.35718 -0.35718
0.18066 0.00000 0.18066 0.18066
-0.03831 0.00000 -0.03831 -0.03831
-0.09678 0.00000 -0.09678 -0.09678
-0.11938 0.00000 -0.11938 -0.11938
1.40857 0.00000 1.40857 1.40857
-0.03023 0.00000 -0.03023 -0.03023
0.32752 0.00000 0.32752 0.32752
0.00485 0.00000 0.00485 0.00485
-0.13709 0.00000 -0.13709 -0.13709
0.17419 0.00000 0.17419 0.17419
-0.40928 0.00000 -0.40928 -0.40928
-0.24377 0.00000 -0.24377 -0.24377
-0.18931 0.00000 -0.18931 -0.18931
-0.49229 0.00000 -0.49229 -0.49229
-0.65141 0.00000 -0.65141 -0.65141
0.12137 0.00000 0.12137 0.12137
-0.17641 0.00000 -0.17641 -0.17641
-0.83535 0.00000 -0.83535 -0.83535
1.17266 0.00000 1.17266 1.17266
