# avg	std	min	max
0.24915 0.00000 0.24915 0.24915
0.62789 0.00000 0.62789 0.62789
1.10807 0.00000 1.10807 1.10807
-0.14782 0.00000 -0.14782 -0.14782
0.80962 0.00000 0.80962 0.80962
0.00291 0.00000 0.00291 0.00291
0.35884 0.00000 0.35884 0.35884
0.95918 0.00000 0.95918 0.95918
1.40942 0.00000 1.40942 1.40942
0.07252 0.00000 0.07252 0.07252
0.96301 0.00000 0.96301 0.96301
0.94446 0.00000 0.94446 0.94446
0.62986 0.00000 0.62986 0.62986
0.12062 0.00000 0.12062 0.12062
-0.10650 0.00000 -0.10650 -0.10650
0.49208 0.00000 0.49208 0.49208
0.45738 0.00000 0.45738 0.45738
-0.07532 0.00000 -0.07532 -0.07532
-0.61105 0.00000 -0.61105 -0.61105
1.19427 0.00000 1.19427 1.19427
0.42330 0.00000 0.42330 0.42330
1.52580 0.00000 1.52580 1.52580
1.28928 0.00000 1.28928 1.28928
