# avg	std	min	max
1.46078 0.00000 1.46078 1.46078
0.46449 0.00000 0.46449 0.46449
0.74631 0.00000 0.74631 0.74631
-0.23146 0.00000 -0.23146 -0.23146
0.11108 0.00000 0.11108 0.11108
0.44669 0.00000 0.44669 0.44669
0.40353 0.00000 0.40353 0.40353
1.20618 0.00000 1.20618 1.20618
3.27351 0.00000 3.27351 3.27351
0.00000 0.00000 0.00000 0.00000
0.78072 0.00000 0.78072 0.78072
0.45592 0.00000 0.45592 0.45592
0.19205 0.00000 0.19205 0.19205
0.37829 0.00000 0.37829 0.37829
-0.11943 0.00000 -0.11943 -0.11943
0.80183 0.00000 0.80183 0.80183
-0.06996 0.00000 -0.06996 -0.06996
-0.32904 0.00000 -0.32904 -0.32904
-0.41691 0.00000 -0.41691 -0.41691
0.63282 0.00000 0.63282 0.63282
-0.00113 0.00000 -0.00113 -0.00113
-0.64993 0.00000 -0.64993 -0.64993
1.75675 0.00000 1.75675 1.75675
