# avg	std	min	max
1.05956 0.00000 1.05956 1.05956
-0.35265 0.00000 -0.35265 -0.35265
-2.15053 0.00000 -2.15053 -2.15053
-1.77778 0.00000 -1.77778 -1.77778
-1.69320 0.00000 -1.69320 -1.69320
-2.09462 0.00000 -2.09462 -2.09462
-0.83188 0.00000 -0.83188 -0.83188
1.79583 0.00000 1.79583 1.79583
4.36387 0.00000 4.36387 4.36387
-0.00073 0.00000 -0.00073 -0.00073
-0.93525 0.00000 -0.93525 -0.93525
-0.77671 0.00000 -0.77671 -0.77671
-0.67855 0.00000 -0.67855 -0.67855
-0.35183 0.00000 -0.35183 -0.35183
-0.74479 0.00000 -0.74479 -0.74479
0.30723 0.00000 0.30723 0.30723
-0.53957 0.00000 -0.53957 -0.53957
-1.10599 0.00000 -1.10599 -1.10599
-1.54638 0.00000 -1.54638 -1.54638
0.68598 0.00000 0.68598 0.68598
2.33547 0.00000 2.33547 2.33547
2.97993 0.00000 2.97993 2.97993
3.21227 0.00000 3.21227 3.21227
