# avg	std	min	max
-0.32982 0.00000 -0.32982 -0.32982
0.08960 0.00000 0.08960 0.08960
0.08950 0.00000 0.08950 0.08950
-0.36291 0.00000 -0.36291 -0.36291
-0.29142 0.00000 -0.29142 -0.29142
-0.55238 0.00000 -0.55238 -0.55238
-0.48116 0.00000 -0.48116 -0.48116
-0.74474 0.00000 -0.74474 -0.74474
0.98532 0.00000 0.98532 0.98532
-0.00145 0.00000 -0.00145 -0.00145
-0.05654 0.00000 -0.05654 -0.05654
-0.11255 0.00000 -0.11255 -0.11255
-0.93604 0.00000 -0.93604 -0.93604
-0.48942 0.00000 -0.48942 -0.48942
-0.69998 0.00000 -0.69998 -0.69998
0.05886 0.00000 0.05886 0.05886
0.09093 0.00000 0.09093 0.09093
-0.61930 0.00000 -0.61930 -0.61930
-0.90766 0.00000 -0.90766 -0.90766
-0.67718 0.00000 -0.67718 -0.67718
0.67051 0.00000 0.67051 0.67051
0.42674 0.00000 0.42674 0.42674
1.17674 0.00000 1.17674 1.17674
