# avg	std	min	max
0.98278 0.00000 0.98278 0.98278
-0.56080 0.00000 -0.56080 -0.56080
0.98730 0.00000 0.98730 0.98730
1.98959 0.00000 1.98959 1.98959
2.82552 0.00000 2.82552 2.82552
1.51759 0.00000 1.51759 1.51759
19.24994 0.00000 19.24994 19.24994
18.54264 0.00000 18.54264 18.54264
1.24384 0.00000 1.24384 1.24384
-0.00464 0.00000 -0.00464 -0.00464
1.19700 0.00000 1.19700 1.19700
-0.65514 0.00000 -0.65514 -0.65514
11.99813 0.00000 11.99813 11.99813
2.21732 0.00000 2.21732 2.21732
2.72348 0.00000 2.72348 2.72348
1.59356 0.00000 1.59356 1.59356
2.38367 0.00000 2.38367 2.38367
6.31657 0.00000 6.31657 6.31657
8.08425 0.00000 8.08425 8.08425
10.88658 0.00000 10.88658 10.88658
11.65022 0.00000 11.65022 11.65022
16.71192 0.00000 16.71192 16.71192
12.49568 0.00000 12.49568 12.49568
