# avg	std	min	max
-0.02723 0.00000 -0.02723 -0.02723
-0.93973 0.00000 -0.93973 -0.93973
-0.94801 0.00000 -0.94801 -0.94801
-2.25542 0.00000 -2.25542 -2.25542
-1.90000 0.00000 -1.90000 -1.90000
-2.24128 0.00000 -2.24128 -2.24128
-1.64824 0.00000 -1.64824 -1.64824
-0.79076 0.00000 -0.79076 -0.79076
-2.15672 0.00000 -2.15672 -2.15672
0.00099 0.00000 0.00099 0.00099
-0.34341 0.00000 -0.34341 -0.34341
-0.28677 0.00000 -0.28677 -0.28677
-0.21810 0.00000 -0.21810 -0.21810
0.33948 0.00000 0.33948 0.33948
-1.24207 0.00000 -1.24207 -1.24207
-0.14301 0.00000 -0.14301 -0.14301
-1.48925 0.00000 -1.48925 -1.48925
-1.12371 0.00000 -1.12371 -1.12371
-0.37102 0.00000 -0.37102 -0.37102
0.35451 0.00000 0.35451 0.35451
0.04479 0.00000 0.04479 0.04479
-0.80276 0.00000 -0.80276 -0.80276
-0.84302 0.00000 -0.84302 -0.84302
