# avg	std	min	max
0.04471 0.00000 0.04471 0.04471
-1.19378 0.00000 -1.19378 -1.19378
-0.22971 0.00000 -0.22971 -0.22971
-2.06877 0.00000 -2.06877 -2.06877
-0.95890 0.00000 -0.95890 -0.95890
-2.28979 0.00000 -2.28979 -2.28979
-1.51814 0.00000 -1.51814 -1.51814
-1.90196 0.00000 -1.90196 -1.90196
5.73460 0.00000 5.73460 5.73460
-0.00029 0.00000 -0.00029 -0.00029
-0.10337 0.00000 -0.10337 -0.10337
-0.33106 0.00000 -0.33106 -0.33106
-1.94055 0.00000 -1.94055 -1.94055
-0.89406 0.00000 -0.89406 -0.89406
-2.08191 0.00000 -2.08191 -2.08191
-0.66386 0.00000 -0.66386 -0.66386
-1.85206 0.00000 -1.85206 -1.85206
-1.85150 0.00000 -1.85150 -1.85150
-1.61316 0.00000 -1.61316 -1.61316
-0.96141 0.00000 -0.96141 -0.96141
-0.91127 0.00000 -0.91127 -0.91127
-1.94470 0.00000 -1.94470 -1.94470
1.51564 0.00000 1.51564 1.51564
