# avg	std	min	max
1.41485 0.00000 1.41485 1.41485
0.21308 0.00000 0.21308 0.21308
0.26816 0.00000 0.26816 0.26816
-1.54791 0.00000 -1.54791 -1.54791
0.02555 0.00000 0.02555 0.02555
-0.69407 0.00000 -0.69407 -0.69407
3.74242 0.00000 3.74242 3.74242
8.32691 0.00000 8.32691 8.32691
1.20491 0.00000 1.20491 1.20491
-0.00003 0.00000 -0.00003 -0.00003
-1.23817 0.00000 -1.23817 -1.23817
-0.10736 0.00000 -0.10736 -0.10736
2.52733 0.00000 2.52733 2.52733
0.77075 0.00000 0.77075 0.77075
-0.12492 0.00000 -0.12492 -0.12492
2.29847 0.00000 2.29847 2.29847
1.14752 0.00000 1.14752 1.14752
-0.43747 0.00000 -0.43747 -0.43747
-0.83775 0.00000 -0.83775 -0.83775
8.88453 0.00000 8.88453 8.88453
3.79061 0.00000 3.79061 3.79061
7.16130 0.00000 7.16130 7.16130
3.99234 0.00000 3.99234 3.99234
