# avg	std	min	max
0.08883 0.00000 0.08883 0.08883
-0.01638 0.00000 -0.01638 -0.01638
-0.09208 0.00000 -0.09208 -0.09208
-1.10419 0.00000 -1.10419 -1.10419
-0.42045 0.00000 -0.42045 -0.42045
-1.09185 0.00000 -1.09185 -1.09185
-1.04804 0.00000 -1.04804 -1.04804
-0.37782 0.00000 -0.37782 -0.37782
2.79889 0.00000 2.79889 2.79889
-0.00213 0.00000 -0.00213 -0.00213
0.29918 0.00000 0.29918 0.29918
-0.18881 0.00000 -0.18881 -0.18881
-0.99869 0.00000 -0.99869 -0.99869
0.03792 0.00000 0.03792 0.03792
-0.40869 0.00000 -0.40869 -0.40869
0.02627 0.00000 0.02627 0.02627
0.02466 0.00000 0.02466 0.02466
-1.31507 0.00000 -1.31507 -1.31507
-0.87665 0.00000 -0.87665 -0.87665
-0.04319 0.00000 -0.04319 -0.04319
0.52844 0.00000 0.52844 0.52844
-0.96508 0.00000 -0.96508 -0.96508
0.74083 0.00000 0.74083 0.74083
