# avg	std	min	max
0.28653 0.00000 0.28653 0.28653
-0.67154 0.00000 -0.67154 -0.67154
-0.66161 0.00000 -0.66161 -0.66161
-2.16182 0.00000 -2.16182 -2.16182
-1.40717 0.00000 -1.40717 -1.40717
-2.25325 0.00000 -2.25325 -2.25325
-1.58779 0.00000 -1.58779 -1.58779
-1.28653 0.00000 -1.28653 -1.28653
3.69893 0.00000 3.69893 3.69893
-0.11368 0.00000 -0.11368 -0.11368
0.00802 0.00000 0.00802 0.00802
-0.38574 0.00000 -0.38574 -0.38574
-1.04262 0.00000 -1.04262 -1.04262
-0.56609 0.00000 -0.56609 -0.56609
-0.91600 0.00000 -0.91600 -0.91600
0.30359 0.00000 0.30359 0.30359
-0.78767 0.00000 -0.78767 -0.78767
-1.47158 0.00000 -1.47158 -1.47158
-1.18977 0.00000 -1.18977 -1.18977
-0.25946 0.00000 -0.25946 -0.25946
0.12552 0.00000 0.12552 0.12552
-0.69150 0.00000 -0.69150 -0.69150
1.31656 0.00000 1.31656 1.31656
