# avg	std	min	max
2.25686 0.00000 2.25686 2.25686
0.48774 0.00000 0.48774 0.48774
0.47060 0.00000 0.47060 0.47060
3.27977 0.00000 3.27977 3.27977
4.12177 0.00000 4.12177 4.12177
3.00528 0.00000 3.00528 3.00528
15.29282 0.00000 15.29282 15.29282
29.48150 0.00000 29.48150 29.48150
2.45502 0.00000 2.45502 2.45502
0.95283 0.00000 0.95283 0.95283
-0.00054 0.00000 -0.00054 -0.00054
-0.45572 0.00000 -0.45572 -0.45572
19.48210 0.00000 19.48210 19.48210
4.39624 0.00000 4.39624 4.39624
3.18134 0.00000 3.18134 3.18134
5.54460 0.00000 5.54460 5.54460
6.72877 0.00000 6.72877 6.72877
6.56910 0.00000 6.56910 6.56910
13.05996 0.00000 13.05996 13.05996
10.47291 0.00000 10.47291 10.47291
12.40094 0.00000 12.40094 12.40094
34.49328 0.00000 34.49328 34.49328
15.86890 0.00000 15.86890 15.86890
