# avg	std	min	max
1.08343 0.00000 1.08343 1.08343
-0.41867 0.00000 -0.41867 -0.41867
-1.97262 0.00000 -1.97262 -1.97262
-2.16124 0.00000 -2.16124 -2.16124
-1.62386 0.00000 -1.62386 -1.62386
-1.42633 0.00000 -1.42633 -1.42633
-1.66430 0.00000 -1.66430 -1.66430
-1.05164 0.00000 -1.05164 -1.05164
2.58558 0.00000 2.58558 2.58558
0.98106 0.00000 0.98106 0.98106
0.01396 0.00000 0.01396 0.01396
-0.96113 0.00000 -0.96113 -0.96113
-1.52721 0.00000 -1.52721 -1.52721
0.41041 0.00000 0.41041 0.41041
0.67496 0.00000 0.67496 0.67496
1.06877 0.00000 1.06877 1.06877
0.44647 0.00000 0.44647 0.44647
-0.86667 0.00000 -0.86667 -0.86667
-0.07227 0.00000 -0.07227 -0.07227
-1.14045 0.00000 -1.14045 -1.14045
2.25589 0.00000 2.25589 2.25589
-1.50095 0.00000 -1.50095 -1.50095
2.43927 0.00000 2.43927 2.43927
