# avg	std	min	max
0.18036 0.00000 0.18036 0.18036
-0.45499 0.00000 -0.45499 -0.45499
-0.40988 0.00000 -0.40988 -0.40988
-0.97465 0.00000 -0.97465 -0.97465
-0.13084 0.00000 -0.13084 -0.13084
-0.65757 0.00000 -0.65757 -0.65757
-0.23844 0.00000 -0.23844 -0.23844
-0.28474 0.00000 -0.28474 -0.28474
-0.70898 0.00000 -0.70898 -0.70898
-0.04879 0.00000 -0.04879 -0.04879
-0.00026 0.00000 -0.00026 -0.00026
0.54573 0.00000 0.54573 0.54573
-0.52248 0.00000 -0.52248 -0.52248
0.31361 0.00000 0.31361 0.31361
-0.17439 0.00000 -0.17439 -0.17439
1.04123 0.00000 1.04123 1.04123
0.46280 0.00000 0.46280 0.46280
-2.28729 0.00000 -2.28729 -2.28729
-1.36507 0.00000 -1.36507 -1.36507
-0.32473 0.00000 -0.32473 -0.32473
1.11568 0.00000 1.11568 1.11568
-0.22020 0.00000 -0.22020 -0.22020
1.39795 0.00000 1.39795 1.39795
