# avg	std	min	max
1.07112 0.00000 1.07112 1.07112
0.40707 0.00000 0.40707 0.40707
-0.69670 0.00000 -0.69670 -0.69670
-0.75296 0.00000 -0.75296 -0.75296
-1.21322 0.00000 -1.21322 -1.21322
-0.90292 0.00000 -0.90292 -0.90292
-1.05339 0.00000 -1.05339 -1.05339
-1.04510 0.00000 -1.04510 -1.04510
2.68842 0.00000 2.68842 2.68842
0.56853 0.00000 0.56853 0.56853
-0.00006 0.00000 -0.00006 -0.00006
0.13624 0.00000 0.13624 0.13624
-1.04752 0.00000 -1.04752 -1.04752
0.06255 0.00000 0.06255 0.06255
-0.47196 0.00000 -0.47196 -0.47196
0.36490 0.00000 0.36490 0.36490
-0.55443 0.00000 -0.55443 -0.55443
-0.86366 0.00000 -0.86366 -0.86366
-0.77885 0.00000 -0.77885 -0.77885
-0.21129 0.00000 -0.21129 -0.21129
-0.70252 0.00000 -0.70252 -0.70252
-0.55104 0.00000 -0.55104 -0.55104
-0.67222 0.00000 -0.67222 -0.67222
