# avg	std	min	max
0.89275 0.00000 0.89275 0.89275
0.25537 0.00000 0.25537 0.25537
-0.40083 0.00000 -0.40083 -0.40083
-0.66553 0.00000 -0.66553 -0.66553
-0.42470 0.00000 -0.42470 -0.42470
-1.28599 0.00000 -1.28599 -1.28599
-0.87381 0.00000 -0.87381 -0.87381
-0.47594 0.00000 -0.47594 -0.47594
2.81294 0.00000 2.81294 2.81294
0.59048 0.00000 0.59048 0.59048
0.03143 0.00000 0.03143 0.03143
0.08824 0.00000 0.08824 0.08824
-0.69141 0.00000 -0.69141 -0.69141
0.46198 0.00000 0.46198 0.46198
0.30713 0.00000 0.30713 0.30713
1.40686 0.00000 1.40686 1.40686
0.38204 0.00000 0.38204 0.38204
-0.48666 0.00000 -0.48666 -0.48666
-0.34403 0.00000 -0.34403 -0.34403
0.38356 0.00000 0.38356 0.38356
0.86856 0.00000 0.86856 0.86856
-0.99010 0.00000 -0.99010 -0.99010
1.06618 0.00000 1.06618 1.06618
