# avg	std	min	max
1.97986 0.00000 1.97986 1.97986
1.13988 0.00000 1.13988 1.13988
-0.50421 0.00000 -0.50421 -0.50421
-1.29998 0.00000 -1.29998 -1.29998
-1.17189 0.00000 -1.17189 -1.17189
-0.91980 0.00000 -0.91980 -0.91980
-0.06602 0.00000 -0.06602 -0.06602
0.55000 0.00000 0.55000 0.55000
1.26240 0.00000 1.26240 1.26240
1.65030 0.00000 1.65030 1.65030
-0.00058 0.00000 -0.00058 -0.00058
1.04260 0.00000 1.04260 1.04260
0.03484 0.00000 0.03484 0.03484
0.91521 0.00000 0.91521 0.91521
0.20505 0.00000 0.20505 0.20505
2.51734 0.00000 2.51734 2.51734
1.27523 0.00000 1.27523 1.27523
-0.17278 0.00000 -0.17278 -0.17278
0.50701 0.00000 0.50701 0.50701
1.41346 0.00000 1.41346 1.41346
3.43032 0.00000 3.43032 3.43032
0.75716 0.00000 0.75716 0.75716
3.17219 0.00000 3.17219 3.17219
