# avg	std	min	max
0.93879 0.00000 0.93879 0.93879
-0.20234 0.00000 -0.20234 -0.20234
-0.13181 0.00000 -0.13181 -0.13181
-0.17621 0.00000 -0.17621 -0.17621
-0.63050 0.00000 -0.63050 -0.63050
-1.43646 0.00000 -1.43646 -1.43646
-0.15369 0.00000 -0.15369 -0.15369
-0.12763 0.00000 -0.12763 -0.12763
-1.38542 0.00000 -1.38542 -1.38542
0.12229 0.00000 0.12229 0.12229
0.00210 0.00000 0.00210 0.00210
-0.01036 0.00000 -0.01036 -0.01036
0.01656 0.00000 0.01656 0.01656
0.16023 0.00000 0.16023 0.16023
0.25042 0.00000 0.25042 0.25042
-0.72879 0.00000 -0.72879 -0.72879
-0.74132 0.00000 -0.74132 -0.74132
0.33677 0.00000 0.33677 0.33677
0.77264 0.00000 0.77264 0.77264
0.31871 0.00000 0.31871 0.31871
0.04433 0.00000 0.04433 0.04433
-0.37521 0.00000 -0.37521 -0.37521
0.14491 0.00000 0.14491 0.14491
