# avg	std	min	max
1.43765 0.00000 1.43765 1.43765
-0.00398 0.00000 -0.00398 -0.00398
-1.33891 0.00000 -1.33891 -1.33891
-2.59847 0.00000 -2.59847 -2.59847
-2.25073 0.00000 -2.25073 -2.25073
-1.85340 0.00000 -1.85340 -1.85340
-1.32812 0.00000 -1.32812 -1.32812
-2.58375 0.00000 -2.58375 -2.58375
-0.61290 0.00000 -0.61290 -0.61290
0.65020 0.00000 0.65020 0.65020
-0.00106 0.00000 -0.00106 -0.00106
-0.31094 0.00000 -0.31094 -0.31094
-1.87726 0.00000 -1.87726 -1.87726
0.33158 0.00000 0.33158 0.33158
-0.09800 0.00000 -0.09800 -0.09800
1.39935 0.00000 1.39935 1.39935
0.07818 0.00000 0.07818 0.07818
-2.33640 0.00000 -2.33640 -2.33640
-1.52811 0.00000 -1.52811 -1.52811
-1.39574 0.00000 -1.39574 -1.39574
2.71201 0.00000 2.71201 2.71201
0.56005 0.00000 0.56005 0.56005
2.63899 0.00000 2.63899 2.63899
