# avg	std	min	max
-0.64448 0.00000 -0.64448 -0.64448
0.38002 0.00000 0.38002 0.38002
0.34142 0.00000 0.34142 0.34142
0.36419 0.00000 0.36419 0.36419
0.04596 0.00000 0.04596 0.04596
-0.28464 0.00000 -0.28464 -0.28464
-0.10489 0.00000 -0.10489 -0.10489
0.37415 0.00000 0.37415 0.37415
0.50575 0.00000 0.50575 0.50575
-0.11727 0.00000 -0.11727 -0.11727
0.04774 0.00000 0.04774 0.04774
0.14543 0.00000 0.14543 0.14543
0.03384 0.00000 0.03384 0.03384
-0.84915 0.00000 -0.84915 -0.84915
-0.39800 0.00000 -0.39800 -0.39800
-0.89226 0.00000 -0.89226 -0.89226
0.21687 0.00000 0.21687 0.21687
0.09933 0.00000 0.09933 0.09933
-0.03302 0.00000 -0.03302 -0.03302
0.55065 0.00000 0.55065 0.55065
0.12009 0.00000 0.12009 0.12009
0.54241 0.00000 0.54241 0.54241
1.02474 0.00000 1.02474 1.02474
