# avg	std	min	max
-1.01230 0.00000 -1.01230 -1.01230
-0.24697 0.00000 -0.24697 -0.24697
-1.97908 0.00000 -1.97908 -1.97908
-2.35138 0.00000 -2.35138 -2.35138
-2.62406 0.00000 -2.62406 -2.62406
-2.32436 0.00000 -2.32436 -2.32436
1.79454 0.00000 1.79454 1.79454
1.72119 0.00000 1.72119 1.72119
-1.91400 0.00000 -1.91400 -1.91400
-0.78407 0.00000 -0.78407 -0.78407
-0.00016 0.00000 -0.00016 -0.00016
-0.51527 0.00000 -0.51527 -0.51527
4.24592 0.00000 4.24592 4.24592
0.17141 0.00000 0.17141 0.17141
-1.59689 0.00000 -1.59689 -1.59689
-0.79504 0.00000 -0.79504 -0.79504
-0.08041 0.00000 -0.08041 -0.08041
-0.11320 0.00000 -0.11320 -0.11320
0.61361 0.00000 0.61361 0.61361
1.28497 0.00000 1.28497 1.28497
-0.35558 0.00000 -0.35558 -0.35558
5.85863 0.00000 5.85863 5.85863
0.22730 0.00000 0.22730 0.22730
