# avg	std	min	max
1.26943 0.00000 1.26943 1.26943
0.07653 0.00000 0.07653 0.07653
-1.00916 0.00000 -1.00916 -1.00916
-1.49042 0.00000 -1.49042 -1.49042
-1.77047 0.00000 -1.77047 -1.77047
-2.31477 0.00000 -2.31477 -2.31477
-0.79444 0.00000 -0.79444 -0.79444
-1.09334 0.00000 -1.09334 -1.09334
5.09348 0.00000 5.09348 5.09348
0.51745 0.00000 0.51745 0.51745
-0.00422 0.00000 -0.00422 -0.00422
-0.10088 0.00000 -0.10088 -0.10088
-0.49750 0.00000 -0.49750 -0.49750
0.52230 0.00000 0.52230 0.52230
-1.11160 0.00000 -1.11160 -1.11160
0.73047 0.00000 0.73047 0.73047
-0.37549 0.00000 -0.37549 -0.37549
-0.80719 0.00000 -0.80719 -0.80719
-0.48851 0.00000 -0.48851 -0.48851
0.33913 0.00000 0.33913 0.33913
0.77101 0.00000 0.77101 0.77101
-0.63886 0.00000 -0.63886 -0.63886
0.21622 0.00000 0.21622 0.21622
