# avg	std	min	max
-0.19693 0.00000 -0.19693 -0.19693
-0.08093 0.00000 -0.08093 -0.08093
0.54624 0.00000 0.54624 0.54624
-0.92905 0.00000 -0.92905 -0.92905
0.28813 0.00000 0.28813 0.28813
-0.72668 0.00000 -0.72668 -0.72668
-1.31826 0.00000 -1.31826 -1.31826
-0.67472 0.00000 -0.67472 -0.67472
0.32061 0.00000 0.32061 0.32061
0.15203 0.00000 0.15203 0.15203
-0.00009 0.00000 -0.00009 -0.00009
-0.19070 0.00000 -0.19070 -0.19070
-1.02923 0.00000 -1.02923 -1.02923
-0.32280 0.00000 -0.32280 -0.32280
-0.25684 0.00000 -0.25684 -0.25684
-0.17247 0.00000 -0.17247 -0.17247
-0.48430 0.00000 -0.48430 -0.48430
-0.84927 0.00000 -0.84927 -0.84927
-0.62685 0.00000 -0.62685 -0.62685
-0.13122 0.00000 -0.13122 -0.13122
0.24685 0.00000 0.24685 0.24685
-0.82362 0.00000 -0.82362 -0.82362
1.31490 0.00000 1.31490 1.31490
