# avg	std	min	max
-0.52495 0.00000 -0.52495 -0.52495
-0.47187 0.00000 -0.47187 -0.47187
0.13052 0.00000 0.13052 0.13052
-0.60293 0.00000 -0.60293 -0.60293
0.14771 0.00000 0.14771 0.14771
-0.94068 0.00000 -0.94068 -0.94068
-0.93702 0.00000 -0.93702 -0.93702
-0.97177 0.00000 -0.97177 -0.97177
-0.28877 0.00000 -0.28877 -0.28877
-0.46369 0.00000 -0.46369 -0.46369
0.00008 0.00000 0.00008 0.00008
-0.31880 0.00000 -0.31880 -0.31880
-1.78648 0.00000 -1.78648 -1.78648
-0.23791 0.00000 -0.23791 -0.23791
-0.37856 0.00000 -0.37856 -0.37856
-0.54324 0.00000 -0.54324 -0.54324
-0.63259 0.00000 -0.63259 -0.63259
-0.35168 0.00000 -0.35168 -0.35168
-0.34646 0.00000 -0.34646 -0.34646
-0.23458 0.00000 -0.23458 -0.23458
-0.77683 0.00000 -0.77683 -0.77683
-0.73684 0.00000 -0.73684 -0.73684
0.39435 0.00000 0.39435 0.39435
