# avg	std	min	max
1.38595 0.00000 1.38595 1.38595
0.46080 0.00000 0.46080 0.46080
0.50367 0.00000 0.50367 0.50367
-0.90760 0.00000 -0.90760 -0.90760
-0.30456 0.00000 -0.30456 -0.30456
-1.11234 0.00000 -1.11234 -1.11234
0.19925 0.00000 0.19925 0.19925
0.26344 0.00000 0.26344 0.26344
5.08512 0.00000 5.08512 5.08512
0.47444 0.00000 0.47444 0.47444
-0.00046 0.00000 -0.00046 -0.00046
0.77388 0.00000 0.77388 0.77388
0.42352 0.00000 0.42352 0.42352
0.44681 0.00000 0.44681 0.44681
-0.12662 0.00000 -0.12662 -0.12662
1.34241 0.00000 1.34241 1.34241
-0.09598 0.00000 -0.09598 -0.09598
-0.39372 0.00000 -0.39372 -0.39372
-0.27687 0.00000 -0.27687 -0.27687
1.00230 0.00000 1.00230 1.00230
0.74852 0.00000 0.74852 0.74852
0.01108 0.00000 0.01108 0.01108
0.42190 0.00000 0.42190 0.42190
