# avg	std	min	max
0.58866 0.00000 0.58866 0.58866
-0.26220 0.00000 -0.26220 -0.26220
-0.73341 0.00000 -0.73341 -0.73341
-0.86957 0.00000 -0.86957 -0.86957
-1.45807 0.00000 -1.45807 -1.45807
-1.87408 0.00000 -1.87408 -1.87408
-0.63028 0.00000 -0.63028 -0.63028
-0.85766 0.00000 -0.85766 -0.85766
-1.61650 0.00000 -1.61650 -1.61650
0.25852 0.00000 0.25852 0.25852
-0.01080 0.00000 -0.01080 -0.01080
-0.40345 0.00000 -0.40345 -0.40345
-0.54125 0.00000 -0.54125 -0.54125
0.21308 0.00000 0.21308 0.21308
-0.78014 0.00000 -0.78014 -0.78014
-0.37447 0.00000 -0.37447 -0.37447
-1.58371 0.00000 -1.58371 -1.58371
-0.48506 0.00000 -0.48506 -0.48506
-0.62535 0.00000 -0.62535 -0.62535
0.04887 0.00000 0.04887 0.04887
-0.04564 0.00000 -0.04564 -0.04564
-0.95558 0.00000 -0.95558 -0.95558
0.27876 0.00000 0.27876 0.27876
