# avg	std	min	max
0.69361 0.00000 0.69361 0.69361
0.03568 0.00000 0.03568 0.03568
0.29660 0.00000 0.29660 0.29660
-0.46878 0.00000 -0.46878 -0.46878
-0.32513 0.00000 -0.32513 -0.32513
-0.74971 0.00000 -0.74971 -0.74971
-0.14940 0.00000 -0.14940 -0.14940
-0.05948 0.00000 -0.05948 -0.05948
2.58788 0.00000 2.58788 2.58788
-0.02170 0.00000 -0.02170 -0.02170
-0.00087 0.00000 -0.00087 -0.00087
0.09761 0.00000 0.09761 0.09761
-0.10226 0.00000 -0.10226 -0.10226
0.26085 0.00000 0.26085 0.26085
0.07647 0.00000 0.07647 0.07647
0.56574 0.00000 0.56574 0.56574
0.36484 0.00000 0.36484 0.36484
-0.10387 0.00000 -0.10387 -0.10387
-0.26119 0.00000 -0.26119 -0.26119
0.11980 0.00000 0.11980 0.11980
0.65393 0.00000 0.65393 0.65393
-0.40325 0.00000 -0.40325 -0.40325
0.63693 0.00000 0.63693 0.63693
