# avg	std	min	max
3.04343 0.00000 3.04343 3.04343
1.71582 0.00000 1.71582 1.71582
0.00056 0.00000 0.00056 0.00056
-1.56132 0.00000 -1.56132 -1.56132
-0.54379 0.00000 -0.54379 -0.54379
-1.74238 0.00000 -1.74238 -1.74238
10.11882 0.00000 10.11882 10.11882
14.68434 0.00000 14.68434 14.68434
6.83335 0.00000 6.83335 6.83335
1.96694 0.00000 1.96694 1.96694
0.45927 0.00000 0.45927 0.45927
1.85502 0.00000 1.85502 1.85502
15.58852 0.00000 15.58852 15.58852
2.72899 0.00000 2.72899 2.72899
1.45778 0.00000 1.45778 1.45778
3.09501 0.00000 3.09501 3.09501
2.44826 0.00000 2.44826 2.44826
3.58325 0.00000 3.58325 3.58325
3.63409 0.00000 3.63409 3.63409
6.67675 0.00000 6.67675 6.67675
7.03663 0.00000 7.03663 7.03663
23.85206 0.00000 23.85206 23.85206
9.33108 0.00000 9.33108 9.33108
