# avg	std	min	max
2.79472 0.00000 2.79472 2.79472
1.46792 0.00000 1.46792 1.46792
-0.00000 0.00000 -0.00000 -0.00000
0.46081 0.00000 0.46081 0.46081
-1.37842 0.00000 -1.37842 -1.37842
0.43830 0.00000 0.43830 0.43830
7.42154 0.00000 7.42154 7.42154
9.15494 0.00000 9.15494 9.15494
5.13726 0.00000 5.13726 5.13726
3.48213 0.00000 3.48213 3.48213
2.00876 0.00000 2.00876 2.00876
1.70969 0.00000 1.70969 1.70969
12.09761 0.00000 12.09761 12.09761
2.02299 0.00000 2.02299 2.02299
2.28118 0.00000 2.28118 2.28118
1.12039 0.00000 1.12039 1.12039
3.87999 0.00000 3.87999 3.87999
5.21549 0.00000 5.21549 5.21549
5.32419 0.00000 5.32419 5.32419
4.00825 0.00000 4.00825 4.00825
4.88569 0.00000 4.88569 4.88569
8.23393 0.00000 8.23393 8.23393
4.56392 0.00000 4.56392 4.56392
