# avg	std	min	max
2.85552 0.00000 2.85552 2.85552
1.39279 0.00000 1.39279 1.39279
-0.01669 0.00000 -0.01669 -0.01669
-1.05108 0.00000 -1.05108 -1.05108
-0.77865 0.00000 -0.77865 -0.77865
-0.63029 0.00000 -0.63029 -0.63029
0.21243 0.00000 0.21243 0.21243
1.83753 0.00000 1.83753 1.83753
3.50901 0.00000 3.50901 3.50901
1.88280 0.00000 1.88280 1.88280
1.51398 0.00000 1.51398 1.51398
1.73157 0.00000 1.73157 1.73157
0.75311 0.00000 0.75311 0.75311
1.64773 0.00000 1.64773 1.64773
2.34516 0.00000 2.34516 2.34516
2.30902 0.00000 2.30902 2.30902
2.41266 0.00000 2.41266 2.41266
1.75115 0.00000 1.75115 1.75115
2.12912 0.00000 2.12912 2.12912
1.97315 0.00000 1.97315 1.97315
5.57022 0.00000 5.57022 5.57022
10.55131 0.00000 10.55131 10.55131
5.59549 0.00000 5.59549 5.59549
