# avg	std	min	max
2.73882 0.00000 2.73882 2.73882
1.61809 0.00000 1.61809 1.61809
0.00052 0.00000 0.00052 0.00052
-0.10722 0.00000 -0.10722 -0.10722
-0.42917 0.00000 -0.42917 -0.42917
0.06627 0.00000 0.06627 0.06627
0.25344 0.00000 0.25344 0.25344
0.44866 0.00000 0.44866 0.44866
5.75358 0.00000 5.75358 5.75358
1.04144 0.00000 1.04144 1.04144
0.35079 0.00000 0.35079 0.35079
1.70060 0.00000 1.70060 1.70060
0.86167 0.00000 0.86167 0.86167
0.71583 0.00000 0.71583 0.71583
1.20369 0.00000 1.20369 1.20369
1.62888 0.00000 1.62888 1.62888
0.25563 0.00000 0.25563 0.25563
1.06486 0.00000 1.06486 1.06486
1.91754 0.00000 1.91754 1.91754
0.82205 0.00000 0.82205 0.82205
1.86965 0.00000 1.86965 1.86965
1.18571 0.00000 1.18571 1.18571
2.52618 0.00000 2.52618 2.52618
