# avg	std	min	max
3.15366 0.00000 3.15366 3.15366
1.93334 0.00000 1.93334 1.93334
-0.03486 0.00000 -0.03486 -0.03486
-0.30340 0.00000 -0.30340 -0.30340
-0.49310 0.00000 -0.49310 -0.49310
0.80750 0.00000 0.80750 0.80750
0.62970 0.00000 0.62970 0.62970
1.37765 0.00000 1.37765 1.37765
3.41824 0.00000 3.41824 3.41824
1.95536 0.00000 1.95536 1.95536
1.31575 0.00000 1.31575 1.31575
1.08571 0.00000 1.08571 1.08571
1.15965 0.00000 1.15965 1.15965
1.61072 0.00000 1.61072 1.61072
0.94260 0.00000 0.94260 0.94260
2.48701 0.00000 2.48701 2.48701
1.50082 0.00000 1.50082 1.50082
1.02044 0.00000 1.02044 1.02044
1.07415 0.00000 1.07415 1.07415
0.76699 0.00000 0.76699 0.76699
3.09149 0.00000 3.09149 3.09149
1.40274 0.00000 1.40274 1.40274
1.82919 0.00000 1.82919 1.82919
