# avg	std	min	max
1.90002 0.00000 1.90002 1.90002
1.02938 0.00000 1.02938 1.02938
0.00741 0.00000 0.00741 0.00741
-0.18069 0.00000 -0.18069 -0.18069
0.22575 0.00000 0.22575 0.22575
-0.33198 0.00000 -0.33198 -0.33198
-0.22634 0.00000 -0.22634 -0.22634
1.66319 0.00000 1.66319 1.66319
4.40501 0.00000 4.40501 4.40501
1.65546 0.00000 1.65546 1.65546
1.33946 0.00000 1.33946 1.33946
1.43585 0.00000 1.43585 1.43585
0.58192 0.00000 0.58192 0.58192
0.94898 0.00000 0.94898 0.94898
0.82088 0.00000 0.82088 0.82088
2.14276 0.00000 2.14276 2.14276
1.31176 0.00000 1.31176 1.31176
0.99969 0.00000 0.99969 0.99969
0.73464 0.00000 0.73464 0.73464
1.90480 0.00000 1.90480 1.90480
3.30336 0.00000 3.30336 3.30336
1.72418 0.00000 1.72418 1.72418
2.84163 0.00000 2.84163 2.84163
