# avg	std	min	max
0.17365 0.00000 0.17365 0.17365
0.19383 0.00000 0.19383 0.19383
0.00759 0.00000 0.00759 0.00759
-0.00722 0.00000 -0.00722 -0.00722
-0.03794 0.00000 -0.03794 -0.03794
0.06664 0.00000 0.06664 0.06664
-0.41975 0.00000 -0.41975 -0.41975
0.01056 0.00000 0.01056 0.01056
1.65480 0.00000 1.65480 1.65480
-0.12358 0.00000 -0.12358 -0.12358
-0.43137 0.00000 -0.43137 -0.43137
-0.19157 0.00000 -0.19157 -0.19157
-0.17851 0.00000 -0.17851 -0.17851
-0.17876 0.00000 -0.17876 -0.17876
-0.15170 0.00000 -0.15170 -0.15170
-0.10154 0.00000 -0.10154 -0.10154
-0.30563 0.00000 -0.30563 -0.30563
-0.44704 0.00000 -0.44704 -0.44704
-0.64663 0.00000 -0.64663 -0.64663
0.07885 0.00000 0.07885 0.07885
0.36863 0.00000 0.36863 0.36863
-0.27291 0.00000 -0.27291 -0.27291
0.42364 0.00000 0.42364 0.42364
