# avg	std	min	max
2.90103 0.00000 2.90103 2.90103
1.76800 0.00000 1.76800 1.76800
0.00288 0.00000 0.00288 0.00288
-0.68493 0.00000 -0.68493 -0.68493
-0.38014 0.00000 -0.38014 -0.38014
-0.51022 0.00000 -0.51022 -0.51022
0.50588 0.00000 0.50588 0.50588
0.16921 0.00000 0.16921 0.16921
3.35897 0.00000 3.35897 3.35897
2.44728 0.00000 2.44728 2.44728
1.06181 0.00000 1.06181 1.06181
1.25684 0.00000 1.25684 1.25684
-0.45853 0.00000 -0.45853 -0.45853
2.23645 0.00000 2.23645 2.23645
0.90819 0.00000 0.90819 0.90819
3.34134 0.00000 3.34134 3.34134
1.55554 0.00000 1.55554 1.55554
0.05776 0.00000 0.05776 0.05776
0.43903 0.00000 0.43903 0.43903
1.67924 0.00000 1.67924 1.67924
3.01518 0.00000 3.01518 3.01518
2.40670 0.00000 2.40670 2.40670
1.82511 0.00000 1.82511 1.82511
