# avg	std	min	max
4.24668 0.00000 4.24668 4.24668
2.66084 0.00000 2.66084 2.66084
0.00629 0.00000 0.00629 0.00629
0.67659 0.00000 0.67659 0.67659
-0.70399 0.00000 -0.70399 -0.70399
0.50034 0.00000 0.50034 0.50034
3.40647 0.00000 3.40647 3.40647
14.10120 0.00000 14.10120 14.10120
4.84266 0.00000 4.84266 4.84266
2.85029 0.00000 2.85029 2.85029
1.83287 0.00000 1.83287 1.83287
1.77056 0.00000 1.77056 1.77056
4.49409 0.00000 4.49409 4.49409
3.52544 0.00000 3.52544 3.52544
2.97315 0.00000 2.97315 2.97315
5.09676 0.00000 5.09676 5.09676
3.81208 0.00000 3.81208 3.81208
5.33432 0.00000 5.33432 5.33432
6.78818 0.00000 6.78818 6.78818
10.19907 0.00000 10.19907 10.19907
9.18955 0.00000 9.18955 9.18955
29.78978 0.00000 29.78978 29.78978
7.95408 0.00000 7.95408 7.95408
