# avg	std	min	max
4.33632 0.00000 4.33632 4.33632
2.50343 0.00000 2.50343 2.50343
0.00409 0.00000 0.00409 0.00409
0.59319 0.00000 0.59319 0.59319
-0.89909 0.00000 -0.89909 -0.89909
1.07304 0.00000 1.07304 1.07304
8.60033 0.00000 8.60033 8.60033
18.78566 0.00000 18.78566 18.78566
3.06495 0.00000 3.06495 3.06495
3.00155 0.00000 3.00155 3.00155
1.71916 0.00000 1.71916 1.71916
1.89028 0.00000 1.89028 1.89028
12.24986 0.00000 12.24986 12.24986
3.52957 0.00000 3.52957 3.52957
3.83728 0.00000 3.83728 3.83728
4.72272 0.00000 4.72272 4.72272
5.22695 0.00000 5.22695 5.22695
5.83637 0.00000 5.83637 5.83637
7.39123 0.00000 7.39123 7.39123
6.14184 0.00000 6.14184 6.14184
13.10206 0.00000 13.10206 13.10206
36.79632 0.00000 36.79632 36.79632
12.12388 0.00000 12.12388 12.12388
