# avg	std	min	max
2.91340 0.00000 2.91340 2.91340
1.43922 0.00000 1.43922 1.43922
-0.00212 0.00000 -0.00212 -0.00212
-0.02869 0.00000 -0.02869 -0.02869
-0.25603 0.00000 -0.25603 -0.25603
-0.00033 0.00000 -0.00033 -0.00033
0.70116 0.00000 0.70116 0.70116
10.96989 0.00000 10.96989 10.96989
4.51427 0.00000 4.51427 4.51427
2.24888 0.00000 2.24888 2.24888
1.82531 0.00000 1.82531 1.82531
1.58571 0.00000 1.58571 1.58571
1.39193 0.00000 1.39193 1.39193
2.55559 0.00000 2.55559 2.55559
1.62356 0.00000 1.62356 1.62356
3.69681 0.00000 3.69681 3.69681
2.71341 0.00000 2.71341 2.71341
3.05315 0.00000 3.05315 3.05315
3.21182 0.00000 3.21182 3.21182
2.96029 0.00000 2.96029 2.96029
7.66011 0.00000 7.66011 7.66011
4.04652 0.00000 4.04652 4.04652
6.16976 0.00000 6.16976 6.16976
