# avg	std	min	max
2.21515 0.00000 2.21515 2.21515
1.31410 0.00000 1.31410 1.31410
-0.00301 0.00000 -0.00301 -0.00301
-0.16390 0.00000 -0.16390 -0.16390
-0.19520 0.00000 -0.19520 -0.19520
-0.08818 0.00000 -0.08818 -0.08818
0.82004 0.00000 0.82004 0.82004
1.44815 0.00000 1.44815 1.44815
6.10321 0.00000 6.10321 6.10321
1.85920 0.00000 1.85920 1.85920
0.73366 0.00000 0.73366 0.73366
0.87655 0.00000 0.87655 0.87655
0.68415 0.00000 0.68415 0.68415
2.23126 0.00000 2.23126 2.23126
0.78817 0.00000 0.78817 0.78817
2.23376 0.00000 2.23376 2.23376
1.09384 0.00000 1.09384 1.09384
0.63306 0.00000 0.63306 0.63306
0.88424 0.00000 0.88424 0.88424
0.77688 0.00000 0.77688 0.77688
2.89156 0.00000 2.89156 2.89156
-0.18793 0.00000 -0.18793 -0.18793
1.12972 0.00000 1.12972 1.12972
