# avg	std	min	max
3.74041 0.00000 3.74041 3.74041
1.87525 0.00000 1.87525 1.87525
-0.00197 0.00000 -0.00197 -0.00197
3.51374 0.00000 3.51374 3.51374
1.10933 0.00000 1.10933 1.10933
-0.20851 0.00000 -0.20851 -0.20851
1.86415 0.00000 1.86415 1.86415
7.86110 0.00000 7.86110 7.86110
5.79973 0.00000 5.79973 5.79973
2.53768 0.00000 2.53768 2.53768
1.61140 0.00000 1.61140 1.61140
1.33426 0.00000 1.33426 1.33426
3.51899 0.00000 3.51899 3.51899
3.44317 0.00000 3.44317 3.44317
2.36009 0.00000 2.36009 2.36009
3.32195 0.00000 3.32195 3.32195
2.66907 0.00000 2.66907 2.66907
1.40744 0.00000 1.40744 1.40744
3.64143 0.00000 3.64143 3.64143
2.94660 0.00000 2.94660 2.94660
5.94157 0.00000 5.94157 5.94157
10.41513 0.00000 10.41513 10.41513
8.77827 0.00000 8.77827 8.77827
