# avg	std	min	max
3.98672 0.00000 3.98672 3.98672
1.99102 0.00000 1.99102 1.99102
0.00715 0.00000 0.00715 0.00715
0.38374 0.00000 0.38374 0.38374
0.82695 0.00000 0.82695 0.82695
1.35265 0.00000 1.35265 1.35265
6.16166 0.00000 6.16166 6.16166
9.21191 0.00000 9.21191 9.21191
4.89718 0.00000 4.89718 4.89718
3.92266 0.00000 3.92266 3.92266
2.41131 0.00000 2.41131 2.41131
0.98091 0.00000 0.98091 0.98091
7.44424 0.00000 7.44424 7.44424
2.12547 0.00000 2.12547 2.12547
4.28743 0.00000 4.28743 4.28743
4.12692 0.00000 4.12692 4.12692
5.53092 0.00000 5.53092 5.53092
5.89040 0.00000 5.89040 5.89040
7.07615 0.00000 7.07615 7.07615
8.00021 0.00000 8.00021 8.00021
12.35254 0.00000 12.35254 12.35254
8.19220 0.00000 8.19220 8.19220
13.09852 0.00000 13.09852 13.09852
