# avg	std	min	max
4.22861 0.00000 4.22861 4.22861
2.48840 0.00000 2.48840 2.48840
-0.00024 0.00000 -0.00024 -0.00024
1.88544 0.00000 1.88544 1.88544
1.50828 0.00000 1.50828 1.50828
6.30912 0.00000 6.30912 6.30912
8.14024 0.00000 8.14024 8.14024
23.94126 0.00000 23.94126 23.94126
7.91083 0.00000 7.91083 7.91083
3.08576 0.00000 3.08576 3.08576
1.56253 0.00000 1.56253 1.56253
1.60650 0.00000 1.60650 1.60650
10.53092 0.00000 10.53092 10.53092
3.89375 0.00000 3.89375 3.89375
7.20913 0.00000 7.20913 7.20913
4.63720 0.00000 4.63720 4.63720
8.75437 0.00000 8.75437 8.75437
10.08477 0.00000 10.08477 10.08477
18.17782 0.00000 18.17782 18.17782
11.65211 0.00000 11.65211 11.65211
16.28924 0.00000 16.28924 16.28924
33.57504 0.00000 33.57504 33.57504
14.24570 0.00000 14.24570 14.24570
