# avg	std	min	max
1.33922 0.00000 1.33922 1.33922
0.57435 0.00000 0.57435 0.57435
0.00182 0.00000 0.00182 0.00182
-0.04450 0.00000 -0.04450 -0.04450
-0.43420 0.00000 -0.43420 -0.43420
-1.30015 0.00000 -1.30015 -1.30015
-0.88371 0.00000 -0.88371 -0.88371
0.36607 0.00000 0.36607 0.36607
0.42513 0.00000 0.42513 0.42513
1.25298 0.00000 1.25298 1.25298
0.58673 0.00000 0.58673 0.58673
0.78164 0.00000 0.78164 0.78164
-0.34618 0.00000 -0.34618 -0.34618
0.80518 0.00000 0.80518 0.80518
0.33021 0.00000 0.33021 0.33021
1.26821 0.00000 1.26821 1.26821
0.89503 0.00000 0.89503 0.89503
-0.67085 0.00000 -0.67085 -0.67085
-0.41086 0.00000 -0.41086 -0.41086
0.99318 0.00000 0.99318 0.99318
1.21796 0.00000 1.21796 1.21796
0.51446 0.00000 0.51446 0.51446
0.60884 0.00000 0.60884 0.60884
