# avg	std	min	max
4.92995 0.00000 4.92995 4.92995
4.14534 0.00000 4.14534 4.14534
3.06555 0.00000 3.06555 3.06555
1.40945 0.00000 1.40945 1.40945
2.54381 0.00000 2.54381 2.54381
1.66117 0.00000 1.66117 1.66117
0.52545 0.00000 0.52545 0.52545
-0.04430 0.00000 -0.04430 -0.04430
6.14262 0.00000 6.14262 6.14262
4.33035 0.00000 4.33035 4.33035
3.69023 0.00000 3.69023 3.69023
3.70851 0.00000 3.70851 3.70851
0.61062 0.00000 0.61062 0.61062
3.57450 0.00000 3.57450 3.57450
3.53965 0.00000 3.53965 3.53965
6.03208 0.00000 6.03208 6.03208
4.65801 0.00000 4.65801 4.65801
3.71181 0.00000 3.71181 3.71181
3.01138 0.00000 3.01138 3.01138
3.39174 0.00000 3.39174 3.39174
7.37541 0.00000 7.37541 7.37541
3.83794 0.00000 3.83794 3.83794
6.06834 0.00000 6.06834 6.06834
