# avg	std	min	max
-0.15262 0.00000 -0.15262 -0.15262
-0.34423 0.00000 -0.34423 -0.34423
0.42334 0.00000 0.42334 0.42334
-1.40526 0.00000 -1.40526 -1.40526
-0.53112 0.00000 -0.53112 -0.53112
-1.11863 0.00000 -1.11863 -1.11863
0.00917 0.00000 0.00917 0.00917
-0.04172 0.00000 -0.04172 -0.04172
-0.85701 0.00000 -0.85701 -0.85701
0.01261 0.00000 0.01261 0.01261
0.96063 0.00000 0.96063 0.96063
-0.08722 0.00000 -0.08722 -0.08722
0.19859 0.00000 0.19859 0.19859
-0.42780 0.00000 -0.42780 -0.42780
-1.01382 0.00000 -1.01382 -1.01382
0.02754 0.00000 0.02754 0.02754
-0.86773 0.00000 -0.86773 -0.86773
-0.27761 0.00000 -0.27761 -0.27761
-0.09475 0.00000 -0.09475 -0.09475
0.25192 0.00000 0.25192 0.25192
-0.68988 0.00000 -0.68988 -0.68988
-0.78721 0.00000 -0.78721 -0.78721
0.30235 0.00000 0.30235 0.30235
