# avg	std	min	max
2.91367 0.00000 2.91367 2.91367
2.53729 0.00000 2.53729 2.53729
2.01293 0.00000 2.01293 2.01293
1.45112 0.00000 1.45112 1.45112
1.67586 0.00000 1.67586 1.67586
1.41058 0.00000 1.41058 1.41058
3.57944 0.00000 3.57944 3.57944
-0.02797 0.00000 -0.02797 -0.02797
5.19904 0.00000 5.19904 5.19904
2.55122 0.00000 2.55122 2.55122
1.43707 0.00000 1.43707 1.43707
2.30206 0.00000 2.30206 2.30206
4.87467 0.00000 4.87467 4.87467
3.62754 0.00000 3.62754 3.62754
2.86237 0.00000 2.86237 2.86237
4.12596 0.00000 4.12596 4.12596
3.49057 0.00000 3.49057 3.49057
2.24888 0.00000 2.24888 2.24888
3.02187 0.00000 3.02187 3.02187
2.59263 0.00000 2.59263 2.59263
6.26944 0.00000 6.26944 6.26944
10.80519 0.00000 10.80519 10.80519
6.16075 0.00000 6.16075 6.16075
