# avg	std	min	max
3.92659 0.00000 3.92659 3.92659
2.53905 0.00000 2.53905 2.53905
1.89814 0.00000 1.89814 1.89814
2.62182 0.00000 2.62182 2.62182
2.41962 0.00000 2.41962 2.41962
0.72110 0.00000 0.72110 0.72110
-0.00032 0.00000 -0.00032 -0.00032
-0.04512 0.00000 -0.04512 -0.04512
6.65258 0.00000 6.65258 6.65258
3.52760 0.00000 3.52760 3.52760
2.52609 0.00000 2.52609 2.52609
2.64452 0.00000 2.64452 2.64452
0.77506 0.00000 0.77506 0.77506
2.76957 0.00000 2.76957 2.76957
3.61592 0.00000 3.61592 3.61592
3.42430 0.00000 3.42430 3.42430
3.21293 0.00000 3.21293 3.21293
3.11961 0.00000 3.11961 3.11961
4.69412 0.00000 4.69412 4.69412
2.34440 0.00000 2.34440 2.34440
7.78831 0.00000 7.78831 7.78831
3.65381 0.00000 3.65381 3.65381
10.72204 0.00000 10.72204 10.72204
