# avg	std	min	max
4.24604 0.00000 4.24604 4.24604
3.30426 0.00000 3.30426 3.30426
1.69618 0.00000 1.69618 1.69618
1.31951 0.00000 1.31951 1.31951
0.95169 0.00000 0.95169 0.95169
1.03742 0.00000 1.03742 1.03742
0.19804 0.00000 0.19804 0.19804
0.31906 0.00000 0.31906 0.31906
5.87212 0.00000 5.87212 5.87212
4.29701 0.00000 4.29701 4.29701
2.69411 0.00000 2.69411 2.69411
3.02435 0.00000 3.02435 3.02435
0.00994 0.00000 0.00994 0.00994
3.49959 0.00000 3.49959 3.49959
3.11443 0.00000 3.11443 3.11443
4.63413 0.00000 4.63413 4.63413
3.05010 0.00000 3.05010 3.05010
2.14506 0.00000 2.14506 2.14506
2.75965 0.00000 2.75965 2.75965
2.46765 0.00000 2.46765 2.46765
4.63204 0.00000 4.63204 4.63204
1.11112 0.00000 1.11112 1.11112
7.58798 0.00000 7.58798 7.58798
