# avg	std	min	max
5.47580 0.00000 5.47580 5.47580
4.37332 0.00000 4.37332 4.37332
2.38741 0.00000 2.38741 2.38741
3.25312 0.00000 3.25312 3.25312
1.71475 0.00000 1.71475 1.71475
2.80089 0.00000 2.80089 2.80089
1.34743 0.00000 1.34743 1.34743
2.66072 0.00000 2.66072 2.66072
5.20823 0.00000 5.20823 5.20823
5.49518 0.00000 5.49518 5.49518
4.52400 0.00000 4.52400 4.52400
4.27566 0.00000 4.27566 4.27566
-0.01129 0.00000 -0.01129 -0.01129
4.25357 0.00000 4.25357 4.25357
5.33824 0.00000 5.33824 5.33824
5.95632 0.00000 5.95632 5.95632
6.10704 0.00000 6.10704 6.10704
3.91320 0.00000 3.91320 3.91320
5.13245 0.00000 5.13245 5.13245
4.60879 0.00000 4.60879 4.60879
9.33451 0.00000 9.33451 9.33451
9.81022 0.00000 9.81022 9.81022
7.96668 0.00000 7.96668 7.96668
