# avg	std	min	max
3.75805 0.00000 3.75805 3.75805
3.65119 0.00000 3.65119 3.65119
2.47377 0.00000 2.47377 2.47377
0.63834 0.00000 0.63834 0.63834
1.51102 0.00000 1.51102 1.51102
0.07288 0.00000 0.07288 0.07288
0.27039 0.00000 0.27039 0.27039
0.66162 0.00000 0.66162 0.66162
6.00171 0.00000 6.00171 6.00171
3.66672 0.00000 3.66672 3.66672
3.35765 0.00000 3.35765 3.35765
3.52380 0.00000 3.52380 3.52380
-0.00905 0.00000 -0.00905 -0.00905
3.07098 0.00000 3.07098 3.07098
2.96033 0.00000 2.96033 2.96033
4.56020 0.00000 4.56020 4.56020
4.69428 0.00000 4.69428 4.69428
3.82860 0.00000 3.82860 3.82860
3.32011 0.00000 3.32011 3.32011
3.30629 0.00000 3.30629 3.30629
6.88099 0.00000 6.88099 6.88099
5.57539 0.00000 5.57539 5.57539
8.46371 0.00000 8.46371 8.46371
