# avg	std	min	max
4.39419 0.00000 4.39419 4.39419
2.46799 0.00000 2.46799 2.46799
2.56481 0.00000 2.56481 2.56481
0.16756 0.00000 0.16756 0.16756
2.44841 0.00000 2.44841 2.44841
-0.45701 0.00000 -0.45701 -0.45701
-0.62842 0.00000 -0.62842 -0.62842
0.37159 0.00000 0.37159 0.37159
7.03207 0.00000 7.03207 7.03207
3.26186 0.00000 3.26186 3.26186
2.54252 0.00000 2.54252 2.54252
2.23027 0.00000 2.23027 2.23027
0.02090 0.00000 0.02090 0.02090
3.04450 0.00000 3.04450 3.04450
2.09880 0.00000 2.09880 2.09880
3.94429 0.00000 3.94429 3.94429
3.19270 0.00000 3.19270 3.19270
1.66707 0.00000 1.66707 1.66707
1.98415 0.00000 1.98415 1.98415
1.74496 0.00000 1.74496 1.74496
4.35784 0.00000 4.35784 4.35784
1.64733 0.00000 1.64733 1.64733
8.93772 0.00000 8.93772 8.93772
