# avg	std	min	max
2.84768 0.00000 2.84768 2.84768
1.70575 0.00000 1.70575 1.70575
-0.52944 0.00000 -0.52944 -0.52944
1.39784 0.00000 1.39784 1.39784
-0.68817 0.00000 -0.68817 -0.68817
0.07761 0.00000 0.07761 0.07761
0.25113 0.00000 0.25113 0.25113
1.21197 0.00000 1.21197 1.21197
1.91126 0.00000 1.91126 1.91126
2.28199 0.00000 2.28199 2.28199
1.61953 0.00000 1.61953 1.61953
1.66404 0.00000 1.66404 1.66404
-0.01649 0.00000 -0.01649 -0.01649
2.50212 0.00000 2.50212 2.50212
2.17764 0.00000 2.17764 2.17764
3.95596 0.00000 3.95596 3.95596
3.08152 0.00000 3.08152 3.08152
1.38683 0.00000 1.38683 1.38683
1.23180 0.00000 1.23180 1.23180
2.06478 0.00000 2.06478 2.06478
4.65098 0.00000 4.65098 4.65098
-0.27654 0.00000 -0.27654 -0.27654
3.73512 0.00000 3.73512 3.73512
