# avg	std	min	max
3.88101 0.00000 3.88101 3.88101
1.65826 0.00000 1.65826 1.65826
0.83593 0.00000 0.83593 0.83593
-0.33778 0.00000 -0.33778 -0.33778
0.25383 0.00000 0.25383 0.25383
-0.45130 0.00000 -0.45130 -0.45130
0.09518 0.00000 0.09518 0.09518
0.93206 0.00000 0.93206 0.93206
1.89055 0.00000 1.89055 1.89055
2.00352 0.00000 2.00352 2.00352
1.92270 0.00000 1.92270 1.92270
1.18652 0.00000 1.18652 1.18652
-0.05766 0.00000 -0.05766 -0.05766
2.10269 0.00000 2.10269 2.10269
2.15087 0.00000 2.15087 2.15087
2.56617 0.00000 2.56617 2.56617
2.84916 0.00000 2.84916 2.84916
1.31319 0.00000 1.31319 1.31319
1.43011 0.00000 1.43011 1.43011
1.13672 0.00000 1.13672 1.13672
4.53549 0.00000 4.53549 4.53549
1.16657 0.00000 1.16657 1.16657
5.31144 0.00000 5.31144 5.31144
