# avg	std	min	max
1.22220 0.00000 1.22220 1.22220
0.58702 0.00000 0.58702 0.58702
0.88678 0.00000 0.88678 0.88678
0.11623 0.00000 0.11623 0.11623
1.05268 0.00000 1.05268 1.05268
-0.06427 0.00000 -0.06427 -0.06427
-0.69780 0.00000 -0.69780 -0.69780
0.26201 0.00000 0.26201 0.26201
3.21609 0.00000 3.21609 3.21609
1.27395 0.00000 1.27395 1.27395
1.15741 0.00000 1.15741 1.15741
0.53701 0.00000 0.53701 0.53701
-0.03335 0.00000 -0.03335 -0.03335
0.47350 0.00000 0.47350 0.47350
0.48791 0.00000 0.48791 0.48791
1.48923 0.00000 1.48923 1.48923
1.25414 0.00000 1.25414 1.25414
0.12305 0.00000 0.12305 0.12305
0.44660 0.00000 0.44660 0.44660
0.85070 0.00000 0.85070 0.85070
2.08856 0.00000 2.08856 2.08856
1.22250 0.00000 1.22250 1.22250
2.47784 0.00000 2.47784 2.47784
