# avg	std	min	max
0.03222 0.00000 0.03222 0.03222
-0.19677 0.00000 -0.19677 -0.19677
0.14872 0.00000 0.14872 0.14872
-0.01149 0.00000 -0.01149 -0.01149
0.10175 0.00000 0.10175 0.10175
0.17272 0.00000 0.17272 0.17272
-0.06626 0.00000 -0.06626 -0.06626
-0.24326 0.00000 -0.24326 -0.24326
-1.00629 0.00000 -1.00629 -1.00629
-0.04204 0.00000 -0.04204 -0.04204
0.01884 0.00000 0.01884 0.01884
0.10556 0.00000 0.10556 0.10556
-0.01290 0.00000 -0.01290 -0.01290
-0.00318 0.00000 -0.00318 -0.00318
-0.24862 0.00000 -0.24862 -0.24862
-0.29864 0.00000 -0.29864 -0.29864
-0.26830 0.00000 -0.26830 -0.26830
-0.21350 0.00000 -0.21350 -0.21350
-0.39444 0.00000 -0.39444 -0.39444
-0.04688 0.00000 -0.04688 -0.04688
-0.11023 0.00000 -0.11023 -0.11023
-0.87572 0.00000 -0.87572 -0.87572
0.24389 0.00000 0.24389 0.24389
