# avg	std	min	max
2.18170 0.00000 2.18170 2.18170
1.68652 0.00000 1.68652 1.68652
1.47473 0.00000 1.47473 1.47473
0.78408 0.00000 0.78408 0.78408
0.58175 0.00000 0.58175 0.58175
-0.20865 0.00000 -0.20865 -0.20865
-0.55164 0.00000 -0.55164 -0.55164
0.00046 0.00000 0.00046 0.00046
4.65932 0.00000 4.65932 4.65932
2.35174 0.00000 2.35174 2.35174
1.37589 0.00000 1.37589 1.37589
1.50261 0.00000 1.50261 1.50261
-0.00300 0.00000 -0.00300 -0.00300
1.21233 0.00000 1.21233 1.21233
2.04619 0.00000 2.04619 2.04619
2.24187 0.00000 2.24187 2.24187
2.41138 0.00000 2.41138 2.41138
1.51513 0.00000 1.51513 1.51513
1.56053 0.00000 1.56053 1.56053
1.96941 0.00000 1.96941 1.96941
3.40541 0.00000 3.40541 3.40541
3.90074 0.00000 3.90074 3.90074
4.29266 0.00000 4.29266 4.29266
