# avg	std	min	max
3.69308 0.00000 3.69308 3.69308
1.62931 0.00000 1.62931 1.62931
0.31576 0.00000 0.31576 0.31576
-0.09413 0.00000 -0.09413 -0.09413
1.42536 0.00000 1.42536 1.42536
-0.05644 0.00000 -0.05644 -0.05644
-0.46341 0.00000 -0.46341 -0.46341
0.04745 0.00000 0.04745 0.04745
6.67064 0.00000 6.67064 6.67064
3.38768 0.00000 3.38768 3.38768
2.20186 0.00000 2.20186 2.20186
2.38488 0.00000 2.38488 2.38488
-0.01437 0.00000 -0.01437 -0.01437
2.82655 0.00000 2.82655 2.82655
1.70258 0.00000 1.70258 1.70258
3.12956 0.00000 3.12956 3.12956
2.12307 0.00000 2.12307 2.12307
1.22853 0.00000 1.22853 1.22853
1.60063 0.00000 1.60063 1.60063
1.71176 0.00000 1.71176 1.71176
3.93858 0.00000 3.93858 3.93858
-1.66954 0.00000 -1.66954 -1.66954
7.25642 0.00000 7.25642 7.25642
