# avg	std	min	max
3.06772 0.00000 3.06772 3.06772
1.60459 0.00000 1.60459 1.60459
2.36065 0.00000 2.36065 2.36065
0.66883 0.00000 0.66883 0.66883
2.42073 0.00000 2.42073 2.42073
-0.43108 0.00000 -0.43108 -0.43108
-0.89930 0.00000 -0.89930 -0.89930
0.97939 0.00000 0.97939 0.97939
7.57734 0.00000 7.57734 7.57734
3.05925 0.00000 3.05925 3.05925
3.15669 0.00000 3.15669 3.15669
2.34696 0.00000 2.34696 2.34696
-0.01420 0.00000 -0.01420 -0.01420
2.83352 0.00000 2.83352 2.83352
2.11284 0.00000 2.11284 2.11284
3.21676 0.00000 3.21676 3.21676
2.20664 0.00000 2.20664 2.20664
1.61036 0.00000 1.61036 1.61036
1.85881 0.00000 1.85881 1.85881
1.92854 0.00000 1.92854 1.92854
3.70875 0.00000 3.70875 3.70875
0.57251 0.00000 0.57251 0.57251
5.22386 0.00000 5.22386 5.22386
