# avg	std	min	max
0.30895 0.00000 0.30895 0.30895
-0.01721 0.00000 -0.01721 -0.01721
0.25000 0.00000 0.25000 0.25000
-0.24926 0.00000 -0.24926 -0.24926
-0.29948 0.00000 -0.29948 -0.29948
-0.65331 0.00000 -0.65331 -0.65331
-0.38680 0.00000 -0.38680 -0.38680
-0.54919 0.00000 -0.54919 -0.54919
-1.80959 0.00000 -1.80959 -1.80959
0.33105 0.00000 0.33105 0.33105
0.36744 0.00000 0.36744 0.36744
0.27002 0.00000 0.27002 0.27002
-0.00433 0.00000 -0.00433 -0.00433
0.21505 0.00000 0.21505 0.21505
-0.15151 0.00000 -0.15151 -0.15151
0.03595 0.00000 0.03595 0.03595
-0.41190 0.00000 -0.41190 -0.41190
-0.25543 0.00000 -0.25543 -0.25543
-0.39550 0.00000 -0.39550 -0.39550
0.13416 0.00000 0.13416 0.13416
0.22718 0.00000 0.22718 0.22718
-0.67699 0.00000 -0.67699 -0.67699
0.50243 0.00000 0.50243 0.50243
