# avg	std	min	max
-0.23760 0.00000 -0.23760 -0.23760
-0.04999 0.00000 -0.04999 -0.04999
1.16333 0.00000 1.16333 1.16333
1.07470 0.00000 1.07470 1.07470
1.93853 0.00000 1.93853 1.93853
0.49911 0.00000 0.49911 0.49911
0.29336 0.00000 0.29336 0.29336
2.07290 0.00000 2.07290 2.07290
6.63735 0.00000 6.63735 6.63735
0.06970 0.00000 0.06970 0.06970
0.66608 0.00000 0.66608 0.66608
-0.28854 0.00000 -0.28854 -0.28854
0.00270 0.00000 0.00270 0.00270
-0.23401 0.00000 -0.23401 -0.23401
1.05452 0.00000 1.05452 1.05452
1.25538 0.00000 1.25538 1.25538
1.38381 0.00000 1.38381 1.38381
1.05383 0.00000 1.05383 1.05383
1.57692 0.00000 1.57692 1.57692
0.37184 0.00000 0.37184 0.37184
2.19197 0.00000 2.19197 2.19197
0.37729 0.00000 0.37729 0.37729
7.44151 0.00000 7.44151 7.44151
