# avg	std	min	max
4.48413 0.00000 4.48413 4.48413
3.38979 0.00000 3.38979 3.38979
3.52704 0.00000 3.52704 3.52704
1.42114 0.00000 1.42114 1.42114
2.60326 0.00000 2.60326 2.60326
0.88198 0.00000 0.88198 0.88198
0.86638 0.00000 0.86638 0.86638
1.56922 0.00000 1.56922 1.56922
7.10460 0.00000 7.10460 7.10460
4.11780 0.00000 4.11780 4.11780
3.84844 0.00000 3.84844 3.84844
3.92741 0.00000 3.92741 3.92741
-0.02071 0.00000 -0.02071 -0.02071
4.51384 0.00000 4.51384 4.51384
3.85242 0.00000 3.85242 3.85242
5.01152 0.00000 5.01152 5.01152
3.80739 0.00000 3.80739 3.80739
3.10373 0.00000 3.10373 3.10373
3.18249 0.00000 3.18249 3.18249
2.88397 0.00000 2.88397 2.88397
5.48193 0.00000 5.48193 5.48193
0.41961 0.00000 0.41961 0.41961
6.82969 0.00000 6.82969 6.82969
