# avg	std	min	max
4.80892 0.00000 4.80892 4.80892
4.32086 0.00000 4.32086 4.32086
4.68269 0.00000 4.68269 4.68269
3.04144 0.00000 3.04144 3.04144
4.03869 0.00000 4.03869 4.03869
3.06224 0.00000 3.06224 3.06224
2.07553 0.00000 2.07553 2.07553
5.00042 0.00000 5.00042 5.00042
3.39175 0.00000 3.39175 3.39175
4.40850 0.00000 4.40850 4.40850
4.84031 0.00000 4.84031 4.84031
4.85314 0.00000 4.85314 4.85314
-0.01432 0.00000 -0.01432 -0.01432
4.45046 0.00000 4.45046 4.45046
4.02979 0.00000 4.02979 4.02979
4.13958 0.00000 4.13958 4.13958
3.84641 0.00000 3.84641 3.84641
3.95987 0.00000 3.95987 3.95987
4.34704 0.00000 4.34704 4.34704
3.39120 0.00000 3.39120 3.39120
4.42237 0.00000 4.42237 4.42237
4.37339 0.00000 4.37339 4.37339
4.20614 0.00000 4.20614 4.20614
