	# avg	std	min	max
G	0.60470 0.00000 0.60470 0.60470
A	-0.36555 0.00000 -0.36555 -0.36555
V	1.71665 0.00000 1.71665 1.71665
L	0.51025 0.00000 0.51025 0.51025
I	2.64407 0.00000 2.64407 2.64407
M	0.32984 0.00000 0.32984 0.32984
F	5.97642 0.00000 5.97642 5.97642
W	10.72245 0.00000 10.72245 10.72245
P	0.99514 0.00000 0.99514 0.99514
S	0.61875 0.00000 0.61875 0.61875
T	0.54350 0.00000 0.54350 0.54350
C	-0.01243 0.00000 -0.01243 -0.01243
Y	6.10882 0.00000 6.10882 6.10882
N	1.49519 0.00000 1.49519 1.49519
Q	4.90068 0.00000 4.90068 4.90068
D	3.73344 0.00000 3.73344 3.73344
E	4.76592 0.00000 4.76592 4.76592
K	5.72297 0.00000 5.72297 5.72297
R	8.49177 0.00000 8.49177 8.49177
H	7.26740 0.00000 7.26740 7.26740
s	11.45838 0.00000 11.45838 11.45838
y	16.85572 0.00000 16.85572 16.85572
p	17.17982 0.00000 17.17982 17.17982
	
