	# avg	std	min	max
G	5.60708 0.00000 5.60708 5.60708
A	3.86777 0.00000 3.86777 3.86777
V	1.83468 0.00000 1.83468 1.83468
L	-0.00873 0.00000 -0.00873 -0.00873
I	0.70130 0.00000 0.70130 0.70130
M	0.62256 0.00000 0.62256 0.62256
F	3.25061 0.00000 3.25061 3.25061
W	11.89830 0.00000 11.89830 11.89830
P	5.46098 0.00000 5.46098 5.46098
S	4.41519 0.00000 4.41519 4.41519
T	2.99704 0.00000 2.99704 2.99704
C	3.73961 0.00000 3.73961 3.73961
Y	9.95087 0.00000 9.95087 9.95087
N	4.12116 0.00000 4.12116 4.12116
Q	3.65041 0.00000 3.65041 3.65041
D	5.13453 0.00000 5.13453 5.13453
E	4.38182 0.00000 4.38182 4.38182
K	4.56197 0.00000 4.56197 4.56197
R	7.96937 0.00000 7.96937 7.96937
H	4.73652 0.00000 4.73652 4.73652
s	7.17289 0.00000 7.17289 7.17289
y	22.33574 0.00000 22.33574 22.33574
p	7.82899 0.00000 7.82899 7.82899
	
